Month Day Year Hour Minute Second Time_s x y z Current CurrentError 1Axis 1AxisError Bx BxError By ByError Bz BzError
08 07 2014 13 24 44 11 1.00000000E+2 0.00000000E+0 0.00000000E+0 1.11678770E+6 0.00000000E+0 8.27312469E-2 3.83842611E-2 7.08961487E-1 2.67613012E-3 2.78073549E-1 2.04776987E-3 1.49977207E-1 3.12919754E-3
08 07 2014 13 24 49 16 1.00000000E+2 0.00000000E+0 5.00000000E+1 1.11679220E+6 0.00000000E+0 1.32143497E-1 3.68977102E-2 5.95265627E-1 2.74480590E-3 2.19035149E-1 1.81425829E-3 5.04016876E-2 3.08361918E-3
08 07 2014 13 24 53 20 1.00000000E+2 0.00000000E+0 1.00000000E+2 1.11679670E+6 0.00000000E+0 1.93893909E-1 2.58678954E-2 5.08135557E-1 2.23404663E-3 2.02935934E-1 1.94242614E-3 1.18184090E-1 3.85281846E-3
08 07 2014 13 24 58 25 1.00000000E+2 0.00000000E+0 1.50000000E+2 1.11680120E+6 0.00000000E+0 1.87695026E-1 3.38115679E-2 6.40040636E-1 2.43062512E-3 2.44766474E-1 2.41097502E-3 2.77602673E-1 3.13354468E-3
08 07 2014 13 25 02 29 1.00000000E+2 0.00000000E+0 2.00000000E+2 1.11680570E+6 0.00000000E+0 1.89363956E-1 3.55494035E-2 6.79105520E-1 2.16998652E-3 2.65103579E-1 1.99373094E-3 2.01541185E-1 3.27275239E-3
08 07 2014 13 25 07 34 1.00000000E+2 0.00000000E+0 2.50000000E+2 1.11681030E+6 0.00000000E+0 1.86324120E-1 2.99515252E-2 5.50341606E-1 2.33614352E-3 2.13295221E-1 1.62987573E-3 1.38580799E-1 2.67973306E-3
08 07 2014 13 25 11 39 1.00000000E+2 0.00000000E+0 3.00000000E+2 1.11681480E+6 0.00000000E+0 1.78962946E-1 3.37844959E-2 4.59633768E-1 2.91570708E-3 2.03639269E-1 1.90063128E-3 2.64495611E-1 3.59833064E-3
08 07 2014 13 25 16 43 1.00000000E+2 0.00000000E+0 3.50000000E+2 1.11681930E+6 0.00000000E+0 1.59204006E-1 4.09688637E-2 5.74135780E-1 2.35692552E-3 2.64084339E-1 2.71731679E-3 4.92483377E-1 2.65206300E-3
08 07 2014 13 25 20 48 1.00000000E+2 0.00000000E+0 4.00000000E+2 1.11682380E+6 0.00000000E+0 1.52736902E-1 2.81625902E-2 6.23770058E-1 1.76331387E-3 2.96220183E-1 1.70369219E-3 5.10290265E-1 3.64940765E-3
08 07 2014 13 25 25 52 1.00000000E+2 0.00000000E+0 4.50000000E+2 1.11682830E+6 0.00000000E+0 1.77562237E-1 3.37274040E-2 4.93985415E-1 1.86783357E-3 2.57778168E-1 2.03168150E-3 5.46425581E-1 3.81506488E-3
08 07 2014 13 25 29 57 1.00000000E+2 0.00000000E+0 5.00000000E+2 1.11683280E+6 0.00000000E+0 1.51842833E-1 3.28114411E-2 3.73065472E-1 2.68860337E-3 2.64048576E-1 1.83855613E-3 7.92317092E-1 3.78977281E-3
08 07 2014 13 25 34 61 1.00000000E+2 0.00000000E+0 5.50000000E+2 1.11683740E+6 0.00000000E+0 1.52170658E-1 4.57746597E-2 4.50807810E-1 2.28724764E-3 3.31634283E-1 1.72987555E-3 1.18458867E+0 3.20747151E-3
08 07 2014 13 25 38 66 1.00000000E+2 0.00000000E+0 6.00000000E+2 1.11684190E+6 0.00000000E+0 1.55806541E-1 3.72825179E-2 4.02039289E-1 3.12981296E-3 3.40908766E-1 1.88838280E-3 1.45771503E+0 3.07438837E-3
08 07 2014 13 25 43 70 1.00000000E+2 0.00000000E+0 6.50000000E+2 1.11684640E+6 0.00000000E+0 1.51038170E-1 3.16914565E-2 2.09140778E-1 2.58740388E-3 3.03435326E-1 2.18253946E-3 1.93089247E+0 3.07898294E-3
08 07 2014 13 25 47 75 1.00000000E+2 0.00000000E+0 7.00000000E+2 1.11685090E+6 0.00000000E+0 1.63793564E-1 3.52347866E-2 -4.02927399E-3 2.05445210E-3 3.28081846E-1 2.08863492E-3 2.80951262E+0 2.71478331E-3
08 07 2014 13 25 52 79 1.00000000E+2 0.00000000E+0 7.50000000E+2 1.11685540E+6 0.00000000E+0 1.42335892E-1 3.07895865E-2 4.28915024E-2 2.57325862E-3 4.04047966E-1 2.39682611E-3 4.16269898E+0 3.56598993E-3
08 07 2014 13 25 56 84 1.00000000E+2 0.00000000E+0 8.00000000E+2 1.11686000E+6 0.00000000E+0 1.53362751E-1 3.46954655E-2 1.86878443E-1 2.66932298E-3 5.03784418E-1 2.77219105E-3 5.83125949E+0 2.85612359E-3
08 07 2014 13 26 01 88 1.00000000E+2 0.00000000E+0 8.50000000E+2 1.11686450E+6 0.00000000E+0 1.68755651E-1 3.92220151E-2 4.35829163E-1 2.55823617E-3 5.99600375E-1 2.45783952E-3 8.18414241E+0 3.24575432E-3
08 07 2014 13 26 06 93 1.00000000E+2 0.00000000E+0 9.00000000E+2 1.11686900E+6 0.00000000E+0 1.48534775E-1 3.53407638E-2 1.27710104E+0 3.13516734E-3 8.18085670E-1 2.57668611E-3 1.16077125E+1 3.53515027E-3
08 07 2014 13 26 10 97 1.00000000E+2 0.00000000E+0 9.50000000E+2 1.11687350E+6 0.00000000E+0 1.59144402E-1 3.50726615E-2 3.31892073E+0 3.42883026E-3 1.20262802E+0 2.26889447E-3 1.61129981E+1 4.15260902E-3
08 07 2014 13 26 15 102 1.00000000E+2 0.00000000E+0 1.00000000E+3 1.11687800E+6 0.00000000E+0 1.60992146E-1 4.37190601E-2 6.73691630E+0 3.85551104E-3 1.71126127E+0 3.03972001E-3 2.13218868E+1 6.17791054E-3
08 07 2014 13 26 19 106 1.00000000E+2 0.00000000E+0 1.05000000E+3 1.11688250E+6 0.00000000E+0 1.65775418E-1 3.33997930E-2 1.20458454E+1 4.16081407E-3 2.39320099E+0 2.93970366E-3 2.70253271E+1 5.90743877E-3
08 07 2014 13 26 24 111 1.00000000E+2 0.00000000E+0 1.10000000E+3 1.11688710E+6 0.00000000E+0 1.66535378E-1 3.43331904E-2 1.94753766E+1 3.32576039E-3 3.32021713E+0 2.43447620E-3 3.24111342E+1 4.13335079E-3
08 07 2014 13 26 28 115 1.00000000E+2 0.00000000E+0 1.15000000E+3 1.11689160E+6 0.00000000E+0 1.43647194E-1 2.80385349E-2 2.82916665E+1 3.87386269E-3 4.37104702E+0 3.48347155E-3 3.63896668E+1 4.06146205E-3
08 07 2014 13 26 33 120 1.00000000E+2 0.00000000E+0 1.20000000E+3 1.11689610E+6 0.00000000E+0 1.68979168E-1 3.79816724E-2 3.74712706E+1 2.88486999E-3 5.38710952E+0 3.25418837E-3 3.87970746E+1 3.88935001E-3
08 07 2014 13 26 37 124 1.00000000E+2 0.00000000E+0 1.25000000E+3 1.11690060E+6 0.00000000E+0 1.52945518E-1 3.08058579E-2 4.66003418E+1 3.42937373E-3 6.41282201E+0 3.52493773E-3 4.01978970E+1 5.33854788E-3
08 07 2014 13 28 39 246 0.00000000E+0 0.00000000E+0 0.00000000E+0 1.11702210E+6 0.00000000E+0 1.98483467E-1 4.08683764E-2 6.38324022E-1 2.03053075E-3 1.52391195E-1 1.80635667E-3 1.37853622E-1 3.41591247E-3
08 07 2014 13 28 43 250 0.00000000E+0 0.00000000E+0 5.00000000E+1 1.11702660E+6 0.00000000E+0 1.75982714E-1 3.91492575E-2 6.30021095E-1 2.50887649E-3 1.31718814E-1 1.48603755E-3 1.41613185E-1 3.45020291E-3
08 07 2014 13 28 48 255 0.00000000E+0 0.00000000E+0 1.00000000E+2 1.11703110E+6 0.00000000E+0 1.18017197E-1 4.13839628E-2 6.25729561E-1 2.50712693E-3 1.27977133E-1 1.89888915E-3 1.59394741E-1 3.05175291E-3
08 07 2014 13 28 52 259 0.00000000E+0 0.00000000E+0 1.50000000E+2 1.11703560E+6 0.00000000E+0 1.04606152E-1 3.62939766E-2 6.38216734E-1 2.78495026E-3 1.33395195E-1 2.38732082E-3 1.78003311E-1 2.74756350E-3
08 07 2014 13 28 57 264 0.00000000E+0 0.00000000E+0 2.00000000E+2 1.11704010E+6 0.00000000E+0 1.19745731E-1 2.82351768E-2 6.44606352E-1 2.21515145E-3 1.33025646E-1 2.21130738E-3 1.96135044E-1 3.57253314E-3
08 07 2014 13 29 01 268 0.00000000E+0 0.00000000E+0 2.50000000E+2 1.11704460E+6 0.00000000E+0 1.39117241E-1 4.23806254E-2 6.46471977E-1 2.56259844E-3 1.29848719E-1 1.19952034E-3 2.32613087E-1 2.77478667E-3
08 07 2014 13 29 06 273 0.00000000E+0 0.00000000E+0 3.00000000E+2 1.11704920E+6 0.00000000E+0 1.28984451E-1 2.73583303E-2 6.56300783E-1 2.03354895E-3 1.40458345E-1 2.14537504E-3 2.90656090E-1 3.05706664E-3
08 07 2014 13 29 10 277 0.00000000E+0 0.00000000E+0 3.50000000E+2 1.11705370E+6 0.00000000E+0 1.16944313E-1 3.36995062E-2 6.86794519E-1 2.47918972E-3 1.62839890E-1 2.54884374E-3 3.71634960E-1 2.47877486E-3
08 07 2014 13 29 15 282 0.00000000E+0 0.00000000E+0 4.00000000E+2 1.11705820E+6 0.00000000E+0 1.47596002E-1 3.22797354E-2 7.13802874E-1 2.55757643E-3 1.73650682E-1 2.09831772E-3 4.82708216E-1 3.26946554E-3
08 07 2014 13 29 19 286 0.00000000E+0 0.00000000E+0 4.50000000E+2 1.11706270E+6 0.00000000E+0 1.46269798E-1 3.74526516E-2 7.35646486E-1 2.22431649E-3 1.77603960E-1 2.03457853E-3 6.29061460E-1 3.45165097E-3
08 07 2014 13 29 24 291 0.00000000E+0 0.00000000E+0 5.00000000E+2 1.11706720E+6 0.00000000E+0 1.47223473E-1 3.84389117E-2 7.68400729E-1 2.64355167E-3 1.96218491E-1 2.22850175E-3 8.13737512E-1 3.28720201E-3
08 07 2014 13 29 28 295 0.00000000E+0 0.00000000E+0 5.50000000E+2 1.11707170E+6 0.00000000E+0 1.37865543E-1 4.29193090E-2 8.35734606E-1 2.69386758E-3 2.30216980E-1 1.42820909E-3 1.07161999E+0 2.16360928E-3
08 07 2014 13 29 33 300 0.00000000E+0 0.00000000E+0 6.00000000E+2 1.11707630E+6 0.00000000E+0 1.35183334E-1 3.45964301E-2 9.23955441E-1 1.91677581E-3 2.47657299E-1 2.56624419E-3 1.43163204E+0 3.25214791E-3
08 07 2014 13 29 37 304 0.00000000E+0 0.00000000E+0 6.50000000E+2 1.11708080E+6 0.00000000E+0 1.49309635E-1 3.50356957E-2 1.06360912E+0 2.48362809E-3 2.64477730E-1 2.03057679E-3 1.93347335E+0 3.28689104E-3
08 07 2014 13 29 42 309 0.00000000E+0 0.00000000E+0 7.00000000E+2 1.11708530E+6 0.00000000E+0 1.49607658E-1 3.31232966E-2 1.30372643E+0 2.42292003E-3 3.18604708E-1 1.73583195E-3 2.63518691E+0 3.18641559E-3
08 07 2014 13 29 46 314 0.00000000E+0 0.00000000E+0 7.50000000E+2 1.11708980E+6 0.00000000E+0 1.46925449E-1 4.41436683E-2 1.74328685E+0 2.96396913E-3 4.13358212E-1 2.45695370E-3 3.57730985E+0 3.22068928E-3
08 07 2014 13 29 51 318 0.00000000E+0 0.00000000E+0 8.00000000E+2 1.11709430E+6 0.00000000E+0 1.50561333E-1 3.80725904E-2 2.45730281E+0 3.05061918E-3 5.51307201E-1 2.45683193E-3 4.81783152E+0 3.18675006E-3
08 07 2014 13 29 55 323 0.00000000E+0 0.00000000E+0 8.50000000E+2 1.11709880E+6 0.00000000E+0 1.77472830E-1 4.51882883E-2 3.60818952E+0 2.16279460E-3 7.39775598E-1 1.92205341E-3 6.40745461E+0 2.90990340E-3
08 07 2014 13 30 00 327 0.00000000E+0 0.00000000E+0 9.00000000E+2 1.11710340E+6 0.00000000E+0 1.42872334E-1 3.53468478E-2 5.42048216E+0 2.80374679E-3 1.02544427E+0 2.41333156E-3 8.38397741E+0 3.20570463E-3
08 07 2014 13 30 04 332 0.00000000E+0 0.00000000E+0 9.50000000E+2 1.11710790E+6 0.00000000E+0 1.33961439E-1 4.11893541E-2 8.16316903E+0 2.63481297E-3 1.43748522E+0 1.85548279E-3 1.07259750E+1 3.40974690E-3
08 07 2014 13 30 09 336 0.00000000E+0 0.00000000E+0 1.00000000E+3 1.11711240E+6 0.00000000E+0 1.43527985E-1 3.66661518E-2 1.20372117E+1 2.75758332E-3 1.97840333E+0 2.78349963E-3 1.32848918E+1 3.73562208E-3
08 07 2014 13 30 13 341 0.00000000E+0 0.00000000E+0 1.05000000E+3 1.11711690E+6 0.00000000E+0 1.46552920E-1 3.62194071E-2 1.71765313E+1 2.91359429E-3 2.67173350E+0 2.24665501E-3 1.58563480E+1 3.12977362E-3
08 07 2014 13 30 18 345 0.00000000E+0 0.00000000E+0 1.10000000E+3 1.11712140E+6 0.00000000E+0 1.43885612E-1 3.25506739E-2 2.35673666E+1 2.48055448E-3 3.50623131E+0 2.68305241E-3 1.81687713E+1 3.69176207E-3
08 07 2014 13 30 22 350 0.00000000E+0 0.00000000E+0 1.15000000E+3 1.11712590E+6 0.00000000E+0 1.28805637E-1 3.46441212E-2 3.09595346E+1 2.26956191E-3 4.44934964E+0 3.13024308E-3 2.00389028E+1 3.22677376E-3
08 07 2014 13 30 27 354 0.00000000E+0 0.00000000E+0 1.20000000E+3 1.11713050E+6 0.00000000E+0 1.33097172E-1 4.38383104E-2 3.90370548E+1 3.61030582E-3 5.46000004E+0 3.07536134E-3 2.14710236E+1 4.06803568E-3
08 07 2014 13 30 32 359 0.00000000E+0 0.00000000E+0 1.25000000E+3 1.11713500E+6 0.00000000E+0 1.44422054E-1 3.32062325E-2 4.74166036E+1 3.47790609E-3 6.51287436E+0 3.22189665E-3 2.26023257E+1 3.65273313E-3
08 07 2014 13 30 38 365 -1.00000000E+2 0.00000000E+0 1.25000000E+3 1.11714130E+6 0.00000000E+0 1.77025795E-1 3.86969006E-2 4.81111646E+1 5.92372261E-3 6.62574768E+0 3.80539230E-3 5.59476018E+0 1.27281205E-2
08 07 2014 13 30 42 370 -1.00000000E+2 0.00000000E+0 1.20000000E+3 1.11714580E+6 0.00000000E+0 1.53720379E-1 3.86833202E-2 3.95102382E+1 3.23982044E-3 5.45702577E+0 3.10433032E-3 5.19161820E+0 5.35911373E-3
08 07 2014 13 30 47 374 -1.00000000E+2 0.00000000E+0 1.15000000E+3 1.11715030E+6 0.00000000E+0 1.61468983E-1 3.19813044E-2 3.14866483E+1 2.84352594E-3 4.37585115E+0 3.04665087E-3 5.09005189E+0 5.72759520E-3
08 07 2014 13 30 51 379 -1.00000000E+2 0.00000000E+0 1.10000000E+3 1.11715480E+6 0.00000000E+0 1.65775418E-1 3.19708225E-2 2.41923183E+1 2.36618679E-3 3.38254869E+0 2.22376721E-3 5.20463288E+0 4.73525048E-3
08 07 2014 13 30 56 383 -1.00000000E+2 0.00000000E+0 1.05000000E+3 1.11715940E+6 0.00000000E+0 1.65700912E-1 3.73584732E-2 1.80259824E+1 3.64297857E-3 2.54938006E+0 2.71945601E-3 5.31728864E+0 4.08972364E-3
08 07 2014 13 31 00 388 -1.00000000E+2 0.00000000E+0 1.00000000E+3 1.11716390E+6 0.00000000E+0 1.41635537E-1 3.02964220E-2 1.31489038E+1 2.85206824E-3 1.88224018E+0 2.73259833E-3 5.15148789E+0 4.92671841E-3
08 07 2014 13 31 05 392 -1.00000000E+2 0.00000000E+0 9.50000000E+2 1.11716840E+6 0.00000000E+0 1.51872635E-1 2.61157285E-2 9.41628218E+0 1.21600856E-3 1.39192343E+0 2.82844707E-3 4.73722816E+0 2.89089804E-3
08 07 2014 13 31 09 397 -1.00000000E+2 0.00000000E+0 9.00000000E+2 1.11717290E+6 0.00000000E+0 1.62422657E-1 2.81310350E-2 6.61038607E+0 2.90357834E-3 9.92618501E-1 1.93825104E-3 4.24540788E+0 2.94053944E-3
08 07 2014 13 31 14 401 -1.00000000E+2 0.00000000E+0 8.50000000E+2 1.11717740E+6 0.00000000E+0 1.60992146E-1 3.06509926E-2 4.69033122E+0 2.57403602E-3 7.02750683E-1 2.01040212E-3 3.70441079E+0 3.59302811E-3
08 07 2014 13 31 18 406 -1.00000000E+2 0.00000000E+0 8.00000000E+2 1.11718200E+6 0.00000000E+0 1.54316425E-1 3.63055152E-2 3.46544385E+0 2.40009266E-3 5.21993637E-1 1.85993839E-3 3.02331448E+0 3.20442114E-3
08 07 2014 13 31 23 410 -1.00000000E+2 0.00000000E+0 7.50000000E+2 1.11718650E+6 0.00000000E+0 1.48415565E-1 4.48373413E-2 2.57962942E+0 2.59464939E-3 3.84569168E-1 2.09211454E-3 2.37689018E+0 2.90965278E-3
08 07 2014 13 31 28 415 -1.00000000E+2 0.00000000E+0 7.00000000E+2 1.11719100E+6 0.00000000E+0 1.68442726E-1 2.95796357E-2 1.93837285E+0 3.02367792E-3 2.48926878E-1 2.15178025E-3 1.90322399E+0 2.96914397E-3
08 07 2014 13 31 32 419 -1.00000000E+2 0.00000000E+0 6.50000000E+2 1.11719550E+6 0.00000000E+0 1.50263309E-1 2.58366496E-2 1.56748295E+0 2.67931436E-3 1.61153078E-1 1.92967751E-3 1.51509643E+0 2.48328927E-3
08 07 2014 13 31 37 424 -1.00000000E+2 0.00000000E+0 6.00000000E+2 1.11720000E+6 0.00000000E+0 1.42157078E-1 2.39915758E-2 1.34399533E+0 2.24852964E-3 1.60431862E-1 2.17608731E-3 1.10980868E+0 2.80848452E-3
08 07 2014 13 31 41 428 -1.00000000E+2 0.00000000E+0 5.50000000E+2 1.11720450E+6 0.00000000E+0 1.35526061E-1 3.89256057E-2 1.10258907E+0 2.60746762E-3 1.46746635E-1 2.11732165E-3 8.12716782E-1 2.94424221E-3
08 07 2014 13 31 46 433 -1.00000000E+2 0.00000000E+0 5.00000000E+2 1.11720910E+6 0.00000000E+0 1.58131123E-1 3.45961599E-2 9.25278664E-1 2.79880730E-3 1.17558241E-1 2.44131011E-3 6.74027205E-1 3.92625127E-3
08 07 2014 13 31 50 437 -1.00000000E+2 0.00000000E+0 4.50000000E+2 1.11721360E+6 0.00000000E+0 1.64359808E-1 3.30473580E-2 8.49813223E-1 3.07720103E-3 9.51960683E-2 2.27685322E-3 5.94399869E-1 3.03963235E-3
08 07 2014 13 31 55 442 -1.00000000E+2 0.00000000E+0 4.00000000E+2 1.11721810E+6 0.00000000E+0 1.57058239E-1 4.64020492E-2 8.66186619E-1 2.55672517E-3 9.76026058E-2 3.05542086E-3 4.14574146E-1 2.54711184E-3
08 07 2014 13 31 59 446 -1.00000000E+2 0.00000000E+0 3.50000000E+2 1.11722260E+6 0.00000000E+0 1.44600868E-1 2.86548981E-2 8.06856155E-1 2.83301810E-3 8.62717628E-2 2.16799511E-3 2.53528357E-1 2.73481448E-3
08 07 2014 13 32 04 451 -1.00000000E+2 0.00000000E+0 3.00000000E+2 1.11722710E+6 0.00000000E+0 1.43349171E-1 3.67017812E-2 6.97302818E-1 2.06128503E-3 5.12421131E-2 1.63418364E-3 2.15727091E-1 2.80139161E-3
08 07 2014 13 32 08 455 -1.00000000E+2 0.00000000E+0 2.50000000E+2 1.11723160E+6 0.00000000E+0 1.22547150E-1 3.84060787E-2 6.43926859E-1 2.18489420E-3 1.41263008E-2 1.74237979E-3 2.47341394E-1 2.40364261E-3
08 07 2014 13 32 13 460 -1.00000000E+2 0.00000000E+0 2.00000000E+2 1.11723610E+6 0.00000000E+0 9.88245010E-2 5.08827395E-2 6.85840845E-1 2.19364017E-3 1.38640404E-2 2.48498288E-3 1.91622972E-1 2.59637118E-3
08 07 2014 13 32 17 464 -1.00000000E+2 0.00000000E+0 1.50000000E+2 1.11724070E+6 0.00000000E+0 1.00016594E-1 2.59620554E-2 6.77895546E-1 1.97644620E-3 2.71856785E-2 2.13404957E-3 1.30265951E-1 2.93658952E-3
08 07 2014 13 32 22 469 -1.00000000E+2 0.00000000E+0 1.00000000E+2 1.11724520E+6 0.00000000E+0 1.26436353E-1 3.73982139E-2 6.30088151E-1 2.55822460E-3 1.26659870E-2 1.80658784E-3 1.66989863E-1 3.08265135E-3
08 07 2014 13 32 26 473 -1.00000000E+2 0.00000000E+0 5.00000000E+1 1.11724970E+6 0.00000000E+0 1.95324421E-1 3.44944002E-2 6.55919313E-1 3.15418883E-3 7.83205032E-3 2.38985717E-3 1.96087360E-1 3.08441950E-3
08 07 2014 13 32 31 478 -1.00000000E+2 0.00000000E+0 0.00000000E+0 1.11725420E+6 0.00000000E+0 2.33203173E-1 2.64736788E-2 7.05897808E-1 2.49068500E-3 3.89218330E-2 2.45080693E-3 1.19008124E-1 2.26799394E-3
08 07 2014 13 32 37 484 0.00000000E+0 0.00000000E+0 0.00000000E+0 1.11726050E+6 0.00000000E+0 1.79484487E-1 3.57415050E-2 6.46464527E-1 2.90716525E-3 1.51738524E-1 1.82763820E-3 1.41084194E-1 3.65203516E-3
