Month Day Year Hour Minute Second Time_s x y z Current CurrentError 1Axis 1AxisError Bx BxError By ByError Bz BzError
08 07 2014 13 38 30 10 1.00000000E+2 0.00000000E+0 0.00000000E+0 1.11761400E+6 0.00000000E+0 5.70550784E+2 2.25794636E-2 -6.00003582E+2 2.80326586E-3 2.05089152E+0 2.60915886E-3 3.99050117E+0 2.22899271E-2
08 07 2014 13 38 35 15 1.00000000E+2 0.00000000E+0 5.00000000E+1 1.11761850E+6 0.00000000E+0 5.71003854E+2 5.20051087E-2 -6.00146434E+2 3.48431226E-3 1.88965797E+0 3.97361371E-3 4.28802967E+0 4.63044689E-3
08 07 2014 13 38 40 19 1.00000000E+2 0.00000000E+0 1.00000000E+2 1.11762300E+6 0.00000000E+0 5.71298227E+2 4.29058920E-2 -6.00200298E+2 4.23546540E-3 1.97235495E+0 4.39292702E-3 4.42478806E+0 6.12960191E-3
08 07 2014 13 38 44 24 1.00000000E+2 0.00000000E+0 1.50000000E+2 1.11762750E+6 0.00000000E+0 5.71546078E+2 4.54205590E-2 -6.00000958E+2 6.15964471E-3 2.12418437E+0 4.17142425E-3 4.55054045E+0 3.51533920E-3
08 07 2014 13 38 49 28 1.00000000E+2 0.00000000E+0 2.00000000E+2 1.11763200E+6 0.00000000E+0 5.71410879E+2 3.73620976E-2 -5.99933344E+2 4.16781772E-3 2.08190829E+0 3.75908779E-3 4.38664109E+0 6.90210034E-3
08 07 2014 13 38 53 33 1.00000000E+2 0.00000000E+0 2.50000000E+2 1.11763650E+6 0.00000000E+0 5.70969343E+2 3.52543103E-2 -6.00122032E+2 5.35108851E-3 2.03298926E+0 4.42631264E-3 4.14216518E+0 1.41878825E-2
08 07 2014 13 38 58 37 1.00000000E+2 0.00000000E+0 3.00000000E+2 1.11764110E+6 0.00000000E+0 5.71007907E+2 2.95421259E-2 -6.00373385E+2 4.84543504E-3 2.05883980E+0 3.55458792E-3 4.18177247E+0 1.30600908E-2
08 07 2014 13 39 02 42 1.00000000E+2 0.00000000E+0 3.50000000E+2 1.11764560E+6 0.00000000E+0 5.71917772E+2 3.95871588E-2 -6.00436974E+2 3.79207453E-3 2.26679444E+0 2.77661226E-3 4.64180708E+0 6.95169266E-3
08 07 2014 13 39 07 46 1.00000000E+2 0.00000000E+0 4.00000000E+2 1.11765010E+6 0.00000000E+0 5.72051525E+2 4.58009998E-2 -6.00484488E+2 3.94648347E-3 2.49902606E+0 3.10167891E-3 5.14245033E+0 6.28670270E-3
08 07 2014 13 39 11 51 1.00000000E+2 0.00000000E+0 4.50000000E+2 1.11765460E+6 0.00000000E+0 5.70925772E+2 3.39316918E-2 -6.00545652E+2 3.31271441E-3 2.74069905E+0 2.98443924E-3 5.80968857E+0 4.98021874E-3
08 07 2014 13 39 16 55 1.00000000E+2 0.00000000E+0 5.00000000E+2 1.11765910E+6 0.00000000E+0 5.70861697E+2 2.39435962E-2 -6.00336328E+2 4.20764728E-3 2.99335122E+0 2.94767338E-3 6.89544678E+0 2.85693031E-2
08 07 2014 13 39 20 60 1.00000000E+2 0.00000000E+0 5.50000000E+2 1.11766360E+6 0.00000000E+0 5.70845008E+2 2.74716422E-2 -5.99602294E+2 4.80586254E-3 3.32359970E+0 3.30473580E-3 8.28686357E+0 3.10393002E-2
08 07 2014 13 39 25 64 1.00000000E+2 0.00000000E+0 6.00000000E+2 1.11766820E+6 0.00000000E+0 5.70826590E+2 3.46333249E-2 -5.98571806E+2 4.40042232E-3 3.36838961E+0 2.86856815E-3 9.93058681E+0 2.04195091E-2
08 07 2014 13 39 29 69 1.00000000E+2 0.00000000E+0 6.50000000E+2 1.11767270E+6 0.00000000E+0 5.70830703E+2 2.31401168E-2 -5.97057694E+2 3.63769252E-3 3.20922583E+0 2.16137050E-3 1.25889331E+1 1.23179504E-2
08 07 2014 13 39 34 74 1.00000000E+2 0.00000000E+0 7.00000000E+2 1.11767720E+6 0.00000000E+0 5.70814490E+2 2.91512290E-2 -5.94532695E+2 5.02129178E-3 2.85512209E+0 4.09287258E-3 1.70202971E+1 2.04702427E-2
08 07 2014 13 39 38 78 1.00000000E+2 0.00000000E+0 7.50000000E+2 1.11768170E+6 0.00000000E+0 5.70855498E+2 3.20178254E-2 -5.89945693E+2 6.76742643E-3 2.50079036E+0 8.32376475E-3 2.42470205E+1 3.04782872E-2
08 07 2014 13 39 43 83 1.00000000E+2 0.00000000E+0 8.00000000E+2 1.11768620E+6 0.00000000E+0 5.71204841E+2 2.19888466E-2 -5.82071514E+2 6.90098774E-3 2.15707421E+0 5.28063444E-3 3.55146766E+1 1.63387513E-2
08 07 2014 13 39 47 87 1.00000000E+2 0.00000000E+0 8.50000000E+2 1.11769070E+6 0.00000000E+0 5.71086884E+2 2.67103864E-2 -5.68489268E+2 9.04249959E-3 1.82206631E+0 4.48204902E-3 5.29416502E+1 2.46567766E-2
08 07 2014 13 39 52 92 1.00000000E+2 0.00000000E+0 9.00000000E+2 1.11769530E+6 0.00000000E+0 5.71019292E+2 2.52113890E-2 -5.44881163E+2 9.38952657E-3 1.72696114E+0 5.34417701E-3 7.89532304E+1 1.49120793E-2
08 07 2014 13 39 56 96 1.00000000E+2 0.00000000E+0 9.50000000E+2 1.11769980E+6 0.00000000E+0 5.70683002E+2 3.76841902E-2 -5.05371130E+2 1.63042411E-2 1.93266273E+0 3.33792173E-3 1.15587246E+2 3.60062930E-2
08 07 2014 13 40 01 101 1.00000000E+2 0.00000000E+0 1.00000000E+3 1.11770430E+6 0.00000000E+0 5.70778027E+2 3.57275862E-2 -4.42269233E+2 2.52915284E-2 2.07736343E+0 4.42719158E-3 1.61252104E+2 7.60696975E-2
08 07 2014 13 40 05 105 1.00000000E+2 0.00000000E+0 1.05000000E+3 1.11770880E+6 0.00000000E+0 5.70929706E+2 3.33213562E-2 -3.45771551E+2 7.83036414E-3 2.62033343E+0 6.63712049E-3 2.09188443E+2 5.44631262E-2
08 07 2014 13 40 10 110 1.00000000E+2 0.00000000E+0 1.10000000E+3 1.11771330E+6 0.00000000E+0 5.70945218E+2 2.84973167E-2 -2.19533600E+2 9.46712102E-3 4.03521955E+0 4.79232711E-3 2.34278917E+2 4.32650788E-2
08 07 2014 13 40 14 114 1.00000000E+2 0.00000000E+0 1.15000000E+3 1.11771780E+6 0.00000000E+0 5.70938170E+2 3.21604133E-2 -1.10312599E+2 1.47567464E-2 5.71506619E+0 1.71172898E-2 2.07896376E+2 2.90402452E-2
08 07 2014 13 40 19 119 1.00000000E+2 0.00000000E+0 1.20000000E+3 1.11772240E+6 0.00000000E+0 5.70952520E+2 3.67652446E-2 -4.41228524E+1 1.56610774E-2 6.60083443E+0 6.17410813E-3 1.56033508E+2 1.95716565E-2
08 07 2014 13 40 23 123 1.00000000E+2 0.00000000E+0 1.25000000E+3 1.11772690E+6 0.00000000E+0 5.70962012E+2 2.19138869E-2 -5.10017872E+0 1.38580695E-2 7.17816949E+0 8.44614742E-3 1.13742501E+2 1.91316641E-2
08 07 2014 13 42 25 245 0.00000000E+0 0.00000000E+0 0.00000000E+0 1.11784830E+6 0.00000000E+0 5.70816517E+2 2.33902319E-2 -5.99669697E+2 4.26814400E-3 2.22311020E+0 7.87993384E-3 4.62018251E+0 1.31024199E-1
08 07 2014 13 42 29 249 0.00000000E+0 0.00000000E+0 5.00000000E+1 1.11785280E+6 0.00000000E+0 5.70897400E+2 6.12294383E-2 -5.99585009E+2 4.33622481E-3 2.02800632E+0 7.01330331E-3 4.49065566E+0 7.25445534E-2
08 07 2014 13 42 34 254 0.00000000E+0 0.00000000E+0 1.00000000E+2 1.11785740E+6 0.00000000E+0 5.72169423E+2 4.24492212E-2 -5.99500510E+2 4.21949135E-3 1.98333710E+0 5.73229679E-3 4.30893153E+0 7.40409332E-2
08 07 2014 13 42 38 258 0.00000000E+0 0.00000000E+0 1.50000000E+2 1.11786190E+6 0.00000000E+0 5.72058439E+2 4.80359644E-2 -5.99444535E+2 3.48839698E-3 2.06322074E+0 7.17265616E-3 4.10879254E+0 5.57931847E-2
08 07 2014 13 42 43 263 0.00000000E+0 0.00000000E+0 2.00000000E+2 1.11786640E+6 0.00000000E+0 5.72833866E+2 2.71974019E-2 -5.99476531E+2 3.27150922E-3 1.93548203E+0 2.84341853E-3 3.41776758E+0 9.62275410E-3
08 07 2014 13 42 47 267 0.00000000E+0 0.00000000E+0 2.50000000E+2 1.11787090E+6 0.00000000E+0 5.74821234E+2 3.54793257E-2 -5.99630547E+2 4.82254873E-3 1.87362432E+0 4.73340604E-3 2.83201337E+0 1.61282016E-2
08 07 2014 13 42 52 272 0.00000000E+0 0.00000000E+0 3.00000000E+2 1.11787540E+6 0.00000000E+0 5.74055016E+2 4.39075247E-2 -5.99856408E+2 3.63030615E-3 1.78828835E+0 3.74402181E-3 2.01563239E+0 2.72728256E-2
08 07 2014 13 42 56 276 0.00000000E+0 0.00000000E+0 3.50000000E+2 1.11787990E+6 0.00000000E+0 5.72784901E+2 4.74913381E-2 -6.00088763E+2 3.63722946E-3 2.01851726E+0 3.72732383E-3 1.56449676E+0 2.35554938E-2
08 07 2014 13 43 01 281 0.00000000E+0 0.00000000E+0 4.00000000E+2 1.11788450E+6 0.00000000E+0 5.71467817E+2 4.79986977E-2 -6.00216215E+2 2.97830017E-3 2.42403746E+0 3.29389787E-3 2.05195546E+0 1.56671971E-2
08 07 2014 13 43 06 285 0.00000000E+0 0.00000000E+0 4.50000000E+2 1.11788900E+6 0.00000000E+0 5.69949090E+2 7.31299505E-2 -6.00088534E+2 4.48085671E-3 2.63091326E+0 3.32351070E-3 3.07682753E+0 1.29707446E-2
08 07 2014 13 43 10 290 0.00000000E+0 0.00000000E+0 5.00000000E+2 1.11789350E+6 0.00000000E+0 5.69867790E+2 4.57429499E-2 -5.99525075E+2 3.51748406E-3 2.85529494E+0 3.13625858E-3 3.87704372E+0 1.16047850E-2
08 07 2014 13 43 15 294 0.00000000E+0 0.00000000E+0 5.50000000E+2 1.11789800E+6 0.00000000E+0 5.71240038E+2 4.81028317E-2 -5.98342219E+2 3.36622352E-3 3.05841863E+0 3.62126219E-3 4.49248403E+0 1.25163107E-2
08 07 2014 13 43 19 299 0.00000000E+0 0.00000000E+0 6.00000000E+2 1.11790250E+6 0.00000000E+0 5.71667790E+2 3.32418577E-2 -5.96340315E+2 4.31942036E-3 3.10312510E+0 3.38986671E-3 5.05646467E+0 1.55900335E-2
08 07 2014 13 43 24 303 0.00000000E+0 0.00000000E+0 6.50000000E+2 1.11790700E+6 0.00000000E+0 5.70656434E+2 3.10546301E-2 -5.93139616E+2 3.39663925E-3 2.93528289E+0 2.66149923E-3 5.78940660E+0 6.89719150E-3
08 07 2014 13 43 28 308 0.00000000E+0 0.00000000E+0 7.00000000E+2 1.11791160E+6 0.00000000E+0 5.70932806E+2 3.34999984E-2 -5.88045385E+2 3.53288170E-3 2.56245732E+0 2.93138910E-3 6.77622557E+0 7.66908328E-3
08 07 2014 13 43 33 312 0.00000000E+0 0.00000000E+0 7.50000000E+2 1.11791610E+6 0.00000000E+0 5.70915341E+2 3.94652971E-2 -5.79926884E+2 5.34677430E-3 2.21174955E+0 5.30251353E-3 8.16155970E+0 9.83033418E-3
08 07 2014 13 43 37 317 0.00000000E+0 0.00000000E+0 8.00000000E+2 1.11792060E+6 0.00000000E+0 5.70919275E+2 3.26458921E-2 -5.66973467E+2 4.46186247E-3 1.96312070E+0 4.21739469E-3 1.00799620E+1 1.81933133E-2
08 07 2014 13 43 42 321 0.00000000E+0 0.00000000E+0 8.50000000E+2 1.11792510E+6 0.00000000E+0 5.70919156E+2 2.94071907E-2 -5.46550102E+2 4.93145679E-3 1.78442597E+0 5.50367824E-3 1.26730144E+1 2.42247848E-2
08 07 2014 13 43 46 326 0.00000000E+0 0.00000000E+0 9.00000000E+2 1.11792960E+6 0.00000000E+0 5.70906460E+2 2.87262625E-2 -5.15036829E+2 3.78684097E-3 1.90543532E+0 4.26469375E-3 1.58537209E+1 2.42872200E-2
08 07 2014 13 43 51 330 0.00000000E+0 0.00000000E+0 9.50000000E+2 1.11793410E+6 0.00000000E+0 5.70885658E+2 2.83196187E-2 -4.68338313E+2 4.15227778E-3 2.34620571E+0 3.92322596E-3 1.96804762E+1 5.62431000E-2
08 07 2014 13 43 55 335 0.00000000E+0 0.00000000E+0 1.00000000E+3 1.11793870E+6 0.00000000E+0 5.70891738E+2 2.46534131E-2 -4.03778071E+2 3.83936598E-3 2.79344320E+0 6.68891655E-3 2.35881329E+1 4.02235792E-2
08 07 2014 13 44 00 340 0.00000000E+0 0.00000000E+0 1.05000000E+3 1.11794320E+6 0.00000000E+0 5.70906043E+2 2.39517165E-2 -3.22290283E+2 3.98449243E-3 3.35361362E+0 6.49885156E-3 2.68842220E+1 1.09897801E-1
08 07 2014 13 44 04 344 0.00000000E+0 0.00000000E+0 1.10000000E+3 1.11794770E+6 0.00000000E+0 5.70892468E+2 2.71898899E-2 -2.32217200E+2 3.20832301E-3 4.24265116E+0 5.58487888E-3 2.85224617E+1 5.40263813E-2
08 07 2014 13 44 09 349 0.00000000E+0 0.00000000E+0 1.15000000E+3 1.11795220E+6 0.00000000E+0 5.70877194E+2 2.53398155E-2 -1.47730333E+2 4.72096592E-3 5.02814054E+0 3.46407207E-3 2.84917593E+1 4.45308044E-2
08 07 2014 13 44 13 353 0.00000000E+0 0.00000000E+0 1.20000000E+3 1.11795670E+6 0.00000000E+0 5.70905805E+2 3.00917873E-2 -7.95739591E+1 4.40988446E-3 5.79593331E+0 3.06755523E-3 2.73875818E+1 3.63580834E-2
08 07 2014 13 44 18 358 0.00000000E+0 0.00000000E+0 1.25000000E+3 1.11796120E+6 0.00000000E+0 5.70893347E+2 3.02753429E-2 -2.99121082E+1 3.87490032E-3 6.71322346E+0 3.83374672E-3 2.63950467E+1 1.89638871E-2
08 07 2014 13 44 24 364 -1.00000000E+2 0.00000000E+0 1.25000000E+3 1.11796760E+6 0.00000000E+0 5.70909977E+2 2.74576627E-2 -9.75512266E+0 3.04086125E-2 8.52259994E+0 7.91018042E-3 -6.27362609E+1 5.29706921E-2
08 07 2014 13 44 29 368 -1.00000000E+2 0.00000000E+0 1.20000000E+3 1.11797210E+6 0.00000000E+0 5.70890754E+2 4.52322942E-2 -5.23638949E+1 1.90883925E-2 7.69054890E+0 1.37428545E-2 -1.02198906E+2 3.64618579E-2
08 07 2014 13 44 33 373 -1.00000000E+2 0.00000000E+0 1.15000000E+3 1.11797660E+6 0.00000000E+0 5.70876181E+2 2.50183352E-2 -1.20717031E+2 3.44653931E-2 5.92731833E+0 1.04013076E-2 -1.47241390E+2 9.28554553E-2
08 07 2014 13 44 38 377 -1.00000000E+2 0.00000000E+0 1.10000000E+3 1.11798110E+6 0.00000000E+0 5.70903957E+2 3.06363480E-2 -2.23725134E+2 1.35719865E-2 3.41811180E+0 3.57452149E-3 -1.68896383E+2 8.54322729E-2
08 07 2014 13 44 42 382 -1.00000000E+2 0.00000000E+0 1.05000000E+3 1.11798560E+6 0.00000000E+0 5.70889652E+2 3.25239513E-2 -3.38120043E+2 4.45276701E-3 1.52062774E+0 4.33496806E-3 -1.49203789E+2 2.39166824E-2
08 07 2014 13 44 47 386 -1.00000000E+2 0.00000000E+0 1.00000000E+3 1.11799020E+6 0.00000000E+0 5.70885420E+2 3.00470145E-2 -4.29610205E+2 2.70078523E-2 7.87258148E-1 7.05749940E-3 -1.11122465E+2 8.90795972E-2
08 07 2014 13 44 51 391 -1.00000000E+2 0.00000000E+0 9.50000000E+2 1.11799470E+6 0.00000000E+0 5.70897281E+2 2.45231457E-2 -4.92255661E+2 1.58331137E-2 5.58018684E-1 3.01801424E-3 -7.49633193E+1 4.09407832E-2
08 07 2014 13 44 56 396 -1.00000000E+2 0.00000000E+0 9.00000000E+2 1.11799920E+6 0.00000000E+0 5.70918620E+2 2.55232600E-2 -5.33106508E+2 6.49193120E-3 3.76206636E-1 5.07301895E-3 -4.69269633E+1 1.79598951E-2
08 07 2014 13 45 00 400 -1.00000000E+2 0.00000000E+0 8.50000000E+2 1.11800370E+6 0.00000000E+0 5.70892915E+2 1.72130880E-2 -5.58636391E+2 4.09001033E-3 4.00707126E-1 4.24534056E-3 -2.74077952E+1 9.44565947E-3
08 07 2014 13 45 05 405 -1.00000000E+2 0.00000000E+0 8.00000000E+2 1.11800820E+6 0.00000000E+0 5.70908129E+2 2.14034890E-2 -5.74312346E+2 4.90566356E-3 7.87836313E-1 3.59656516E-3 -1.50437117E+1 1.26869627E-2
08 07 2014 13 45 09 409 -1.00000000E+2 0.00000000E+0 7.50000000E+2 1.11801270E+6 0.00000000E+0 5.70907667E+2 2.21676664E-2 -5.84050873E+2 5.72583202E-3 1.26697868E+0 3.30311389E-3 -7.45451450E+0 1.84469330E-2
08 07 2014 13 45 14 414 -1.00000000E+2 0.00000000E+0 7.00000000E+2 1.11801730E+6 0.00000000E+0 5.70915163E+2 2.45414384E-2 -5.90210612E+2 4.32119313E-3 1.81916356E+0 4.29969616E-3 -2.84374356E+0 8.55570425E-3
08 07 2014 13 45 18 418 -1.00000000E+2 0.00000000E+0 6.50000000E+2 1.11802180E+6 0.00000000E+0 5.70922941E+2 2.54631154E-2 -5.94103310E+2 4.72994160E-3 2.39037722E+0 2.00964318E-3 -2.78130174E-2 1.59251427E-2
08 07 2014 13 45 23 423 -1.00000000E+2 0.00000000E+0 6.00000000E+2 1.11802630E+6 0.00000000E+0 5.71189702E+2 7.05848228E-2 -5.96593003E+2 3.94516191E-3 2.77410746E+0 4.58312007E-3 1.68980360E+0 1.53865269E-2
08 07 2014 13 45 27 427 -1.00000000E+2 0.00000000E+0 5.50000000E+2 1.11803080E+6 0.00000000E+0 5.71646214E+2 3.70980986E-2 -5.98265941E+2 4.40109875E-3 2.80424356E+0 5.06827302E-3 2.90106535E+0 1.24537393E-2
08 07 2014 13 45 32 432 -1.00000000E+2 0.00000000E+0 5.00000000E+2 1.11803530E+6 0.00000000E+0 5.72108150E+2 3.89519648E-2 -5.99259560E+2 4.00275052E-3 2.63913274E+0 2.90751201E-3 3.82845998E+0 1.41464115E-2
08 07 2014 13 45 36 436 -1.00000000E+2 0.00000000E+0 4.50000000E+2 1.11803980E+6 0.00000000E+0 5.71331322E+2 3.01143350E-2 -5.99660091E+2 4.55121942E-3 2.48714685E+0 3.32373574E-3 4.52904701E+0 2.22570446E-2
08 07 2014 13 45 41 441 -1.00000000E+2 0.00000000E+0 4.00000000E+2 1.11804440E+6 0.00000000E+0 5.70090532E+2 2.67327785E-2 -5.99614670E+2 5.03277489E-3 2.37873793E+0 3.70389794E-3 4.73908186E+0 2.01091211E-2
08 07 2014 13 45 45 445 -1.00000000E+2 0.00000000E+0 3.50000000E+2 1.11804890E+6 0.00000000E+0 5.70178092E+2 3.65314263E-2 -5.99436424E+2 3.70771171E-3 2.30865479E+0 3.18592850E-3 4.63740230E+0 1.93501424E-2
08 07 2014 13 45 50 450 -1.00000000E+2 0.00000000E+0 3.00000000E+2 1.11805340E+6 0.00000000E+0 5.68968728E+2 2.82937960E-2 -5.99234384E+2 3.61310751E-3 2.23754346E+0 2.35333953E-3 4.51537967E+0 8.71381039E-3
08 07 2014 13 45 54 454 -1.00000000E+2 0.00000000E+0 2.50000000E+2 1.11805790E+6 0.00000000E+0 5.69076121E+2 2.88711822E-2 -5.99025323E+2 5.53283556E-3 2.22099423E+0 3.40825680E-3 4.38764691E+0 2.59902404E-2
08 07 2014 13 45 59 459 -1.00000000E+2 0.00000000E+0 2.00000000E+2 1.11806240E+6 0.00000000E+0 5.69198951E+2 4.75139751E-2 -5.98859462E+2 4.56700211E-3 2.32911110E+0 3.30276431E-3 4.12564725E+0 2.59937113E-2
08 07 2014 13 46 03 463 -1.00000000E+2 0.00000000E+0 1.50000000E+2 1.11806690E+6 0.00000000E+0 5.69426954E+2 6.20292074E-2 -5.98902268E+2 3.64755903E-3 2.47275233E+0 3.99689969E-3 3.84293199E+0 2.86269368E-2
08 07 2014 13 46 08 468 -1.00000000E+2 0.00000000E+0 1.00000000E+2 1.11807150E+6 0.00000000E+0 5.70651472E+2 6.01943546E-2 -5.99111319E+2 3.68490387E-3 2.41381526E+0 7.60390970E-3 4.02200818E+0 3.16430730E-2
08 07 2014 13 46 13 472 -1.00000000E+2 0.00000000E+0 5.00000000E+1 1.11807600E+6 0.00000000E+0 5.70780158E+2 3.25754803E-2 -5.99283481E+2 4.04948258E-3 2.36361623E+0 3.80811842E-3 4.09901142E+0 1.71693181E-2
08 07 2014 13 46 17 477 -1.00000000E+2 0.00000000E+0 0.00000000E+0 1.11808050E+6 0.00000000E+0 5.70827305E+2 3.01535514E-2 -5.99409237E+2 4.54864713E-3 2.49574780E+0 3.55578183E-3 4.20809388E+0 4.56743059E-2
08 07 2014 13 46 23 483 0.00000000E+0 0.00000000E+0 0.00000000E+0 1.11808680E+6 0.00000000E+0 5.70778012E+2 4.30738231E-2 -5.99690495E+2 3.38271838E-3 2.18464732E+0 5.54105919E-3 4.69243526E+0 9.99329869E-2
