#Field Shape
#<B> = (2.48637 8.34596e-07 1.20563e-16)
#<B^2> = (7.42565 0.00174184 0.0757044)
#sigmaBx/Bx0 = 0.448519
#<dBx/dx>/Bx0 = 7.44207e-16
#8th order polynomial (145 terms) fit to Bx centered at <	0,	0,	0.3	>, rms residual = 0.00293185
         2.558021409	 0 0 0
        -6.669123193	 0 0 1
        -6.574416242	 0 0 2
         2.296286522	 0 0 3
         146.8075907	 0 0 4
          144.664715	 0 0 5
        -1241.163152	 0 0 6
        -1232.199423	 0 0 7
          5354.32026	 0 0 8
    -8.291594945e-10	 0 1 5
     7.296579967e-09	 0 1 7
       -0.7794044132	 0 2 0
         8.834533347	 0 2 1
        -254.8561487	 0 2 2
         7.889240001	 0 2 3
         3841.905451	 0 2 4
          1377.97883	 0 2 5
        -23398.20041	 0 2 6
    -6.776904642e-11	 0 3 2
     7.640363678e-09	 0 3 3
     3.250576198e-10	 0 3 4
    -2.852208483e-08	 0 3 5
         23.80735217	 0 4 0
         -78.5187784	 0 4 1
        -1268.130658	 0 4 2
         536.7698493	 0 4 3
         13881.52502	 0 4 4
     1.921396672e-09	 0 5 0
    -3.152309088e-08	 0 5 1
    -7.735115546e-11	 0 5 2
    -1.879072837e-07	 0 5 3
        -13.08281123	 0 6 0
         14.04970888	 0 6 1
        -83.07727677	 0 6 2
    -1.214686667e-07	 0 7 0
     1.712034399e-06	 0 7 1
         76.32484286	 0 8 0
     -8.42420623e-10	 1 0 5
     7.474394752e-09	 1 0 7
     8.395562986e-06	 1 1 0
     1.063267066e-05	 1 1 1
    -6.270935967e-05	 1 1 2
    -0.0003702810695	 1 1 3
     -9.65919238e-05	 1 1 4
       0.00172643384	 1 1 5
       0.01936739089	 1 1 6
    -2.358966421e-09	 1 2 2
     1.243619656e-08	 1 2 3
     1.461177112e-08	 1 2 4
    -7.925200066e-08	 1 2 5
     -0.001443841163	 1 3 0
     -0.001268277463	 1 3 1
     -0.001795239148	 1 3 2
       0.01017230207	 1 3 3
       -0.1171301937	 1 3 4
      5.27331873e-09	 1 4 0
    -3.705843859e-08	 1 4 1
     6.444883106e-08	 1 4 2
    -1.693831999e-07	 1 4 3
        0.1510514558	 1 5 0
     -0.008435291344	 1 5 1
        0.2734006534	 1 5 2
    -2.499633532e-07	 1 6 0
     1.414491014e-06	 1 6 1
        -4.694450554	 1 7 0
         7.458212334	 2 0 0
        -29.50905245	 2 0 1
        -591.9126454	 2 0 2
        -78.88613901	 2 0 3
          10574.5092	 2 0 4
         2859.950672	 2 0 5
        -59929.95728	 2 0 6
    -2.381953359e-09	 2 1 2
     1.254173396e-08	 2 1 3
     1.513196922e-08	 2 1 4
    -7.976744072e-08	 2 1 5
         86.73898575	 2 2 0
        -249.5607596	 2 2 1
        -7218.871952	 2 2 2
         3309.121869	 2 2 3
         74886.51164	 2 2 4
    -5.787480451e-09	 2 3 0
     5.318124413e-08	 2 3 1
     9.101449355e-08	 2 3 2
    -6.406887312e-07	 2 3 3
         233.6385799	 2 4 0
        -939.2798489	 2 4 1
        -3593.762017	 2 4 2
     2.541158832e-07	 2 5 0
    -1.795915124e-06	 2 5 1
        -2046.481785	 2 6 0
    -5.140887042e-11	 3 0 2
     7.738499061e-09	 3 0 3
     2.097276566e-10	 3 0 4
     -2.93799522e-08	 3 0 5
    -6.870326358e-05	 3 1 0
    -0.0009090710521	 3 1 1
    -0.0006163063197	 3 1 2
       0.01623276129	 3 1 3
      -0.07715630924	 3 1 4
    -5.918086145e-09	 3 2 0
     5.353342886e-08	 3 2 1
     9.155274581e-08	 3 2 2
    -6.386068777e-07	 3 2 3
        0.1002509771	 3 3 0
        0.1101061102	 3 3 1
         0.700250341	 3 3 2
     2.057698973e-08	 3 4 0
    -5.504021425e-07	 3 4 1
         -4.42777056	 3 5 0
          71.7759218	 4 0 0
        -198.7851715	 4 0 1
        -5926.100541	 4 0 2
         2822.637462	 4 0 3
         60040.92032	 4 0 4
     5.114392868e-09	 4 1 0
    -3.770826908e-08	 4 1 1
     6.645393494e-08	 4 1 2
    -1.677707119e-07	 4 1 3
        -79.39564763	 4 2 0
        -367.4796931	 4 2 1
        -3147.762917	 4 2 2
     2.327903679e-08	 4 3 0
      -5.3140376e-07	 4 3 1
         5164.256025	 4 4 0
      2.00374317e-09	 5 0 0
    -3.199610115e-08	 5 0 1
    -8.106947651e-10	 5 0 2
    -1.876175693e-07	 5 0 3
      -0.05307562043	 5 1 0
      -0.05236249284	 5 1 1
      -0.07300436471	 5 1 2
     2.629738481e-07	 5 2 0
    -1.817530804e-06	 5 2 1
        -2.904323341	 5 3 0
         69.35400463	 6 0 0
        -360.4300996	 6 0 1
        -2116.207827	 6 0 2
    -2.436310955e-07	 6 1 0
     1.436595635e-06	 6 1 1
        -1519.526001	 6 2 0
    -1.268208495e-07	 7 0 0
     1.734169898e-06	 7 0 1
          3.48679323	 7 1 0
        -72.69950707	 8 0 0
#8th order polynomial (94 terms) fit to By centered at <	0,	0,	0.3000000119	>, rms residual = 0.00202534553
     6.754341532e-07	 0 0 0
    -2.634033193e-06	 0 0 1
     3.520994611e-06	 0 0 2
     3.172289773e-06	 0 0 3
     0.0001091584607	 0 0 4
    -0.0002984034642	 0 0 5
     -0.001394023863	 0 0 6
      0.002188537191	 0 0 7
      0.005752124638	 0 0 8
    -7.668809737e-07	 0 2 0
     2.297731985e-05	 0 2 1
     0.0002177495245	 0 2 2
    -0.0004077951964	 0 2 3
     -0.006356859792	 0 2 4
      0.002265831291	 0 2 5
       0.04492662707	 0 2 6
    -0.0003813588684	 0 4 0
    -0.0004018162912	 0 4 1
      0.001702616372	 0 4 2
      0.002892902567	 0 4 3
      0.002485268566	 0 4 4
       0.03478656254	 0 6 0
     -0.002864476271	 0 6 1
      -0.04881361894	 0 6 2
        -1.043793191	 0 8 0
         8.449292871	 1 1 0
        -37.43924669	 1 1 1
        -357.4017806	 1 1 2
        -148.0944766	 1 1 3
         7465.616763	 1 1 4
         2072.435042	 1 1 5
        -42826.67453	 1 1 6
         56.91251829	 1 3 0
        -146.8901306	 1 3 1
        -5104.829218	 1 3 2
         2523.218974	 1 3 3
         51375.16057	 1 3 4
        -18.03432656	 1 5 0
        -76.16072356	 1 5 1
        -1303.989546	 1 5 2
    -4.592135555e-10	 1 6 0
     9.606522388e-10	 1 6 1
         534.3186672	 1 7 0
    -3.040636754e-06	 2 0 0
     4.938985264e-05	 2 0 1
     0.0003182528782	 2 0 2
    -0.0003925512527	 2 0 3
     -0.007240054491	 2 0 4
     -0.001389505652	 2 0 5
       0.04185209829	 2 0 6
    -0.0003631418254	 2 2 0
     -0.001855670777	 2 2 1
     -0.005099546202	 2 2 2
      0.006376395333	 2 2 3
       0.06497089572	 2 2 4
       0.01945017296	 2 4 0
       0.01148911034	 2 4 1
      -0.03131796983	 2 4 2
     1.224569579e-09	 2 5 1
       -0.1290639192	 2 6 0
         46.40637276	 3 1 0
         -115.177243	 3 1 1
         -4967.15751	 3 1 2
         2409.885207	 3 1 3
         50340.79753	 3 1 4
         336.7604663	 3 3 0
        -1171.431906	 3 3 1
        -4833.506614	 3 3 2
     2.549824119e-10	 3 4 0
    -6.796097853e-09	 3 4 1
        -4260.821841	 3 5 0
    -0.0005032563359	 4 0 0
     0.0005757260566	 4 0 1
      0.003367492336	 4 0 2
      0.001502835734	 4 0 3
       0.06908077997	 4 0 4
     1.473580483e-09	 4 1 3
       0.07310849394	 4 2 0
           0.0872549	 4 2 1
       0.01136089988	 4 2 2
        -1.452744943	 4 4 0
        -19.16968666	 5 1 0
        -190.9038871	 5 1 1
        -1391.495009	 5 1 2
     3.950590232e-09	 5 2 1
         3809.981102	 5 3 0
     -0.004340900812	 6 0 0
      -0.07523734934	 6 0 1
       -0.5088041678	 6 0 2
    -7.358513769e-09	 6 1 1
        -3.077040662	 6 2 0
    -5.758915613e-10	 7 0 1
        -487.4194725	 7 1 0
         2.020423364	 8 0 0
#8th order polynomial (117 terms) fit to Bz centered at <	0,	0,	0.3000000119	>, rms residual = 0.00382425729
    -3.975443803e-07	 0 1 0
    -1.792313433e-06	 0 1 1
    -1.497280259e-05	 0 1 2
    -1.865046353e-05	 0 1 3
     0.0003925214531	 0 1 4
     0.0004259235716	 0 1 5
     -0.002683990507	 0 1 6
     -0.003021872442	 0 1 7
     5.906983899e-05	 0 3 0
     2.954986179e-05	 0 3 1
     0.0001807072917	 0 3 2
      0.005548309169	 0 3 3
       0.00423455039	 0 3 4
      -0.02435486182	 0 3 5
     6.559349149e-09	 0 4 4
     -0.007606335113	 0 5 0
     -0.009838544801	 0 5 1
        -0.037416138	 0 5 2
      -0.09874110156	 0 5 3
    -2.952498968e-09	 0 6 0
    -1.187691261e-08	 0 6 1
     2.172250304e-08	 0 6 2
        0.3653398701	 0 7 0
        0.2552560954	 0 7 1
     9.989373536e-08	 0 8 0
        -4.506973781	 1 0 0
        -23.27879268	 1 0 1
         41.92214244	 1 0 2
         528.1534526	 1 0 3
         341.3187852	 1 0 4
        -6527.198025	 1 0 5
        -3695.365704	 1 0 6
         31090.16863	 1 0 7
        -13.90925081	 1 2 0
        -378.3387077	 1 2 1
         189.3124015	 1 2 2
         12713.80755	 1 2 3
        -320.4270328	 1 2 4
        -93849.18525	 1 2 5
     8.769838391e-12	 1 3 2
    -1.056550226e-09	 1 3 4
        -55.91740244	 1 4 0
        -1622.492784	 1 4 1
          2253.42292	 1 4 2
         26500.92585	 1 4 3
     4.879726049e-12	 1 5 0
    -3.415881361e-10	 1 5 1
     5.636108351e-09	 1 5 2
         72.72319889	 1 6 0
         1126.388004	 1 6 1
    -4.695245678e-09	 1 7 0
     4.977411809e-11	 2 0 6
     2.961180367e-06	 2 1 0
    -6.826077333e-05	 2 1 1
      0.000322229689	 2 1 2
     -0.002730559228	 2 1 3
      -0.00467073367	 2 1 4
       0.02368418316	 2 1 5
     3.854298144e-11	 2 2 2
    -1.413623607e-09	 2 2 4
      -0.00169642736	 2 3 0
     -0.002201121517	 2 3 1
       0.02127103918	 2 3 2
      0.002184601751	 2 3 3
    -1.495736449e-09	 2 4 0
    -2.210019925e-09	 2 4 1
      5.79166563e-09	 2 4 2
       0.03578893333	 2 5 0
       -0.1981227313	 2 5 1
     6.739928607e-08	 2 6 0
         -13.8931044	 3 0 0
        -367.7442765	 3 0 1
           198.26262	 3 0 2
         12171.22953	 3 0 3
        -433.8219366	 3 0 4
        -88435.89065	 3 0 5
     2.346282691e-11	 3 1 2
     1.963121882e-10	 3 1 4
        -94.15593132	 3 2 0
        -3088.394292	 3 2 1
         4263.703717	 3 2 2
         50785.95515	 3 2 3
    -2.017265861e-11	 3 3 0
        1.137107e-09	 3 3 1
    -6.003737302e-09	 3 3 2
          25.8887677	 3 4 0
         2563.888003	 3 4 1
     3.910935803e-09	 3 5 0
      0.004763334754	 4 1 0
       0.02775095628	 4 1 1
      -0.02549960014	 4 1 2
      0.002598215647	 4 1 3
     1.297034515e-09	 4 2 0
     1.303351689e-09	 4 2 1
    -3.098634552e-09	 4 2 2
       -0.1732348314	 4 3 0
        0.2310682352	 4 3 1
     4.144028749e-10	 4 4 0
         -50.5431277	 5 0 0
        -1533.626201	 5 0 1
         2129.835229	 5 0 2
         25116.10463	 5 0 3
    -5.217183951e-10	 5 1 1
     1.774386968e-09	 5 1 2
         182.8101222	 5 2 0
         3196.478159	 5 2 1
    -1.858903853e-09	 5 3 0
     2.080757056e-10	 6 0 0
    -6.331499441e-10	 6 0 1
     2.839754271e-10	 6 0 2
       -0.1114400045	 6 1 0
        -1.338833866	 6 1 1
    -5.974721467e-08	 6 2 0
         68.07480937	 7 0 0
         805.5321695	 7 0 1
    -3.080296987e-09	 7 1 0
    -1.294174355e-08	 8 0 0
