#Field Shape
#<B> = (2.02926 4.39778e-07 0.00135975)
#<B^2> = (5.17565 0.000484431 0.044136)
#sigmaBx/Bx0 = 0.506827
#<dBx/dx>/Bx0 = -6.38293e-15
#8th order polynomial (134 terms) fit to Bx centered at <	0,	0,	0.75	>, rms residual = 0.0463125
          2.70911323	 0 0 0
       -0.4924574245	 0 0 1
        -4.264450801	 0 0 2
        -18.79190883	 0 0 3
        -13.67200789	 0 0 4
         58.58713737	 0 0 5
         70.43206342	 0 0 6
        -52.47850826	 0 0 7
        -71.14489315	 0 0 8
         1.958928408	 0 2 0
         7.494309367	 0 2 1
         -22.8194433	 0 2 2
        -65.38412995	 0 2 3
          43.8898685	 0 2 4
         98.92750022	 0 2 5
        -14.65867157	 0 2 6
     3.126476402e-10	 0 3 3
    -2.651301528e-10	 0 3 5
         4.177128104	 0 4 0
        -3.148206312	 0 4 1
         -47.6947293	 0 4 2
         5.017010442	 0 4 3
         89.02435686	 0 4 4
    -1.999645619e-09	 0 5 0
    -1.291875661e-08	 0 5 1
     3.329755693e-09	 0 5 2
    -7.513164332e-09	 0 5 3
        -10.01392467	 0 6 0
         13.53881709	 0 6 1
         40.75691602	 0 6 2
     8.925870557e-08	 0 7 0
     7.280585422e-07	 0 7 1
        -215.8401862	 0 8 0
     1.420040456e-05	 1 1 0
     3.913964001e-05	 1 1 1
    -0.0001299587626	 1 1 2
    -0.0002654786026	 1 1 3
     0.0001437284509	 1 1 4
     0.0003853268029	 1 1 5
      9.41624264e-05	 1 1 6
    -2.121507498e-09	 1 2 3
     2.615245088e-09	 1 2 5
     -0.001296594686	 1 3 0
     -0.001921211567	 1 3 1
      0.009318024344	 1 3 2
      0.002395363159	 1 3 3
     -0.009049586488	 1 3 4
    -6.991212695e-09	 1 4 0
     7.696042272e-08	 1 4 1
      1.01709615e-08	 1 4 2
     -2.02549416e-09	 1 4 3
      -0.01159926121	 1 5 0
       0.04251560977	 1 5 1
       -0.1758867771	 1 5 2
     2.650812901e-07	 1 6 0
    -3.141271512e-06	 1 6 1
         3.178380528	 1 7 0
          5.55621183	 2 0 0
         21.96157015	 2 0 1
        -67.59323968	 2 0 2
        -193.3572014	 2 0 3
         126.4810816	 2 0 4
         294.0922188	 2 0 5
        -34.47529053	 2 0 6
     1.679204139e-09	 2 1 1
    -5.309905849e-09	 2 1 3
     4.498471933e-09	 2 1 5
         6.078254738	 2 2 0
         -7.75395479	 2 2 1
        -230.5298001	 2 2 2
           38.918848	 2 2 3
         470.8851892	 2 2 4
     7.129628524e-09	 2 3 0
    -7.096189926e-08	 2 3 1
    -1.630470739e-08	 2 3 2
     9.610450842e-08	 2 3 3
         206.9420812	 2 4 0
        -187.4906206	 2 4 1
        -242.7080682	 2 4 2
    -1.797621192e-07	 2 5 0
     8.495345977e-07	 2 5 1
        -2254.452475	 2 6 0
    -3.298673503e-10	 3 0 3
     3.493897511e-10	 3 0 5
    -0.0009373704113	 3 1 0
     0.0002620152671	 3 1 1
      0.003970349429	 3 1 2
     7.680508627e-05	 3 1 3
    -0.0001561273545	 3 1 4
     2.044119848e-08	 3 2 0
    -8.338705964e-08	 3 2 1
    -3.381494437e-08	 3 2 2
     1.152745495e-07	 3 2 3
       0.06252533033	 3 3 0
       0.02044461494	 3 3 1
       -0.1056902623	 3 3 2
    -3.368541655e-07	 3 4 0
     2.838043485e-07	 3 4 1
        -3.447399775	 3 5 0
         14.46291446	 4 0 0
        -14.85687037	 4 0 1
        -217.7729071	 4 0 2
          34.3157234	 4 0 3
         423.5235865	 4 0 4
      5.28188585e-09	 4 1 0
    -1.485499402e-07	 4 1 1
    -3.680297219e-09	 4 1 2
     1.696790531e-07	 4 1 3
        -203.3419086	 4 2 0
         149.5214819	 4 2 1
         237.2975575	 4 2 2
     -3.00143366e-07	 4 3 0
     2.916248897e-06	 4 3 1
         5103.940431	 4 4 0
    -2.785627616e-09	 5 0 0
     2.584299148e-08	 5 0 1
     4.946400704e-09	 5 0 2
    -2.485905684e-09	 5 0 3
      0.001130619635	 5 1 0
      -0.02203315057	 5 1 1
       -0.1662918091	 5 1 2
    -7.679774167e-07	 5 2 0
     3.130113789e-06	 5 2 1
         1.348395137	 5 3 0
        0.4079294986	 6 0 0
          8.12690421	 6 0 1
         16.79002189	 6 0 2
    -3.211204401e-07	 6 1 0
     3.842706109e-06	 6 1 1
        -1473.566986	 6 2 0
     1.209065723e-07	 7 0 0
    -1.406766894e-06	 7 0 1
         1.762684238	 7 1 0
         272.8417359	 8 0 0
#8th order polynomial (98 terms) fit to By centered at <	0,	0,	0.75	>, rms residual = 0.01832786512
     1.419398311e-07	 0 0 0
     2.258263254e-06	 0 0 1
     6.580788689e-06	 0 0 2
    -1.334729931e-05	 0 0 3
    -4.799157306e-05	 0 0 4
     4.126481504e-05	 0 0 5
     0.0001368653316	 0 0 6
    -3.816271315e-05	 0 0 7
    -0.0001230047279	 0 0 8
      1.50592442e-05	 0 2 0
     1.270501764e-05	 0 2 1
    -5.689399718e-06	 0 2 2
    -0.0001501791953	 0 2 3
    -6.469741203e-05	 0 2 4
     0.0002539484874	 0 2 5
     0.0001786646446	 0 2 6
     -0.005061672603	 0 4 0
    -0.0002955254002	 0 4 1
     0.0003163230495	 0 4 2
     0.0008822051175	 0 4 3
     0.0005718202868	 0 4 4
         0.565253778	 0 6 0
        0.0083935066	 0 6 1
       -0.0454641254	 0 6 2
      2.48517664e-09	 0 7 0
     4.616170368e-09	 0 7 1
        -19.75597856	 0 8 0
          3.79937766	 1 1 0
         14.90307693	 1 1 1
        -45.80195672	 1 1 2
        -132.6945942	 1 1 3
         86.27396429	 1 1 4
         202.5356355	 1 1 5
        -23.95866359	 1 1 6
         17.06908044	 1 3 0
        -17.33357919	 1 3 1
        -198.1690067	 1 3 2
         30.94810629	 1 3 3
         375.1755821	 1 3 4
        -84.88947885	 1 5 0
         102.4294053	 1 5 1
         149.1068868	 1 5 2
     2.029863761e-09	 1 6 0
    -3.284133369e-09	 1 6 1
         572.9830471	 1 7 0
    -1.550696016e-05	 2 0 0
     1.816938485e-05	 2 0 1
    -6.682006745e-05	 2 0 2
     8.613396453e-06	 2 0 3
     0.0003645909023	 2 0 4
    -6.870693661e-05	 2 0 5
    -0.0004094201639	 2 0 6
     -0.001503566228	 2 2 0
      0.001472385479	 2 2 1
     0.0006027604913	 2 2 2
    -0.0006308303141	 2 2 3
     0.0004265596122	 2 2 4
        0.1035797022	 2 4 0
      -0.03587149405	 2 4 1
       0.05030700978	 2 4 2
    -6.154610397e-11	 2 5 1
       -0.7819613431	 2 6 0
         4.636247197	 3 1 0
        -6.620185385	 3 1 1
        -162.0602036	 3 1 2
         29.72888639	 3 1 3
          330.689318	 3 1 4
         258.6631066	 3 3 0
        -201.2560912	 3 3 1
        -234.4303965	 3 3 2
    -1.830465123e-09	 3 4 0
     3.830834771e-09	 3 4 1
        -4622.341549	 3 5 0
      0.004832542966	 4 0 0
     -0.002731282008	 4 0 1
     9.889693585e-05	 4 0 2
      0.002587522979	 4 0 3
     -0.003032909066	 4 0 4
       0.08455795812	 4 2 0
       -0.0496191886	 4 2 1
       -0.1389897274	 4 2 2
    -2.117229141e-10	 4 3 1
        -7.128068011	 4 4 0
         -86.0071962	 5 1 0
         46.22109201	 5 1 1
         83.52640301	 5 1 2
     7.391558383e-10	 5 2 0
    -1.771003258e-09	 5 2 1
         3969.666376	 5 3 0
       -0.4705370182	 6 0 0
       0.09145338101	 6 0 1
       0.06604351871	 6 0 2
     1.235858168e-09	 6 1 1
         2.995504734	 6 2 0
     6.747914103e-10	 7 0 0
    -1.138829069e-09	 7 0 1
        -175.3005463	 7 1 0
         14.13262193	 8 0 0
#8th order polynomial (114 terms) fit to Bz centered at <	0,	0,	0.75	>, rms residual = 0.05529600473
     1.958495823e-06	 0 1 0
     7.856607039e-06	 0 1 1
    -4.451204736e-05	 0 1 2
    -0.0001163423006	 0 1 3
      0.000236299204	 0 1 4
     0.0005100763105	 0 1 5
    -0.0002880304277	 0 1 6
    -0.0005802048149	 0 1 7
    -1.380947192e-06	 0 3 0
    -0.0001638783259	 0 3 1
     4.292182877e-06	 0 3 2
     0.0005177134828	 0 3 3
    -4.650842729e-05	 0 3 4
     -0.000725255622	 0 3 5
     0.0008752220826	 0 5 0
      0.009572916845	 0 5 1
      0.002338604213	 0 5 2
      0.000489908367	 0 5 3
     2.559665067e-08	 0 6 0
     1.191955356e-09	 0 6 1
    -1.514383703e-08	 0 6 2
      -0.07698226642	 0 7 0
       -0.3550554397	 0 7 1
    -1.603775269e-06	 0 8 0
       -0.6304095031	 1 0 0
        -11.52116202	 1 0 1
        -45.89412899	 1 0 2
         7.925535138	 1 0 3
         219.0557333	 1 0 4
         130.7845573	 1 0 5
         -248.021014	 1 0 6
        -198.9970959	 1 0 7
         1.752290421	 1 2 0
        -70.12327738	 1 2 1
        -60.02872008	 1 2 2
         412.2112149	 1 2 3
         144.2903217	 1 2 4
        -513.9174379	 1 2 5
        -3.790088351	 1 4 0
        -25.27848868	 1 4 1
          18.2012901	 1 4 2
         80.64687506	 1 4 3
     5.336646343e-09	 1 5 0
     1.000508886e-09	 1 5 1
    -1.516215279e-10	 1 5 2
         14.71960528	 1 6 0
         1.092823335	 1 6 1
    -3.048574835e-07	 1 7 0
     1.932588594e-05	 2 1 0
    -6.812110098e-05	 2 1 1
    -1.523124223e-05	 2 1 2
     0.0005019245419	 2 1 3
      7.58552716e-05	 2 1 4
     -0.001014395734	 2 1 5
     7.983640392e-10	 2 2 2
      -1.2071387e-09	 2 2 4
      0.003723838242	 2 3 0
       0.01706289649	 2 3 1
      0.001273338645	 2 3 2
     -0.002328313352	 2 3 3
    -1.223754507e-09	 2 4 0
    -9.848549421e-10	 2 4 1
    -1.315986709e-08	 2 4 2
      -0.02560572031	 2 5 0
       -0.1073262632	 2 5 1
      1.77576372e-07	 2 6 0
         1.792620619	 3 0 0
        -68.87014997	 3 0 1
        -59.82054693	 3 0 2
         403.6964176	 3 0 3
         143.6844497	 3 0 4
        -501.5188909	 3 0 5
     5.750475354e-11	 3 1 2
       -0.6608679045	 3 2 0
        -20.39499702	 3 2 1
         24.91602471	 3 2 2
         93.46474185	 3 2 3
    -1.070783745e-08	 3 3 0
    -2.342437187e-09	 3 3 1
    -1.231377785e-09	 3 3 2
        -48.90258469	 3 4 0
        -123.5211741	 3 4 1
     2.901433614e-07	 3 5 0
     1.183757614e-10	 4 0 2
     -0.006775760045	 4 1 0
      -0.01157652527	 4 1 1
    -0.0001064569798	 4 1 2
       0.01875243612	 4 1 3
    -2.564288248e-08	 4 2 0
    -3.269073347e-09	 4 2 1
    -3.449988378e-09	 4 2 2
       -0.2238915046	 4 3 0
       -0.9960888766	 4 3 1
     3.024483861e-07	 4 4 0
        -2.345986662	 5 0 0
        -18.61640807	 5 0 1
         15.39733151	 5 0 2
         63.28275178	 5 0 3
     2.850103595e-09	 5 1 0
     8.528870985e-10	 5 1 1
    -4.396486859e-09	 5 1 2
          1.88664659	 5 2 0
         4.101903901	 5 2 1
      4.55195414e-07	 5 3 0
     1.327960672e-08	 6 0 0
     4.896593706e-09	 6 0 1
    -1.031295367e-08	 6 0 2
        0.3859096208	 6 1 0
        0.6022768257	 6 1 1
     1.273470955e-06	 6 2 0
          2.86049048	 7 0 0
         4.384070953	 7 0 1
    -1.691650566e-07	 7 1 0
    -8.352461752e-07	 8 0 0
