#Field Shape
#<B> = (2.06813 6.94482e-07 0.000689949)
#<B^2> = (5.0507 6.90988e-05 0.010638)
#sigmaBx/Bx0 = 0.425263
#<dBx/dx>/Bx0 = -8.94706e-16
#8th order polynomial (129 terms) fit to Bx centered at <	0,	0,	0.75	>, rms residual = 0.0267586
         2.623335651	 0 0 0
        -1.166143995	 0 0 1
         -5.32893553	 0 0 2
        -9.670131689	 0 0 3
         7.839665122	 0 0 4
         33.08074858	 0 0 5
         3.270206962	 0 0 6
        -30.89433107	 0 0 7
        -10.98892295	 0 0 8
         2.403493853	 0 2 0
         4.917790923	 0 2 1
        -30.07975987	 0 2 2
        -45.76695004	 0 2 3
         80.53300421	 0 2 4
         68.33961396	 0 2 5
        -63.94227598	 0 2 6
         4.333296774	 0 4 0
        -1.479042943	 0 4 1
        -48.26800252	 0 4 2
        -1.598438045	 0 4 3
         84.46000946	 0 4 4
     4.771644487e-09	 0 5 1
     6.459071989e-10	 0 5 2
    -2.137775137e-09	 0 5 3
         5.284039499	 0 6 0
         20.33968743	 0 6 1
         18.71740554	 0 6 2
    -7.043720866e-09	 0 7 0
    -2.642890177e-07	 0 7 1
        -533.1585321	 0 8 0
    -3.028723701e-05	 1 1 0
    -0.0001156185313	 1 1 1
     0.0001400096876	 1 1 2
     0.0009046727046	 1 1 3
     0.0003018758806	 1 1 4
     -0.001296371206	 1 1 5
    -0.0007915008257	 1 1 6
     3.231864094e-10	 1 2 5
     0.0003450492779	 1 3 0
    -0.0001095100866	 1 3 1
    -5.546493069e-05	 1 3 2
      0.002425078229	 1 3 3
     -0.005055664622	 1 3 4
    -1.137396516e-09	 1 4 0
     8.189557371e-09	 1 4 1
     2.364048241e-09	 1 4 2
    -1.851352835e-08	 1 4 3
       0.04047778886	 1 5 0
     -0.009916348569	 1 5 1
       0.06265338562	 1 5 2
     3.249809728e-08	 1 6 0
    -2.074575749e-07	 1 6 1
        -3.501777516	 1 7 0
         3.929244123	 2 0 0
         5.871441113	 2 0 1
        -68.05242868	 2 0 2
        -65.49318077	 2 0 3
         225.7353731	 2 0 4
         106.2983921	 2 0 5
        -211.1061237	 2 0 6
    -1.259077021e-09	 2 1 3
     1.642299903e-09	 2 1 5
       -0.2896498386	 2 2 0
        -0.239014856	 2 2 1
         -120.793779	 2 2 2
         20.26539242	 2 2 3
         251.1464854	 2 2 4
     1.072767445e-09	 2 3 0
    -2.908365327e-10	 2 3 1
    -3.833093684e-09	 2 3 2
     2.049289403e-08	 2 3 3
         215.5039618	 2 4 0
        -200.4812126	 2 4 1
        -241.6379341	 2 4 2
    -1.764579841e-08	 2 5 0
     6.259816194e-08	 2 5 1
        -2457.849884	 2 6 0
    -7.165420403e-10	 3 0 3
     7.688321736e-10	 3 0 5
       0.00149860598	 3 1 0
    -0.0003465770537	 3 1 1
     0.0007413048041	 3 1 2
      -0.00120677545	 3 1 3
      0.001302374204	 3 1 4
     3.457629064e-09	 3 2 0
    -2.347610672e-08	 3 2 1
    -7.757066954e-09	 3 2 2
     2.763989767e-08	 3 2 3
      -0.09904695659	 3 3 0
      -0.03716679102	 3 3 1
       0.06997294816	 3 3 2
    -4.327885496e-08	 3 4 0
     4.078128269e-07	 3 4 1
         3.464396462	 3 5 0
         7.525426607	 4 0 0
        -9.779497217	 4 0 1
        -105.5751376	 4 0 2
         23.90135444	 4 0 3
         206.5112963	 4 0 4
     7.548169633e-10	 4 1 0
     1.964933301e-08	 4 1 1
    -6.107954835e-10	 4 1 2
     1.692977806e-08	 4 1 3
        -192.7663786	 4 2 0
         132.0460197	 4 2 1
         219.4170737	 4 2 2
    -2.611679527e-08	 4 3 0
    -5.234074403e-07	 4 3 1
         4863.245511	 4 4 0
    -6.997467601e-10	 5 0 0
     2.180535223e-08	 5 0 1
     1.340005927e-09	 5 0 2
     1.193035482e-08	 5 0 3
       -0.1637074385	 5 1 0
       0.07409253186	 5 1 1
       -0.1051061906	 5 1 2
     -1.02348844e-07	 5 2 0
     5.431652007e-07	 5 2 1
         2.218982129	 5 3 0
         10.84681323	 6 0 0
       -0.4495136058	 6 0 1
          4.99024319	 6 0 2
    -4.732841821e-08	 6 1 0
    -7.750195216e-07	 6 1 1
        -1656.463741	 6 2 0
     2.753264027e-08	 7 0 0
    -1.147232338e-06	 7 0 1
         5.788018459	 7 1 0
         20.69804732	 8 0 0
#8th order polynomial (94 terms) fit to By centered at <	0,	0,	0.75	>, rms residual = 0.007159722176
    -7.511326284e-07	 0 0 0
    -2.526604991e-06	 0 0 1
     4.959009681e-06	 0 0 2
     5.720532257e-05	 0 0 3
     6.991228877e-05	 0 0 4
    -0.0001599164384	 0 0 5
    -0.0002598847743	 0 0 6
     0.0001330485084	 0 0 7
      0.000241488156	 0 0 8
    -1.643241088e-05	 0 2 0
    -0.0001247833259	 0 2 1
     0.0001280292636	 0 2 2
     0.0009134202388	 0 2 3
     0.0003286549739	 0 2 4
     -0.001289209039	 0 2 5
    -0.0008958128875	 0 2 6
    -0.0005035988666	 0 4 0
     0.0006059727535	 0 4 1
     -0.001426824494	 0 4 2
     0.0001018062855	 0 4 3
      0.001271139899	 0 4 4
       0.04851644618	 0 6 0
      -0.01665711359	 0 6 1
       0.03605863517	 0 6 2
     8.218752974e-10	 0 7 1
        -2.234249528	 0 8 0
         1.746626128	 1 1 0
        0.9553455304	 1 1 1
        -39.68956146	 1 1 2
        -20.92757138	 1 1 3
         152.4442947	 1 1 4
          39.8500219	 1 1 5
        -155.8019127	 1 1 6
         9.714242395	 1 3 0
        -14.35905905	 1 3 1
        -81.60564656	 1 3 2
         27.43795194	 1 3 3
         156.7106638	 1 3 4
        -90.81747938	 1 5 0
         100.1733641	 1 5 1
         132.9604092	 1 5 2
     1.192753619e-09	 1 6 0
           719.24641	 1 7 0
      3.64157593e-06	 2 0 0
      -1.4479526e-05	 2 0 1
    -1.178831364e-05	 2 0 2
     6.865894042e-05	 2 0 3
     2.097213075e-05	 2 0 4
     -8.15219505e-05	 2 0 5
    -2.420273577e-05	 2 0 6
     -0.001773764661	 2 2 0
      0.001458773657	 2 2 1
      -0.00123390615	 2 2 2
    -0.0009464137544	 2 2 3
    -0.0002568623336	 2 2 4
        0.1390968075	 2 4 0
      -0.01966591727	 2 4 1
      -0.02199762279	 2 4 2
    -3.675269215e-10	 2 5 1
        0.4619600188	 2 6 0
        -2.698397728	 3 1 0
        -3.381182958	 3 1 1
        -46.20611125	 3 1 2
         25.52241012	 3 1 3
         113.2964625	 3 1 4
          257.543202	 3 3 0
        -202.6815245	 3 3 1
        -284.3980052	 3 3 2
     1.310176493e-09	 3 4 0
        -4300.641915	 3 5 0
      0.001123692176	 4 0 0
     0.0006618327188	 4 0 1
     -0.003049383605	 4 0 2
    -0.0006995574757	 4 0 3
    -3.301014131e-05	 4 0 4
       0.07423170602	 4 2 0
      -0.06681335434	 4 2 1
        0.1688385228	 4 2 2
        -10.31487163	 4 4 0
         -83.1339309	 5 1 0
         43.44228344	 5 1 1
         61.47142507	 5 1 2
    -1.291374946e-09	 5 2 0
    -2.479752577e-09	 5 2 1
          3980.80901	 5 3 0
      -0.09094441003	 6 0 0
       -0.0168482682	 6 0 1
        0.1272791554	 6 0 2
     2.832982866e-09	 6 1 0
         3.139947516	 6 2 0
     2.302759253e-09	 7 0 0
     1.195699167e-09	 7 0 1
        -183.2743774	 7 1 0
         1.720045158	 8 0 0
#8th order polynomial (112 terms) fit to Bz centered at <	0,	0,	0.75	>, rms residual = 0.02722503343
     3.587707742e-06	 0 1 0
     5.232222273e-05	 0 1 1
     0.0002241826238	 0 1 2
     7.457652126e-05	 0 1 3
    -0.0009579480874	 0 1 4
    -0.0009215121711	 0 1 5
      0.001007150237	 0 1 6
      0.001145094954	 0 1 7
    -1.944603359e-05	 0 3 0
     0.0002591446765	 0 3 1
     0.0005071182433	 0 3 2
    -0.0007865005365	 0 3 3
     -0.001113073814	 0 3 4
     0.0006038708412	 0 3 5
     1.996736472e-10	 0 4 0
    -0.0001232315219	 0 5 0
     -0.008036200627	 0 5 1
     0.0009090593266	 0 5 2
     0.0004522393143	 0 5 3
    -4.374562876e-08	 0 6 0
     3.939903279e-10	 0 6 2
      -0.01342865833	 0 7 0
        0.2892499824	 0 7 1
      2.01275448e-06	 0 8 0
       -0.7751467761	 1 0 0
        -8.934308399	 1 0 1
        -15.07897314	 1 0 2
          49.3606623	 1 0 3
         84.33174222	 1 0 4
        -88.56198131	 1 0 5
        -101.7802157	 1 0 6
         50.24570311	 1 0 7
       -0.7038354368	 1 2 0
        -42.71165365	 1 2 1
        -2.939382226	 1 2 2
         279.5994014	 1 2 3
         18.36557444	 1 2 4
        -380.4753188	 1 2 5
        -2.156712201	 1 4 0
        -11.25145104	 1 4 1
         6.174675372	 1 4 2
         30.23879711	 1 4 3
     4.666944114e-11	 1 5 0
     2.005541279e-10	 1 5 1
    -4.790247123e-10	 1 5 2
         15.30065738	 1 6 0
         21.26953257	 1 6 1
    -8.014482484e-09	 1 7 0
    -3.493740216e-05	 2 1 0
     0.0002350206717	 2 1 1
     0.0005769627535	 2 1 2
    -0.0008021039317	 2 1 3
     -0.001160965319	 2 1 4
     0.0006715917901	 2 1 5
    -2.064575712e-05	 2 3 0
       0.00124074684	 2 3 1
    -0.0003675048222	 2 3 2
     -0.009250089509	 2 3 3
     4.418871039e-09	 2 4 0
    -6.966181246e-10	 2 4 1
    -1.529068281e-09	 2 4 2
       0.04739897009	 2 5 0
       0.04033837371	 2 5 1
    -2.169604645e-07	 2 6 0
       -0.6579155956	 3 0 0
        -41.86845441	 3 0 1
         -2.89522376	 3 0 2
         274.2519202	 3 0 3
         18.12013476	 3 0 4
        -372.9078571	 3 0 5
         2.516031565	 3 2 0
         8.162688805	 3 2 1
         0.869056535	 3 2 2
        -7.085633115	 3 2 3
    -1.042676529e-09	 3 3 0
    -3.356094696e-10	 3 3 1
     1.848148887e-09	 3 3 2
        -46.03510758	 3 4 0
        -103.6504254	 3 4 1
     7.405861425e-08	 3 5 0
    -4.678713182e-11	 4 0 0
     4.119746751e-11	 4 0 2
      0.001485714627	 4 1 0
     -0.007284587669	 4 1 1
     -0.003082315377	 4 1 2
      0.001385093192	 4 1 3
    -1.699932558e-09	 4 2 0
     6.491202824e-10	 4 2 1
     1.116412356e-09	 4 2 2
      -0.05232663358	 4 3 0
        0.1604143451	 4 3 1
     2.336867414e-08	 4 4 0
       -0.2559409587	 5 0 0
        -3.382508007	 5 0 1
         2.813875456	 5 0 2
         11.26846619	 5 0 3
     8.206230552e-10	 5 1 0
     2.272456953e-10	 5 1 1
    -9.887295542e-10	 5 1 2
         7.085228015	 5 2 0
         16.73845015	 5 2 1
    -4.217668299e-08	 5 3 0
     5.471794567e-09	 6 0 0
    -4.987821726e-10	 6 0 1
     -2.36176423e-09	 6 0 2
      -0.02649727745	 6 1 0
        0.2732896925	 6 1 1
     1.761876121e-08	 6 2 0
         -9.83789247	 7 0 0
       -0.6084096345	 7 0 1
    -2.182099624e-08	 7 1 0
    -1.701564803e-07	 8 0 0
