#Field Shape
#<B> = (2.07355 9.10697e-07 0.000626159)
#<B^2> = (5.05086 5.64128e-05 0.00885861)
#sigmaBx/Bx0 = 0.417999
#<dBx/dx>/Bx0 = -3.56947e-15
#8th order polynomial (130 terms) fit to Bx centered at <	0,	0,	0.75	>, rms residual = 0.0255998
         2.615172563	 0 0 0
        -1.180705429	 0 0 1
        -5.194543548	 0 0 2
        -9.172630926	 0 0 3
         7.816583079	 0 0 4
         31.46758548	 0 0 5
         2.399657757	 0 0 6
        -29.41168615	 0 0 7
        -9.916384373	 0 0 8
         2.434034577	 0 2 0
         4.875181353	 0 2 1
        -30.14814478	 0 2 2
        -45.51770595	 0 2 3
         80.20056837	 0 2 4
         67.86357752	 0 2 5
        -63.47082449	 0 2 6
          4.79871611	 0 4 0
        -1.540472484	 0 4 1
        -50.19229507	 0 4 2
        -2.151884773	 0 4 3
         87.64811691	 0 4 4
     5.948589863e-09	 0 5 1
     9.228115283e-10	 0 5 2
     -2.65271239e-09	 0 5 3
        -18.30841011	 0 6 0
         22.90718252	 0 6 1
         29.96504348	 0 6 2
    -1.226402958e-08	 0 7 0
     -3.28955772e-07	 0 7 1
         82.56366516	 0 8 0
    -3.137459301e-05	 1 1 0
    -0.0001536573632	 1 1 1
     0.0002114315918	 1 1 2
      0.001192022027	 1 1 3
     0.0002045823302	 1 1 4
     -0.001704217687	 1 1 5
    -0.0008156124894	 1 1 6
    -1.047292787e-09	 1 2 3
     1.352168834e-09	 1 2 5
     0.0001787056037	 1 3 0
     0.0001724094508	 1 3 1
      0.001542880683	 1 3 2
     -1.69969727e-06	 1 3 3
    -0.0009808529433	 1 3 4
    -1.587224134e-09	 1 4 0
     3.110700429e-08	 1 4 1
     3.064538279e-09	 1 4 2
     5.590191629e-11	 1 4 3
       -0.0880158467	 1 5 0
       0.01484694416	 1 5 1
      -0.09816206732	 1 5 2
     4.638881883e-08	 1 6 0
    -1.227888597e-06	 1 6 1
         4.644776123	 1 7 0
         3.698723787	 2 0 0
         5.246457061	 2 0 1
        -64.64770108	 2 0 2
        -59.52759024	 2 0 3
         216.6457541	 2 0 4
         97.08673906	 2 0 5
        -204.4353241	 2 0 6
    -1.334290194e-09	 2 1 3
     1.714304608e-09	 2 1 5
       -0.4162994513	 2 2 0
       -0.1065575174	 2 2 1
        -113.5993576	 2 2 2
          19.0636591	 2 2 3
         237.4755831	 2 2 4
     1.249694252e-09	 2 3 0
    -2.081254719e-09	 2 3 1
    -4.814856495e-09	 2 3 2
     2.374296322e-08	 2 3 3
         196.6056468	 2 4 0
        -187.9446844	 2 4 1
         -257.638721	 2 4 2
    -7.779482021e-09	 2 5 0
      9.80931305e-08	 2 5 1
        -2031.221522	 2 6 0
      -1.9492735e-10	 3 0 3
     2.289975722e-10	 3 0 5
    -0.0006292310455	 3 1 0
     0.0007547539192	 3 1 1
    -0.0003088308404	 3 1 2
     0.0008202631111	 3 1 3
     -0.003578280871	 3 1 4
     4.900843681e-09	 3 2 0
    -2.230500647e-08	 3 2 1
    -1.014427278e-08	 3 2 2
     4.294201652e-08	 3 2 3
       0.04274843467	 3 3 0
      -0.02164137875	 3 3 1
        0.0759177402	 3 3 2
    -5.643800925e-08	 3 4 0
    -1.898389669e-07	 3 4 1
        -1.058440962	 3 5 0
         7.129736082	 4 0 0
        -9.374413429	 4 0 1
        -97.59641213	 4 0 2
         22.93495794	 4 0 3
         190.9834254	 4 0 4
     1.378954578e-09	 4 1 0
     1.955140508e-08	 4 1 1
    -1.232705914e-09	 4 1 2
     2.008025411e-08	 4 1 3
        -206.9105301	 4 2 0
         140.7370971	 4 2 1
         207.1612089	 4 2 2
    -6.026695317e-08	 4 3 0
    -4.399436973e-07	 4 3 1
          5412.75052	 4 4 0
    -7.918046643e-10	 5 0 0
     1.115757728e-08	 5 0 1
     1.556066187e-09	 5 0 2
    -6.821696205e-10	 5 0 3
       0.05898693085	 5 1 0
      -0.04499144957	 5 1 1
       0.08486531858	 5 1 2
    -1.738387608e-07	 5 2 0
     7.576883654e-07	 5 2 1
        -2.088728261	 5 3 0
         6.553934571	 6 0 0
       -0.9080129365	 6 0 1
          8.94470284	 6 0 2
    -7.594111714e-08	 6 1 0
    -7.751294891e-07	 6 1 1
        -1411.812448	 6 2 0
     3.318298548e-08	 7 0 0
    -5.857141997e-07	 7 0 1
        -1.853912165	 7 1 0
         83.33256929	 8 0 0
#8th order polynomial (95 terms) fit to By centered at <	0,	0,	0.75	>, rms residual = 0.006617179777
    -1.195160572e-06	 0 0 0
    -4.073161117e-06	 0 0 1
     9.745611725e-06	 0 0 2
     8.298153744e-05	 0 0 3
     8.172380318e-05	 0 0 4
    -0.0002345470212	 0 0 5
     -0.000328446218	 0 0 6
     0.0001985950323	 0 0 7
     0.0003101965336	 0 0 8
    -2.794671391e-05	 0 2 0
     -0.000163784268	 0 2 1
     0.0001681118463	 0 2 2
      0.001255007066	 0 2 3
     0.0003004683951	 0 2 4
     -0.001779936501	 0 2 5
    -0.0009521032317	 0 2 6
     0.0007077871345	 0 4 0
     0.0005532417698	 0 4 1
      0.002027390553	 0 4 2
    -0.0003327813641	 0 4 3
      -0.00234947634	 0 4 4
       -0.1157440657	 0 6 0
      -0.02101038428	 0 6 1
      -0.03726854027	 0 6 2
     -1.46588567e-09	 0 7 1
         4.657455778	 0 8 0
         1.484933444	 1 1 0
        0.3485735915	 1 1 1
        -36.17811353	 1 1 2
        -15.02142874	 1 1 3
         143.4856302	 1 1 4
          30.8298862	 1 1 5
         -149.355954	 1 1 6
          8.90673145	 1 3 0
        -13.72167333	 1 3 1
        -72.17506144	 1 3 2
         26.59244572	 1 3 3
         138.8252763	 1 3 4
        -79.96484282	 1 5 0
         95.77892387	 1 5 1
         133.9747011	 1 5 2
    -2.104383427e-10	 1 6 0
         504.8095098	 1 7 0
     5.530019582e-06	 2 0 0
    -1.691107589e-05	 2 0 1
    -5.011875774e-05	 2 0 2
     0.0001103144627	 2 0 3
     0.0001447572203	 2 0 4
    -0.0001627674144	 2 0 5
    -0.0001535925185	 2 0 6
     0.0001160340666	 2 2 0
     0.0005275834252	 2 2 1
    -0.0001704546464	 2 2 2
    -0.0008431825137	 2 2 3
     -0.001967600889	 2 2 4
      -0.02948030294	 2 4 0
     -0.003075025175	 2 4 1
       0.08505419293	 2 4 2
        0.7288888917	 2 6 0
        -3.489294685	 3 1 0
        -2.730099109	 3 1 1
        -36.72891915	 3 1 2
         24.58386095	 3 1 3
          95.3633147	 3 1 4
         272.4539416	 3 3 0
        -213.6210314	 3 3 1
        -275.6765833	 3 3 2
     7.222086012e-10	 3 4 0
     5.465269122e-09	 3 4 1
        -4732.071698	 3 5 0
     0.0002630676001	 4 0 0
    -9.587474028e-05	 4 0 1
      0.001060122485	 4 0 2
     -8.79643537e-05	 4 0 3
     -0.002639874074	 4 0 4
      0.003433461845	 4 2 0
     -0.006111401284	 4 2 1
       0.01414503884	 4 2 2
    -2.569750014e-09	 4 3 1
      0.005984855037	 4 4 0
        -75.53464909	 5 1 0
         40.27515395	 5 1 1
          62.9800714	 5 1 2
    -6.440954986e-09	 5 2 1
         3749.350493	 5 3 0
      -0.04004031873	 6 0 0
      0.006622851392	 6 0 1
      0.009684199912	 6 0 2
     2.395722724e-09	 6 1 0
     1.862492103e-09	 6 1 1
       -0.1946463537	 6 2 0
       6.3568793e-11	 7 0 0
     4.201101869e-09	 7 0 1
        -327.6826811	 7 1 0
         1.524102138	 8 0 0
#8th order polynomial (112 terms) fit to Bz centered at <	0,	0,	0.75	>, rms residual = 0.02562130867
     5.185490133e-06	 0 1 0
     7.298901581e-05	 0 1 1
      0.000294113748	 0 1 2
      5.90769947e-05	 0 1 3
     -0.001276582402	 0 1 4
     -0.001113636988	 0 1 5
      0.001353684673	 0 1 6
      0.001429766126	 0 1 7
    -4.325952219e-05	 0 3 0
     0.0001868886785	 0 3 1
     0.0007181220119	 0 3 2
     -0.001118089808	 0 3 3
     -0.001522402021	 0 3 4
     0.0009525548715	 0 3 5
     2.327036202e-10	 0 4 0
     1.472946619e-05	 0 5 0
       0.01022041165	 0 5 1
    -0.0005023830647	 0 5 2
      -0.00152651397	 0 5 3
    -4.678586335e-08	 0 6 0
    -8.614338485e-10	 0 6 2
       0.03813816294	 0 7 0
       -0.3615395811	 0 7 1
     2.101494729e-06	 0 8 0
       -0.7187734845	 1 0 0
        -8.283802647	 1 0 1
        -13.56182574	 1 0 2
         47.00909499	 1 0 3
         76.68799054	 1 0 4
        -87.20392877	 1 0 5
        -93.05823684	 1 0 6
         51.72503514	 1 0 7
       -0.7542826271	 1 2 0
        -39.70672865	 1 2 1
       -0.7455133381	 1 2 2
         262.1292155	 1 2 3
         12.94204892	 1 2 4
         -358.775964	 1 2 5
        -1.694230219	 1 4 0
        -10.34299417	 1 4 1
         4.988553236	 1 4 2
         26.26647116	 1 4 3
      2.83983186e-10	 1 5 0
     7.416914642e-11	 1 5 1
    -4.613087948e-10	 1 5 2
         7.745997691	 1 6 0
          25.3752264	 1 6 1
    -1.989572899e-08	 1 7 0
    -4.053088235e-05	 2 1 0
     0.0002251381117	 2 1 1
     0.0007524329745	 2 1 2
     -0.001305582257	 2 1 3
      -0.00160993071	 2 1 4
      0.001196395235	 2 1 5
      0.001823031351	 2 3 0
       0.01412846419	 2 3 1
     0.0002197138202	 2 3 2
     -0.009499647001	 2 3 3
     2.810520107e-09	 2 4 0
    -2.838608466e-11	 2 4 1
      9.55356829e-11	 2 4 2
      -0.08886880702	 2 5 0
       -0.4169905171	 2 5 1
    -1.593528718e-07	 2 6 0
       -0.7012773163	 3 0 0
        -38.89208043	 3 0 1
       -0.7106798175	 3 0 2
         256.9947259	 3 0 3
          12.6951948	 3 0 4
        -351.5414931	 3 0 5
         2.654996898	 3 2 0
         9.695083251	 3 2 1
       -0.9687014306	 3 2 2
        -14.52523553	 3 2 3
    -1.267810824e-09	 3 3 0
    -2.186186783e-10	 3 3 1
     1.375509073e-09	 3 3 2
        -53.89084062	 3 4 0
        -84.62076768	 3 4 1
     8.076324903e-08	 3 5 0
     8.383877909e-12	 4 0 0
       -3.244423e-11	 4 0 2
     0.0002128669686	 4 1 0
      0.005356387012	 4 1 1
     -0.001280660047	 4 1 2
      0.004065363251	 4 1 3
    -2.639899758e-09	 4 2 0
    -1.794554767e-10	 4 2 1
     3.195194117e-10	 4 2 2
       -0.0323508569	 4 3 0
       -0.2232578745	 4 3 1
     8.638182285e-08	 4 4 0
       -0.6518372968	 5 0 0
        -2.311538443	 5 0 1
         2.295877882	 5 0 2
         7.355100382	 5 0 3
     7.642878347e-10	 5 1 0
     7.478919916e-11	 5 1 1
    -8.173752156e-10	 5 1 2
         20.13260888	 5 2 0
         33.13798346	 5 2 1
    -2.329014552e-08	 5 3 0
    -1.125179924e-09	 6 0 0
    -6.920392011e-11	 6 0 1
     2.272765109e-09	 6 0 2
       0.03287907362	 6 1 0
        -0.252830427	 6 1 1
     5.939522739e-08	 6 2 0
         4.833187768	 7 0 0
         1.497773597	 7 0 1
    -1.949666118e-08	 7 1 0
     4.390566175e-08	 8 0 0
