#Field Shape
#<B> = (2.01206 4.1016e-09 0.00144422)
#<B^2> = (5.12147 0.000281698 0.041414)
#sigmaBx/Bx0 = 0.51484
#<dBx/dx>/Bx0 = 1.83928e-15
#8th order polynomial (125 terms) fit to Bx centered at <	0,	0,	0.75	>, rms residual = 0.0327884
         2.708513781	 0 0 0
       -0.9139295794	 0 0 1
        -5.919565521	 0 0 2
        -14.99834567	 0 0 3
         1.976665632	 0 0 4
         47.83259383	 0 0 5
         25.88947554	 0 0 6
        -43.13929217	 0 0 7
        -32.02901525	 0 0 8
         1.968825841	 0 2 0
         5.633292601	 0 2 1
         -26.2476047	 0 2 2
        -51.27781801	 0 2 3
         66.76799716	 0 2 4
         77.70822853	 0 2 5
        -47.00556183	 0 2 6
         3.892675998	 0 4 0
        -3.169716509	 0 4 1
         -42.6355041	 0 4 2
         4.043645509	 0 4 3
         78.22922938	 0 4 4
     1.990348798e-09	 0 5 0
    -7.162124929e-09	 0 5 1
    -2.248922132e-09	 0 5 2
     5.054181765e-09	 0 5 3
        -10.96914604	 0 6 0
         21.24606315	 0 6 1
         31.65790002	 0 6 2
    -1.047350459e-07	 0 7 0
     3.613281289e-07	 0 7 1
         -65.9333943	 0 8 0
    -3.989006182e-07	 1 1 0
     8.528674865e-08	 1 1 1
     1.727356319e-06	 1 1 2
     2.446377695e-06	 1 1 3
    -3.003172916e-06	 1 1 4
    -5.508828937e-06	 1 1 5
    -1.238882295e-06	 1 1 6
     6.057317463e-05	 1 3 0
     1.770367129e-07	 1 3 1
    -3.183613755e-05	 1 3 2
      4.40799951e-05	 1 3 3
     3.391344581e-05	 1 3 4
     2.520949518e-09	 1 4 0
    -1.021598821e-08	 1 4 1
    -3.855889414e-09	 1 4 2
     8.088318774e-09	 1 4 3
     -0.001999011534	 1 5 0
     -0.002247791946	 1 5 1
      0.001461790025	 1 5 2
    -7.217475896e-08	 1 6 0
     3.303885192e-07	 1 6 1
      -0.04881467563	 1 7 0
          5.69291955	 2 0 0
         16.43822514	 2 0 1
        -77.36502193	 2 0 2
        -148.8116856	 2 0 3
         194.8192598	 2 0 4
         225.2639368	 2 0 5
        -134.5634069	 2 0 6
         4.218600071	 2 2 0
        -1.740605325	 2 2 1
        -188.7853107	 2 2 2
         18.83559874	 2 2 3
         376.6374642	 2 2 4
    -1.044937193e-08	 2 3 0
     3.925170031e-08	 2 3 1
     1.357836131e-08	 2 3 2
     -3.09561979e-08	 2 3 3
         206.2900807	 2 4 0
        -190.6997074	 2 4 1
        -241.0017941	 2 4 2
     4.091276246e-07	 2 5 0
     -1.46487815e-06	 2 5 1
        -2447.973246	 2 6 0
     7.286264827e-05	 3 1 0
    -4.018604064e-05	 3 1 1
    -9.696024983e-05	 3 1 2
     0.0001071828151	 3 1 3
      0.000275145218	 3 1 4
    -1.385666694e-08	 3 2 0
     5.332819273e-08	 3 2 1
     1.653012119e-08	 3 2 2
    -3.829456567e-08	 3 2 3
     -0.009163579469	 3 3 0
      0.001704259633	 3 3 1
    -0.0006009448574	 3 3 2
     3.187911451e-07	 3 4 0
    -1.187411681e-06	 3 4 1
        0.2461494884	 3 5 0
         12.58113613	 4 0 0
        -9.375787775	 4 0 1
        -180.0824311	 4 0 2
          16.6520714	 4 0 3
         339.4790697	 4 0 4
    -5.822511421e-10	 4 1 0
     2.036102963e-09	 4 1 1
    -1.163368842e-09	 4 1 2
     2.453934722e-09	 4 1 3
        -204.4149706	 4 2 0
         151.2210266	 4 2 1
         236.9693565	 4 2 2
     3.061608543e-07	 4 3 0
    -1.154392763e-06	 4 3 1
         5280.916483	 4 4 0
     2.081368368e-09	 5 0 0
    -8.178866562e-09	 5 0 1
    -2.482967618e-09	 5 0 2
     5.755292972e-09	 5 0 3
     -0.003635567301	 5 1 0
      -0.00170058236	 5 1 1
     -0.001268454252	 5 1 2
     5.858908246e-07	 5 2 0
    -2.190814813e-06	 5 2 1
         0.286156762	 5 3 0
         9.609755226	 6 0 0
         1.417008768	 6 0 1
         13.14542281	 6 0 2
     9.200200878e-08	 6 1 0
    -3.199509034e-07	 6 1 1
         -1633.06564	 6 2 0
    -1.101744947e-07	 7 0 0
      4.25432108e-07	 7 0 1
       0.01131183966	 7 1 0
        -3.178266976	 8 0 0
#8th order polynomial (97 terms) fit to By centered at <	0,	0,	0.75	>, rms residual = 0.0105196254
     6.073274655e-09	 0 0 0
     3.371266733e-08	 0 0 1
     1.039834976e-08	 0 0 2
    -1.630572929e-07	 0 0 3
    -1.979172126e-07	 0 0 4
     2.806043636e-07	 0 0 5
     5.504911977e-07	 0 0 6
    -1.731547015e-07	 0 0 7
    -4.738145895e-07	 0 0 8
    -2.585123978e-08	 0 2 0
     4.191980581e-08	 0 2 1
     1.038481683e-06	 0 2 2
    -1.687224653e-06	 0 2 3
    -4.937801737e-06	 0 2 4
       2.5563983e-06	 0 2 5
     7.312467443e-06	 0 2 6
    -1.942894792e-05	 0 4 0
     3.094372328e-05	 0 4 1
     3.585539029e-05	 0 4 2
     -2.23620078e-05	 0 4 3
    -0.0001257777141	 0 4 4
      0.001879061293	 0 6 0
    -0.0007644879941	 0 6 1
     -3.58749636e-05	 0 6 2
     1.154162771e-09	 0 7 0
     3.705188907e-09	 0 7 1
      -0.04546730569	 0 8 0
         3.927557818	 1 1 0
          11.0776666	 1 1 1
        -52.21197654	 1 1 2
        -100.9357983	 1 1 3
         132.1091994	 1 1 4
         152.8786557	 1 1 5
        -92.19602845	 1 1 6
         15.36712014	 1 3 0
        -12.23062687	 1 3 1
        -164.1226845	 1 3 2
         14.88654079	 1 3 3
         300.5401409	 1 3 4
        -85.47339352	 1 5 0
         98.18650541	 1 5 1
         139.7340041	 1 5 2
     1.653233779e-10	 1 6 0
    -4.912168244e-11	 1 6 1
         626.2792899	 1 7 0
    -3.054968399e-07	 2 0 0
     4.402216372e-07	 2 0 1
     2.890170236e-06	 2 0 2
    -2.280540237e-06	 2 0 3
    -1.003606067e-05	 2 0 4
     2.800067126e-06	 2 0 5
     9.492975658e-06	 2 0 6
     6.779567088e-06	 2 2 0
     7.763762917e-06	 2 2 1
    -6.717927282e-05	 2 2 2
    -1.942733889e-05	 2 2 3
     0.0001085976362	 2 2 4
      0.001968731777	 2 4 0
     4.334138292e-05	 2 4 1
     0.0006755345375	 2 4 2
     2.719565902e-11	 2 5 0
     1.137040019e-09	 2 5 1
      -0.07325241306	 2 6 0
         2.942344542	 3 1 0
          -1.2618558	 3 1 1
        -128.1555825	 3 1 2
         12.78493517	 3 1 3
         255.6793862	 3 1 4
         267.1269185	 3 3 0
        -213.5345419	 3 3 1
        -268.4730886	 3 3 2
     8.122505116e-11	 3 4 1
        -4581.734951	 3 5 0
     5.004033369e-05	 4 0 0
     9.902780116e-06	 4 0 1
    -8.950306397e-05	 4 0 2
     4.130555633e-07	 4 0 3
     9.254182029e-05	 4 0 4
      -0.00241482458	 4 2 0
     1.406202918e-05	 4 2 1
    -5.244441604e-05	 4 2 2
     -5.02136017e-11	 4 3 0
    -7.604126254e-10	 4 3 1
      -0.03079363683	 4 4 0
        -79.48098834	 5 1 0
         45.91482462	 5 1 1
         75.58777928	 5 1 2
    -5.930735695e-11	 5 2 0
         3780.198962	 5 3 0
     -0.003272323902	 6 0 0
    -0.0009453598763	 6 0 1
      0.002126269995	 6 0 2
         0.136971871	 6 2 0
     2.203268842e-10	 7 0 0
    -1.266672916e-10	 7 0 1
         -277.067308	 7 1 0
       0.06064861234	 8 0 0
#8th order polynomial (113 terms) fit to Bz centered at <	0,	0,	0.75	>, rms residual = 0.0371828467
     -1.52116035e-08	 0 1 0
     2.210743255e-08	 0 1 1
     4.217105477e-07	 0 1 2
     1.387874648e-07	 0 1 3
    -1.848418901e-06	 0 1 4
    -1.243492616e-06	 0 1 5
     2.066611188e-06	 0 1 6
     1.463306278e-06	 0 1 7
     2.001917264e-06	 0 3 0
    -1.481224555e-06	 0 3 1
    -1.068638879e-05	 0 3 2
    -2.149635014e-06	 0 3 3
     1.595113503e-05	 0 3 4
      2.16952543e-05	 0 3 5
    -3.221863091e-10	 0 4 0
    -0.0001785048038	 0 5 0
     0.0001229580328	 0 5 1
     0.0001253286993	 0 5 2
    -0.0001765682841	 0 5 3
     4.753139444e-08	 0 6 0
    -5.087046864e-09	 0 6 1
     3.636484177e-08	 0 6 2
      0.005835454028	 0 7 0
     -0.005316085618	 0 7 1
    -1.970117186e-06	 0 8 0
        -1.100212405	 1 0 0
        -13.62772479	 1 0 1
        -34.81236693	 1 0 2
         43.29506212	 1 0 3
         168.9650054	 1 0 4
        -7.927030752	 1 0 5
        -190.7878429	 1 0 6
        -50.70155032	 1 0 7
         1.456638352	 1 2 0
        -62.05825253	 1 2 1
        -51.94712618	 1 2 2
         356.8599089	 1 2 3
         123.0388295	 1 2 4
        -441.3544265	 1 2 5
        -4.095365267	 1 4 0
         -31.5312284	 1 4 1
         19.78421828	 1 4 2
         97.12456541	 1 4 3
    -3.615633009e-09	 1 5 0
    -4.035931467e-11	 1 5 1
     1.476864738e-09	 1 5 2
         14.31870408	 1 6 0
         17.90083758	 1 6 1
     1.836269612e-07	 1 7 0
     7.124367126e-06	 2 1 0
     3.272183584e-05	 2 1 1
     -4.10751643e-06	 2 1 2
    -6.351754642e-05	 2 1 3
    -5.039115446e-06	 2 1 4
     5.062341583e-05	 2 1 5
    -8.689095864e-11	 2 2 2
    -0.0003274232033	 2 3 0
     -0.001165794032	 2 3 1
     4.359196608e-06	 2 3 2
    -0.0005867573274	 2 3 3
    -6.841714478e-11	 2 4 0
    -4.591164819e-10	 2 4 1
     5.912143279e-09	 2 4 2
     0.0001916395118	 2 5 0
       0.02102979858	 2 5 1
    -9.610508104e-09	 2 6 0
         1.485717615	 3 0 0
        -61.07888581	 3 0 1
        -51.55623558	 3 0 2
         350.4726472	 3 0 3
         122.0781442	 3 0 4
        -432.2203008	 3 0 5
    -9.020794005e-11	 3 1 2
        -1.699503558	 3 2 0
        -33.11859364	 3 2 1
          28.0515464	 3 2 2
         127.4355256	 3 2 3
     8.000993275e-09	 3 3 0
      1.42104055e-10	 3 3 1
     8.038600141e-10	 3 3 2
        -47.78720832	 3 4 0
        -91.52675662	 3 4 1
    -1.838777014e-07	 3 5 0
    -0.0006000300338	 4 1 0
     -0.002351912218	 4 1 1
     0.0003338169247	 4 1 2
      0.002264030467	 4 1 3
     2.754203459e-09	 4 2 0
     5.424602127e-10	 4 2 1
      2.68731898e-09	 4 2 2
        0.0267469427	 4 3 0
       0.07723953084	 4 3 1
    -1.116794612e-07	 4 4 0
        -2.544627376	 5 0 0
        -24.04817096	 5 0 1
         16.71237175	 5 0 2
         79.41657979	 5 0 3
    -1.540875526e-09	 5 1 0
    -6.006787472e-11	 5 1 1
     6.576040769e-09	 5 1 2
         19.18868978	 5 2 0
         29.72123904	 5 2 1
    -3.632784223e-07	 5 3 0
    -1.011200438e-10	 6 0 0
    -9.557264966e-11	 6 0 1
      4.21424529e-10	 6 0 2
      0.005912633917	 6 1 0
       0.02470425305	 6 1 1
    -1.297847251e-07	 6 2 0
        -2.921699313	 7 0 0
        -4.743409613	 7 0 1
     8.997340766e-08	 7 1 0
    -1.011010658e-09	 8 0 0
