Month Day Year Hour Minute Second Time_s x y z Current CurrentError 1Axis 1AxisError Bx BxError By ByError Bz BzError
07 18 2014 16 41 20 187 1.00000000E+2 0.00000000E+0 0.00000000E+0 1.49088160E+6 0.00000000E+0 0.00000000E+0 -0.00000000E+0 6.85940618E-1 3.22304553E-3 1.58294387E-1 3.16997782E-3 -2.15981318E-1 3.74910270E-3
07 18 2014 16 41 24 190 1.00000000E+2 0.00000000E+0 5.00000000E+1 1.49088510E+6 0.00000000E+0 0.00000000E+0 -0.00000000E+0 6.84095852E-1 4.06139229E-3 1.60071387E-1 2.61115276E-3 -2.21965918E-1 5.85081259E-3
07 18 2014 16 41 27 194 1.00000000E+2 0.00000000E+0 1.00000000E+2 1.49088860E+6 0.00000000E+0 0.00000000E+0 -0.00000000E+0 6.75393574E-1 6.19651909E-3 1.60352508E-1 2.39444961E-3 -2.26264569E-1 3.62955214E-3
07 18 2014 16 41 31 197 1.00000000E+2 0.00000000E+0 1.50000000E+2 1.49089210E+6 0.00000000E+0 0.00000000E+0 -0.00000000E+0 6.61748559E-1 4.22617674E-3 1.55614383E-1 3.96150240E-3 -2.23127764E-1 4.26125309E-3
07 18 2014 16 41 34 201 1.00000000E+2 0.00000000E+0 2.00000000E+2 1.49089560E+6 0.00000000E+0 0.00000000E+0 -0.00000000E+0 6.65614099E-1 5.30213119E-3 1.48908658E-1 2.86544299E-3 -2.18998302E-1 3.45208414E-3
07 18 2014 16 41 38 204 1.00000000E+2 0.00000000E+0 2.50000000E+2 1.49089910E+6 0.00000000E+0 0.00000000E+0 -0.00000000E+0 6.52880811E-1 1.29838678E-2 1.50796193E-1 3.17683455E-3 -2.16697579E-1 5.38515078E-3
07 18 2014 16 41 41 208 1.00000000E+2 0.00000000E+0 3.00000000E+2 1.49090260E+6 0.00000000E+0 0.00000000E+0 -0.00000000E+0 6.28361061E-1 4.61291145E-3 1.38095955E-1 5.54093874E-3 -1.82347511E-1 1.84616633E-2
07 18 2014 16 41 45 211 1.00000000E+2 0.00000000E+0 3.50000000E+2 1.49090620E+6 0.00000000E+0 0.00000000E+0 -0.00000000E+0 6.23336479E-1 4.21367900E-3 1.39421491E-1 3.01308897E-3 -1.43350060E-1 1.59391818E-2
07 18 2014 16 41 48 215 1.00000000E+2 0.00000000E+0 4.00000000E+2 1.49090970E+6 0.00000000E+0 0.00000000E+0 -0.00000000E+0 6.11885027E-1 7.04634144E-3 1.44156543E-1 3.17791248E-3 -9.03642539E-2 2.34896334E-2
07 18 2014 16 41 52 218 1.00000000E+2 0.00000000E+0 4.50000000E+2 1.49091320E+6 0.00000000E+0 0.00000000E+0 -0.00000000E+0 5.89416988E-1 1.05116999E-2 1.43574245E-1 2.65807436E-3 -1.07092644E-2 3.93614101E-2
07 18 2014 16 41 55 222 1.00000000E+2 0.00000000E+0 5.00000000E+2 1.49091670E+6 0.00000000E+0 0.00000000E+0 -0.00000000E+0 5.67350815E-1 1.01254092E-2 1.46953028E-1 3.74627098E-3 1.13638479E-1 5.63860496E-2
07 18 2014 16 41 59 225 1.00000000E+2 0.00000000E+0 5.50000000E+2 1.49092020E+6 0.00000000E+0 0.00000000E+0 -0.00000000E+0 5.30952838E-1 1.63850652E-2 1.50799751E-1 2.97422961E-3 2.93407867E-1 8.18372524E-2
07 18 2014 16 42 02 229 1.00000000E+2 0.00000000E+0 6.00000000E+2 1.49092380E+6 0.00000000E+0 0.00000000E+0 -0.00000000E+0 4.89210015E-1 1.78091867E-2 1.56461303E-1 3.08617040E-3 5.64295854E-1 1.19858618E-1
07 18 2014 16 42 06 232 1.00000000E+2 0.00000000E+0 6.50000000E+2 1.49092730E+6 0.00000000E+0 0.00000000E+0 -0.00000000E+0 4.57324765E-1 1.06302475E-2 1.67382486E-1 6.86533832E-3 9.45956418E-1 1.76391007E-1
07 18 2014 16 42 09 236 1.00000000E+2 0.00000000E+0 7.00000000E+2 1.49093080E+6 0.00000000E+0 0.00000000E+0 -0.00000000E+0 4.50043536E-1 5.57795916E-3 1.87969919E-1 1.07992324E-2 1.51023758E+0 2.61579185E-1
07 18 2014 16 42 13 239 1.00000000E+2 0.00000000E+0 7.50000000E+2 1.49093430E+6 0.00000000E+0 0.00000000E+0 -0.00000000E+0 5.03100566E-1 3.45781933E-2 2.28620287E-1 2.05157582E-2 2.34215473E+0 3.76152757E-1
07 18 2014 16 42 16 243 1.00000000E+2 0.00000000E+0 8.00000000E+2 1.49093780E+6 0.00000000E+0 0.00000000E+0 -0.00000000E+0 6.77816903E-1 9.54643616E-2 2.99361215E-1 3.30066106E-2 3.53894127E+0 5.33664374E-1
07 18 2014 16 42 20 246 1.00000000E+2 0.00000000E+0 8.50000000E+2 1.49094130E+6 0.00000000E+0 0.00000000E+0 -0.00000000E+0 1.08566213E+0 2.10925788E-1 4.24256965E-1 6.09793513E-2 5.22601960E+0 7.55085810E-1
07 18 2014 16 42 23 250 1.00000000E+2 0.00000000E+0 9.00000000E+2 1.49094480E+6 0.00000000E+0 0.00000000E+0 -0.00000000E+0 1.92369295E+0 4.14307366E-1 6.29220948E-1 9.49178142E-2 7.55911343E+0 1.02993210E+0
07 18 2014 16 42 27 254 1.00000000E+2 0.00000000E+0 9.50000000E+2 1.49094840E+6 0.00000000E+0 0.00000000E+0 -0.00000000E+0 3.47168232E+0 7.64856135E-1 9.40666270E-1 1.48288468E-1 1.06742916E+1 1.38595202E+0
07 18 2014 16 42 30 257 1.00000000E+2 0.00000000E+0 1.00000000E+3 1.49095190E+6 0.00000000E+0 0.00000000E+0 -0.00000000E+0 6.15436995E+0 1.27147965E+0 1.42307068E+0 2.18887566E-1 1.46719057E+1 1.71916082E+0
07 18 2014 16 42 34 261 1.00000000E+2 0.00000000E+0 1.05000000E+3 1.49095540E+6 0.00000000E+0 0.00000000E+0 -0.00000000E+0 1.03707349E+1 1.92809234E+0 2.09229740E+0 2.95418523E-1 1.93991074E+1 1.94339467E+0
07 18 2014 16 42 38 264 1.00000000E+2 0.00000000E+0 1.10000000E+3 1.49095890E+6 0.00000000E+0 0.00000000E+0 -0.00000000E+0 1.63560572E+1 2.62544257E+0 2.95368593E+0 3.66818857E-1 2.44245031E+1 1.96971639E+0
07 18 2014 16 42 41 268 1.00000000E+2 0.00000000E+0 1.15000000E+3 1.49096240E+6 0.00000000E+0 0.00000000E+0 -0.00000000E+0 2.39289981E+1 3.19895391E+0 3.96567222E+0 4.19774830E-1 2.91080439E+1 1.73947663E+0
07 18 2014 16 42 45 271 1.00000000E+2 0.00000000E+0 1.20000000E+3 1.49096590E+6 0.00000000E+0 0.00000000E+0 -0.00000000E+0 3.25471198E+1 3.57661930E+0 5.07312568E+0 4.53533291E-1 3.29129055E+1 1.36772684E+0
07 18 2014 16 42 48 275 1.00000000E+2 0.00000000E+0 1.25000000E+3 1.49096950E+6 0.00000000E+0 0.00000000E+0 -0.00000000E+0 4.17475309E+1 3.67578549E+0 6.23896763E+0 4.64296625E-1 3.57431956E+1 9.56486961E-1
07 18 2014 16 43 32 318 1.00000000E+2 0.00000000E+0 0.00000000E+0 1.49101310E+6 0.00000000E+0 0.00000000E+0 -0.00000000E+0 5.91459177E+0 1.11322714E+1 1.05948169E+0 1.70234800E+0 7.37312246E+0 1.14424917E+1
