Month Day Year Hour Minute Second Time_s x y z Current CurrentError 1Axis 1AxisError Bx BxError By ByError Bz BzError
07 02 2014 10 29 44 6 0.00000000E+0 0.00000000E+0 2.50000000E+2 8.61676000E+4 0.00000000E+0 0.00000000E+0 -0.00000000E+0 5.40942123E+2 3.86759279E-3 -2.06403616E-1 2.73146635E-3 5.28622691E+0 3.20076065E-3
07 02 2014 10 29 48 10 0.00000000E+0 0.00000000E+0 3.00000000E+2 8.61711000E+4 0.00000000E+0 0.00000000E+0 -0.00000000E+0 5.40925506E+2 1.95422815E-2 -1.40970403E-1 2.71436351E-2 5.71961295E+0 1.48768921E-1
07 02 2014 10 29 51 13 0.00000000E+0 0.00000000E+0 3.50000000E+2 8.61746000E+4 0.00000000E+0 0.00000000E+0 -0.00000000E+0 5.40777488E+2 9.00333980E-2 -2.98041016E-2 5.27316994E-2 5.87486331E+0 7.08996513E-2
07 02 2014 10 29 55 17 0.00000000E+0 0.00000000E+0 4.00000000E+2 8.61781000E+4 0.00000000E+0 0.00000000E+0 -0.00000000E+0 5.40367844E+2 2.10990809E-1 4.87316900E-2 2.52405495E-2 6.07823792E+0 9.29544659E-2
07 02 2014 10 29 58 20 0.00000000E+0 0.00000000E+0 4.50000000E+2 8.61817000E+4 0.00000000E+0 0.00000000E+0 -0.00000000E+0 5.39563175E+2 3.89205045E-1 4.86872089E-2 2.35536629E-2 6.35461665E+0 1.26452300E-1
07 02 2014 10 30 02 24 0.00000000E+0 0.00000000E+0 5.00000000E+2 8.61852000E+4 0.00000000E+0 0.00000000E+0 -0.00000000E+0 5.38177825E+2 6.54856685E-1 4.76909406E-2 1.66236308E-2 6.75081665E+0 1.84297709E-1
07 02 2014 10 30 05 27 0.00000000E+0 0.00000000E+0 5.50000000E+2 8.61887000E+4 0.00000000E+0 0.00000000E+0 -0.00000000E+0 5.35905541E+2 1.08370916E+0 1.59101700E-1 7.15119076E-2 7.22408117E+0 2.08073518E-1
07 02 2014 10 30 09 31 0.00000000E+0 0.00000000E+0 6.00000000E+2 8.61922000E+4 0.00000000E+0 0.00000000E+0 -0.00000000E+0 5.32174144E+2 1.75535639E+0 3.15082607E-1 6.66851479E-2 7.77231224E+0 2.46307815E-1
07 02 2014 10 30 12 34 0.00000000E+0 0.00000000E+0 6.50000000E+2 8.61957000E+4 0.00000000E+0 0.00000000E+0 -0.00000000E+0 5.26112589E+2 2.82945394E+0 5.40309878E-1 1.00834676E-1 8.54638085E+0 3.67068671E-1
07 02 2014 10 30 16 38 0.00000000E+0 0.00000000E+0 7.00000000E+2 8.61992000E+4 0.00000000E+0 0.00000000E+0 -0.00000000E+0 5.16379292E+2 4.51286297E+0 8.88013128E-1 1.51327932E-1 9.74565300E+0 5.47524377E-1
07 02 2014 10 30 20 41 0.00000000E+0 0.00000000E+0 7.50000000E+2 8.62028000E+4 0.00000000E+0 0.00000000E+0 -0.00000000E+0 5.01193628E+2 7.02086787E+0 1.26185020E+0 1.57805616E-1 1.13806905E+1 7.12153567E-1
07 02 2014 10 30 23 45 0.00000000E+0 0.00000000E+0 8.00000000E+2 8.62063000E+4 0.00000000E+0 0.00000000E+0 -0.00000000E+0 4.78231889E+2 1.05998718E+1 1.71341113E+0 1.71875716E-1 1.34703811E+1 9.28151385E-1
07 02 2014 10 30 27 48 0.00000000E+0 0.00000000E+0 8.50000000E+2 8.62098000E+4 0.00000000E+0 0.00000000E+0 -0.00000000E+0 4.44892228E+2 1.48958588E+1 2.02266494E+0 9.69391832E-2 1.60515219E+1 1.10373032E+0
07 02 2014 10 30 30 52 0.00000000E+0 0.00000000E+0 9.00000000E+2 8.62133000E+4 0.00000000E+0 0.00000000E+0 -0.00000000E+0 4.00413329E+2 1.91634162E+1 2.41784729E+0 1.80770003E-1 1.90846440E+1 1.25509285E+0
07 02 2014 10 30 34 55 0.00000000E+0 0.00000000E+0 9.50000000E+2 8.62168000E+4 0.00000000E+0 0.00000000E+0 -0.00000000E+0 3.46662379E+2 2.22765778E+1 3.07378484E+0 2.96683837E-1 2.26296880E+1 1.48269161E+0
07 02 2014 10 30 37 59 0.00000000E+0 0.00000000E+0 1.00000000E+3 8.62204000E+4 0.00000000E+0 0.00000000E+0 -0.00000000E+0 2.88932121E+2 2.30051096E+1 3.78560297E+0 2.89976570E-1 2.64822787E+1 1.57317675E+0
07 02 2014 10 30 41 62 0.00000000E+0 0.00000000E+0 1.05000000E+3 8.62239000E+4 0.00000000E+0 0.00000000E+0 -0.00000000E+0 2.33869149E+2 2.11056368E+1 4.59540424E+0 3.47665351E-1 3.04164370E+1 1.57142684E+0
07 02 2014 10 30 44 66 0.00000000E+0 0.00000000E+0 1.10000000E+3 8.62274000E+4 0.00000000E+0 0.00000000E+0 -0.00000000E+0 1.86879404E+2 1.68694632E+1 5.64926596E+0 4.51921145E-1 3.42951088E+1 1.50287569E+0
07 02 2014 10 30 48 69 0.00000000E+0 0.00000000E+0 1.15000000E+3 8.62309000E+4 0.00000000E+0 0.00000000E+0 -0.00000000E+0 1.51503771E+2 1.20559202E+1 6.79475870E+0 4.53523681E-1 3.78525310E+1 1.33593843E+0
07 02 2014 10 30 51 73 0.00000000E+0 0.00000000E+0 1.20000000E+3 8.62344000E+4 0.00000000E+0 0.00000000E+0 -0.00000000E+0 1.27551065E+2 7.79722976E+0 7.90661307E+0 4.24228258E-1 4.10690486E+1 1.21634530E+0
07 02 2014 10 30 55 77 0.00000000E+0 0.00000000E+0 1.25000000E+3 8.62379000E+4 0.00000000E+0 0.00000000E+0 -0.00000000E+0 1.12915254E+2 4.53224746E+0 8.95406441E+0 4.05114168E-1 4.38456608E+1 1.03178156E+0
07 02 2014 10 31 30 112 -1.00000000E+2 0.00000000E+0 2.50000000E+2 8.62733000E+4 0.00000000E+0 0.00000000E+0 -0.00000000E+0 4.09821134E+2 1.58151825E+2 2.08742675E+0 3.10450966E+0 2.95720387E+1 2.03788726E+1
07 02 2014 10 31 34 115 -1.00000000E+2 0.00000000E+0 3.00000000E+2 8.62769000E+4 0.00000000E+0 0.00000000E+0 -0.00000000E+0 5.41201474E+2 3.59434299E-2 -9.44368875E-1 3.19953386E-2 5.18780680E+0 1.53009211E-1
07 02 2014 10 31 37 119 -1.00000000E+2 0.00000000E+0 3.50000000E+2 8.62804000E+4 0.00000000E+0 0.00000000E+0 -0.00000000E+0 5.41266705E+2 1.57107299E-2 -8.58555979E-1 3.16795606E-2 5.51788131E+0 1.96427783E-1
07 02 2014 10 31 41 122 -1.00000000E+2 0.00000000E+0 4.00000000E+2 8.62839000E+4 0.00000000E+0 0.00000000E+0 -0.00000000E+0 5.41147757E+2 8.99812894E-2 -8.60481120E-1 2.04516782E-2 6.17123540E+0 3.26643540E-1
07 02 2014 10 31 44 126 -1.00000000E+2 0.00000000E+0 4.50000000E+2 8.62874000E+4 0.00000000E+0 0.00000000E+0 -0.00000000E+0 5.40710060E+2 2.26954616E-1 -9.07032779E-1 1.74828312E-2 7.18890718E+0 4.59232300E-1
07 02 2014 10 31 48 130 -1.00000000E+2 0.00000000E+0 5.00000000E+2 8.62909000E+4 0.00000000E+0 0.00000000E+0 -0.00000000E+0 5.39942411E+2 3.60811430E-1 -8.92696096E-1 2.87956999E-2 8.61954333E+0 6.46177660E-1
07 02 2014 10 31 51 133 -1.00000000E+2 0.00000000E+0 5.50000000E+2 8.62944000E+4 0.00000000E+0 0.00000000E+0 -0.00000000E+0 5.38645102E+2 6.08464762E-1 -6.62506516E-1 1.27053948E-1 1.07531174E+1 9.76215665E-1
07 02 2014 10 31 55 137 -1.00000000E+2 0.00000000E+0 6.00000000E+2 8.62979000E+4 0.00000000E+0 0.00000000E+0 -0.00000000E+0 5.36456582E+2 1.05149609E+0 -2.38718409E-1 1.96249478E-1 1.40931426E+1 1.57200592E+0
07 02 2014 10 31 58 140 -1.00000000E+2 0.00000000E+0 6.50000000E+2 8.63015000E+4 0.00000000E+0 0.00000000E+0 -0.00000000E+0 5.32679951E+2 1.83679936E+0 3.01711595E-1 2.22938494E-1 1.94381974E+1 2.52849987E+0
07 02 2014 10 32 02 144 -1.00000000E+2 0.00000000E+0 7.00000000E+2 8.63050000E+4 0.00000000E+0 0.00000000E+0 -0.00000000E+0 5.26166512E+2 3.11162305E+0 9.20767215E-1 2.55824882E-1 2.78367605E+1 3.88081093E+0
07 02 2014 10 32 05 147 -1.00000000E+2 0.00000000E+0 7.50000000E+2 8.63085000E+4 0.00000000E+0 0.00000000E+0 -0.00000000E+0 5.15128625E+2 5.23882164E+0 1.59870333E+0 2.90881822E-1 4.05743247E+1 5.80972302E+0
07 02 2014 10 32 09 151 -1.00000000E+2 0.00000000E+0 8.00000000E+2 8.63120000E+4 0.00000000E+0 0.00000000E+0 -0.00000000E+0 4.96537063E+2 8.76406183E+0 2.31570094E+0 2.74990360E-1 5.92107719E+1 8.33628441E+0
07 02 2014 10 32 12 154 -1.00000000E+2 0.00000000E+0 8.50000000E+2 8.63155000E+4 0.00000000E+0 0.00000000E+0 -0.00000000E+0 4.66415948E+2 1.40287678E+1 2.93637045E+0 2.34823702E-1 8.40988954E+1 1.07327420E+1
07 02 2014 10 32 16 158 -1.00000000E+2 0.00000000E+0 9.00000000E+2 8.63190000E+4 0.00000000E+0 0.00000000E+0 -0.00000000E+0 4.21102781E+2 2.08139855E+1 3.50769776E+0 2.10799250E-1 1.12673519E+2 1.16838283E+1
07 02 2014 10 32 19 161 -1.00000000E+2 0.00000000E+0 9.50000000E+2 8.63226000E+4 0.00000000E+0 0.00000000E+0 -0.00000000E+0 3.59538195E+2 2.65512308E+1 3.94697865E+0 1.36391004E-1 1.38582310E+2 9.06198695E+0
07 02 2014 10 32 23 165 -1.00000000E+2 0.00000000E+0 1.00000000E+3 8.63261000E+4 0.00000000E+0 0.00000000E+0 -0.00000000E+0 2.89054232E+2 2.82557256E+1 4.02181362E+0 5.58604766E-2 1.51759548E+2 2.66083282E+0
07 02 2014 10 32 26 168 -1.00000000E+2 0.00000000E+0 1.05000000E+3 8.63296000E+4 0.00000000E+0 0.00000000E+0 -0.00000000E+0 2.22619039E+2 2.44256659E+1 3.92156572E+0 3.31321014E-2 1.46538930E+2 4.92666911E+0
07 02 2014 10 32 30 172 -1.00000000E+2 0.00000000E+0 1.10000000E+3 8.63331000E+4 0.00000000E+0 0.00000000E+0 -0.00000000E+0 1.71088414E+2 1.76160791E+1 4.34835391E+0 2.78380931E-1 1.27329297E+2 8.99424561E+0
07 02 2014 10 32 33 175 -1.00000000E+2 0.00000000E+0 1.15000000E+3 8.63366000E+4 0.00000000E+0 0.00000000E+0 -0.00000000E+0 1.36702029E+2 1.12194622E+1 5.35613565E+0 4.78028380E-1 1.03919995E+2 9.32451185E+0
07 02 2014 10 32 37 179 -1.00000000E+2 0.00000000E+0 1.20000000E+3 8.63401000E+4 0.00000000E+0 0.00000000E+0 -0.00000000E+0 1.15904278E+2 6.40429631E+0 6.71664103E+0 5.79329612E-1 8.32774995E+1 7.33860964E+0
07 02 2014 10 32 40 182 -1.00000000E+2 0.00000000E+0 1.25000000E+3 8.63436000E+4 0.00000000E+0 0.00000000E+0 -0.00000000E+0 1.04666975E+2 3.24473640E+0 8.17438382E+0 5.56751294E-1 6.82139076E+1 5.02792287E+0
07 02 2014 10 33 16 218 1.00000000E+2 0.00000000E+0 2.50000000E+2 8.63796000E+4 0.00000000E+0 0.00000000E+0 -0.00000000E+0 4.07256466E+2 1.59550550E+2 2.51851893E+0 2.38663239E+0 3.35609123E+1 3.44050124E+1
07 02 2014 10 33 20 222 1.00000000E+2 0.00000000E+0 3.00000000E+2 8.63831000E+4 0.00000000E+0 0.00000000E+0 -0.00000000E+0 5.40642037E+2 4.65203857E-2 8.91920346E-1 1.33651246E-2 5.13845059E+0 2.67987766E-1
07 02 2014 10 33 23 225 1.00000000E+2 0.00000000E+0 3.50000000E+2 8.63866000E+4 0.00000000E+0 0.00000000E+0 -0.00000000E+0 5.40482010E+2 7.76239660E-2 8.96269625E-1 1.16483667E-2 4.83774416E+0 1.01269103E-1
07 02 2014 10 33 27 229 1.00000000E+2 0.00000000E+0 4.00000000E+2 8.63901000E+4 0.00000000E+0 0.00000000E+0 -0.00000000E+0 5.40153404E+2 1.70580863E-1 8.47832480E-1 3.71204747E-2 4.46821149E+0 1.67372192E-1
07 02 2014 10 33 30 232 1.00000000E+2 0.00000000E+0 4.50000000E+2 8.63936000E+4 0.00000000E+0 0.00000000E+0 -0.00000000E+0 5.39488948E+2 3.28657664E-1 7.16892641E-1 6.18851811E-2 3.93447413E+0 2.33934599E-1
07 02 2014 10 33 34 236 1.00000000E+2 0.00000000E+0 5.00000000E+2 8.63971000E+4 0.00000000E+0 0.00000000E+0 -0.00000000E+0 5.38391431E+2 5.03731073E-1 6.12666358E-1 3.16171832E-2 3.20346498E+0 3.07599898E-1
07 02 2014 10 33 37 239 1.00000000E+2 0.00000000E+0 5.50000000E+2 8.64007000E+4 0.00000000E+0 0.00000000E+0 -0.00000000E+0 5.36732838E+2 7.57841479E-1 6.92536582E-1 6.18468261E-2 2.11024284E+0 5.14724644E-1
07 02 2014 10 33 41 243 1.00000000E+2 0.00000000E+0 6.00000000E+2 8.64042000E+4 0.00000000E+0 0.00000000E+0 -0.00000000E+0 5.34139744E+2 1.21584444E+0 8.92361005E-1 9.62294295E-2 1.12764763E-1 9.68537238E-1
07 02 2014 10 33 44 246 1.00000000E+2 0.00000000E+0 6.50000000E+2 8.64077000E+4 0.00000000E+0 0.00000000E+0 -0.00000000E+0 5.29890700E+2 2.03822780E+0 1.12941016E+0 8.72857306E-2 -3.38246217E+0 1.67441521E+0
07 02 2014 10 33 48 250 1.00000000E+2 0.00000000E+0 7.00000000E+2 8.64112000E+4 0.00000000E+0 0.00000000E+0 -0.00000000E+0 5.22825610E+2 3.32710694E+0 1.42546554E+0 1.40302696E-1 -9.46293660E+0 2.93934581E+0
07 02 2014 10 33 51 253 1.00000000E+2 0.00000000E+0 7.50000000E+2 8.64147000E+4 0.00000000E+0 0.00000000E+0 -0.00000000E+0 5.11062554E+2 5.58839969E+0 1.69451735E+0 9.26343085E-2 -1.88539775E+1 4.20162703E+0
07 02 2014 10 33 55 257 1.00000000E+2 0.00000000E+0 8.00000000E+2 8.64182000E+4 0.00000000E+0 0.00000000E+0 -0.00000000E+0 4.91719175E+2 9.04246450E+0 1.93300532E+0 8.64171972E-2 -3.31720114E+1 6.51832808E+0
07 02 2014 10 33 59 260 1.00000000E+2 0.00000000E+0 8.50000000E+2 8.64217000E+4 0.00000000E+0 0.00000000E+0 -0.00000000E+0 4.60841602E+2 1.43604094E+1 2.08091013E+0 5.00052617E-2 -5.26680043E+1 8.37314760E+0
07 02 2014 10 34 02 264 1.00000000E+2 0.00000000E+0 9.00000000E+2 8.64253000E+4 0.00000000E+0 0.00000000E+0 -0.00000000E+0 4.14614051E+2 2.10982137E+1 2.31731472E+0 1.32564488E-1 -7.46468964E+1 8.79937124E+0
07 02 2014 10 34 06 267 1.00000000E+2 0.00000000E+0 9.50000000E+2 8.64288000E+4 0.00000000E+0 0.00000000E+0 -0.00000000E+0 3.52126525E+2 2.69521470E+1 2.79922094E+0 2.25957485E-1 -9.25367982E+1 5.71289275E+0
07 02 2014 10 34 09 271 1.00000000E+2 0.00000000E+0 1.00000000E+3 8.64323000E+4 0.00000000E+0 0.00000000E+0 -0.00000000E+0 2.80941892E+2 2.85395282E+1 3.41260611E+0 2.60957791E-1 -9.72504669E+1 1.17992102E+0
07 02 2014 10 34 13 274 1.00000000E+2 0.00000000E+0 1.05000000E+3 8.64358000E+4 0.00000000E+0 0.00000000E+0 -0.00000000E+0 2.14224785E+2 2.44157125E+1 4.24131351E+0 3.82035996E-1 -8.39140860E+1 8.02203901E+0
07 02 2014 10 34 16 278 1.00000000E+2 0.00000000E+0 1.10000000E+3 8.64393000E+4 0.00000000E+0 0.00000000E+0 -0.00000000E+0 1.63260660E+2 1.72567234E+1 5.40228865E+0 4.90717033E-1 -5.71853898E+1 1.19021535E+1
07 02 2014 10 34 20 281 1.00000000E+2 0.00000000E+0 1.15000000E+3 8.64428000E+4 0.00000000E+0 0.00000000E+0 -0.00000000E+0 1.29982423E+2 1.07183451E+1 6.59850106E+0 4.75844273E-1 -2.69289070E+1 1.19114061E+1
07 02 2014 10 34 23 285 1.00000000E+2 0.00000000E+0 1.20000000E+3 8.64464000E+4 0.00000000E+0 0.00000000E+0 -0.00000000E+0 1.10488506E+2 5.85153972E+0 7.73747821E+0 4.32006887E-1 -6.99776322E-2 9.65375228E+0
07 02 2014 10 34 27 288 1.00000000E+2 0.00000000E+0 1.25000000E+3 8.64499000E+4 0.00000000E+0 0.00000000E+0 -0.00000000E+0 1.00565880E+2 2.75136208E+0 8.77871264E+0 3.99305683E-1 2.04675589E+1 7.07815730E+0
07 02 2014 10 35 02 324 0.00000000E+0 9.00151286E+1 2.50000000E+2 8.64854000E+4 0.00000000E+0 0.00000000E+0 -0.00000000E+0 4.05434261E+2 1.63334566E+2 2.23490003E+0 3.53998844E+0 -1.25259978E+1 2.53597887E+1
07 02 2014 10 35 06 328 0.00000000E+0 9.00151286E+1 3.00000000E+2 8.64889000E+4 0.00000000E+0 0.00000000E+0 -0.00000000E+0 5.40438490E+2 2.37456620E-2 -5.84936854E-1 5.09218895E-2 5.08188846E+0 8.43159322E-2
07 02 2014 10 35 09 331 0.00000000E+0 9.00151286E+1 3.50000000E+2 8.64924000E+4 0.00000000E+0 0.00000000E+0 -0.00000000E+0 5.40376290E+2 6.05362794E-2 -5.28972540E-1 1.83403892E-2 5.05639546E+0 4.62926424E-2
07 02 2014 10 35 13 335 0.00000000E+0 9.00151286E+1 4.00000000E+2 8.64959000E+4 0.00000000E+0 0.00000000E+0 -0.00000000E+0 5.40032591E+2 1.85534625E-1 -6.11419108E-1 6.00238079E-2 5.21719100E+0 1.06405141E-1
07 02 2014 10 35 16 338 0.00000000E+0 9.00151286E+1 4.50000000E+2 8.64995000E+4 0.00000000E+0 0.00000000E+0 -0.00000000E+0 5.39288822E+2 3.64753317E-1 -6.93810520E-1 1.71467243E-2 5.39559393E+0 6.47054302E-2
07 02 2014 10 35 20 342 0.00000000E+0 9.00151286E+1 5.00000000E+2 8.65030000E+4 0.00000000E+0 0.00000000E+0 -0.00000000E+0 5.38004455E+2 6.01354552E-1 -6.32855025E-1 6.82422331E-2 5.54450714E+0 6.87541889E-2
07 02 2014 10 35 23 345 0.00000000E+0 9.00151286E+1 5.50000000E+2 8.65065000E+4 0.00000000E+0 0.00000000E+0 -0.00000000E+0 5.35955842E+2 9.66138975E-1 -3.42379755E-1 1.42975388E-1 5.80943698E+0 1.37793597E-1
07 02 2014 10 35 27 349 0.00000000E+0 9.00151286E+1 6.00000000E+2 8.65100000E+4 0.00000000E+0 0.00000000E+0 -0.00000000E+0 5.32640950E+2 1.55211985E+0 7.26891987E-2 1.73471499E-1 6.28104850E+0 2.24668300E-1
07 02 2014 10 35 30 352 0.00000000E+0 9.00151286E+1 6.50000000E+2 8.65135000E+4 0.00000000E+0 0.00000000E+0 -0.00000000E+0 5.27227494E+2 2.53038184E+0 5.41724376E-1 1.87654092E-1 6.95249394E+0 2.85542947E-1
07 02 2014 10 35 34 356 0.00000000E+0 9.00151286E+1 7.00000000E+2 8.65170000E+4 0.00000000E+0 0.00000000E+0 -0.00000000E+0 5.18396899E+2 4.11879894E+0 1.09046965E+0 2.27458179E-1 7.73197679E+0 3.27677782E-1
07 02 2014 10 35 37 359 0.00000000E+0 9.00151286E+1 7.50000000E+2 8.65206000E+4 0.00000000E+0 0.00000000E+0 -0.00000000E+0 5.04274610E+2 6.56431282E+0 1.75004836E+0 2.79315485E-1 8.47283999E+0 2.87568830E-1
07 02 2014 10 35 41 363 0.00000000E+0 9.00151286E+1 8.00000000E+2 8.65241000E+4 0.00000000E+0 0.00000000E+0 -0.00000000E+0 4.82360732E+2 1.01960048E+1 2.41867642E+0 2.46598440E-1 9.33558905E+0 4.04401476E-1
07 02 2014 10 35 44 366 0.00000000E+0 9.00151286E+1 8.50000000E+2 8.65276000E+4 0.00000000E+0 0.00000000E+0 -0.00000000E+0 4.49502308E+2 1.48303958E+1 3.02836966E+0 2.45268783E-1 1.03545171E+1 4.26655336E-1
07 02 2014 10 35 48 370 0.00000000E+0 9.00151286E+1 9.00000000E+2 8.65311000E+4 0.00000000E+0 0.00000000E+0 -0.00000000E+0 4.04145401E+2 1.97354061E+1 3.90187306E+0 4.16839719E-1 1.15668596E+1 5.54883053E-1
07 02 2014 10 35 51 373 0.00000000E+0 9.00151286E+1 9.50000000E+2 8.65346000E+4 0.00000000E+0 0.00000000E+0 -0.00000000E+0 3.48134030E+2 2.35578263E+1 5.32438177E+0 6.50995166E-1 1.35656469E+1 9.66605778E-1
07 02 2014 10 35 55 377 0.00000000E+0 9.00151286E+1 1.00000000E+3 8.65381000E+4 0.00000000E+0 0.00000000E+0 -0.00000000E+0 2.86927846E+2 2.46551858E+1 6.99737890E+0 6.78197744E-1 1.67265721E+1 1.49975333E+0
07 02 2014 10 35 58 380 0.00000000E+0 9.00151286E+1 1.05000000E+3 8.65416000E+4 0.00000000E+0 0.00000000E+0 -0.00000000E+0 2.28368288E+2 2.19259744E+1 8.63400146E+0 6.23217274E-1 2.12264150E+1 1.96573596E+0
07 02 2014 10 36 02 384 0.00000000E+0 9.00151286E+1 1.10000000E+3 8.65452000E+4 0.00000000E+0 0.00000000E+0 -0.00000000E+0 1.80310148E+2 1.69205311E+1 1.01032915E+1 5.30363870E-1 2.64867259E+1 2.13821045E+0
07 02 2014 10 36 05 387 0.00000000E+0 9.00151286E+1 1.15000000E+3 8.65487000E+4 0.00000000E+0 0.00000000E+0 -0.00000000E+0 1.45696078E+2 1.16040408E+1 1.12266215E+1 3.84331676E-1 3.17526713E+1 2.01512112E+0
07 02 2014 10 36 09 391 0.00000000E+0 9.00151286E+1 1.20000000E+3 8.65522000E+4 0.00000000E+0 0.00000000E+0 -0.00000000E+0 1.23240467E+2 7.29755001E+0 1.20626261E+1 3.01982368E-1 3.64833536E+1 1.80148090E+0
07 02 2014 10 36 12 394 0.00000000E+0 9.00151286E+1 1.25000000E+3 8.65557000E+4 0.00000000E+0 0.00000000E+0 -0.00000000E+0 1.09878853E+2 4.04287123E+0 1.28314104E+1 3.05528275E-1 4.06374398E+1 1.54888403E+0
07 02 2014 10 36 48 430 0.00000000E+0 -1.00000000E+2 2.50000000E+2 8.65915000E+4 0.00000000E+0 0.00000000E+0 -0.00000000E+0 4.07847495E+2 1.58726300E+2 3.17649613E+0 4.13592723E+0 1.60808458E+1 1.14015703E+1
07 02 2014 10 36 52 434 0.00000000E+0 -1.00000000E+2 3.00000000E+2 8.65950000E+4 0.00000000E+0 0.00000000E+0 -0.00000000E+0 5.42130353E+2 4.64975005E-2 1.86736904E-1 5.28276166E-2 4.99512900E+0 1.74718370E-1
07 02 2014 10 36 55 437 0.00000000E+0 -1.00000000E+2 3.50000000E+2 8.65986000E+4 0.00000000E+0 0.00000000E+0 -0.00000000E+0 5.42137567E+2 3.08731287E-2 2.47012323E-1 2.41844063E-2 4.88864308E+0 1.37549925E-1
07 02 2014 10 36 59 441 0.00000000E+0 -1.00000000E+2 4.00000000E+2 8.66021000E+4 0.00000000E+0 0.00000000E+0 -0.00000000E+0 5.41851802E+2 1.75638812E-1 1.41942679E-1 8.55416159E-2 4.88719478E+0 9.62235554E-2
07 02 2014 10 37 02 444 0.00000000E+0 -1.00000000E+2 4.50000000E+2 8.66056000E+4 0.00000000E+0 0.00000000E+0 -0.00000000E+0 5.41096253E+2 3.75134432E-1 -1.93236479E-1 1.36217161E-1 5.50883208E+0 3.11298942E-1
07 02 2014 10 37 06 448 0.00000000E+0 -1.00000000E+2 5.00000000E+2 8.66091000E+4 0.00000000E+0 0.00000000E+0 -0.00000000E+0 5.39747128E+2 6.40797910E-1 -3.93657973E-1 4.98322693E-2 6.24957049E+0 3.09417184E-1
07 02 2014 10 37 09 451 0.00000000E+0 -1.00000000E+2 5.50000000E+2 8.66126000E+4 0.00000000E+0 0.00000000E+0 -0.00000000E+0 5.37580757E+2 1.02040633E+0 -4.15040486E-1 1.46986312E-2 7.11360974E+0 3.68856949E-1
07 02 2014 10 37 13 455 0.00000000E+0 -1.00000000E+2 6.00000000E+2 8.66161000E+4 0.00000000E+0 0.00000000E+0 -0.00000000E+0 5.34132664E+2 1.60530270E+0 -3.19507585E-1 5.10964017E-2 8.10218035E+0 4.25586361E-1
07 02 2014 10 37 16 458 0.00000000E+0 -1.00000000E+2 6.50000000E+2 8.66196000E+4 0.00000000E+0 0.00000000E+0 -0.00000000E+0 5.28600881E+2 2.58124149E+0 -2.62883172E-1 1.82009666E-2 9.55909935E+0 6.61494702E-1
07 02 2014 10 37 20 462 0.00000000E+0 -1.00000000E+2 7.00000000E+2 8.66232000E+4 0.00000000E+0 0.00000000E+0 -0.00000000E+0 5.19746916E+2 4.14017155E+0 -1.65133765E-1 5.29772886E-2 1.10005574E+1 5.76453515E-1
07 02 2014 10 37 23 465 0.00000000E+0 -1.00000000E+2 7.50000000E+2 8.66267000E+4 0.00000000E+0 0.00000000E+0 -0.00000000E+0 5.05745585E+2 6.61225422E+0 -1.41704260E-1 1.67478223E-2 1.30530080E+1 1.00765800E+0
07 02 2014 10 37 27 469 0.00000000E+0 -1.00000000E+2 8.00000000E+2 8.66302000E+4 0.00000000E+0 0.00000000E+0 -0.00000000E+0 4.83763798E+2 1.01887421E+1 -2.71686867E-1 1.15552699E-1 1.60177003E+1 1.31401501E+0
07 02 2014 10 37 30 472 0.00000000E+0 -1.00000000E+2 8.50000000E+2 8.66337000E+4 0.00000000E+0 0.00000000E+0 -0.00000000E+0 4.50872996E+2 1.48844208E+1 -6.94577374E-1 1.99245756E-1 1.99633499E+1 1.75195238E+0
07 02 2014 10 37 34 476 0.00000000E+0 -1.00000000E+2 9.00000000E+2 8.66372000E+4 0.00000000E+0 0.00000000E+0 -0.00000000E+0 4.05390141E+2 1.98279403E+1 -9.33382049E-1 3.19596581E-2 2.49568971E+1 2.02109150E+0
07 02 2014 10 37 38 479 0.00000000E+0 -1.00000000E+2 9.50000000E+2 8.66407000E+4 0.00000000E+0 0.00000000E+0 -0.00000000E+0 3.49145069E+2 2.36383674E+1 -7.41942362E-1 1.62112178E-1 3.10973597E+1 2.68246120E+0
07 02 2014 10 37 41 483 0.00000000E+0 -1.00000000E+2 1.00000000E+3 8.66443000E+4 0.00000000E+0 0.00000000E+0 -0.00000000E+0 2.87876065E+2 2.46617630E+1 -7.33866620E-2 3.27439898E-1 3.61817648E+1 1.69734838E+0
07 02 2014 10 37 45 486 0.00000000E+0 -1.00000000E+2 1.05000000E+3 8.66478000E+4 0.00000000E+0 0.00000000E+0 -0.00000000E+0 2.29368196E+2 2.19249763E+1 9.18685500E-1 4.51528766E-1 3.98364209E+1 1.25784856E+0
07 02 2014 10 37 48 490 0.00000000E+0 -1.00000000E+2 1.10000000E+3 8.66513000E+4 0.00000000E+0 0.00000000E+0 -0.00000000E+0 1.81289917E+2 1.69328754E+1 2.27811087E+0 5.82710625E-1 4.26275285E+1 1.02327240E+0
07 02 2014 10 37 52 493 0.00000000E+0 -1.00000000E+2 1.15000000E+3 8.66548000E+4 0.00000000E+0 0.00000000E+0 -0.00000000E+0 1.46500779E+2 1.17001410E+1 3.64411058E+0 5.16709212E-1 4.44742188E+1 5.83288226E-1
07 02 2014 10 37 55 497 0.00000000E+0 -1.00000000E+2 1.20000000E+3 8.66583000E+4 0.00000000E+0 0.00000000E+0 -0.00000000E+0 1.23766565E+2 7.39474546E+0 4.88703820E+0 4.85039348E-1 4.60212515E+1 6.40851914E-1
07 02 2014 10 37 59 500 0.00000000E+0 -1.00000000E+2 1.25000000E+3 8.66618000E+4 0.00000000E+0 0.00000000E+0 -0.00000000E+0 1.10265107E+2 4.07789165E+0 6.09091680E+0 4.65272006E-1 4.74543803E+1 5.10447862E-1
07 02 2014 10 38 34 536 0.00000000E+0 0.00000000E+0 2.50000000E+2 8.66972000E+4 0.00000000E+0 0.00000000E+0 -0.00000000E+0 4.07977773E+2 1.58705324E+2 9.69759954E-1 1.95314303E+0 2.36391972E+1 1.35228164E+1
