#Field Shape
#<B> = (2.77327 4.07699e-09 1.22853e-07)
#<B^2> = (7.717 1.93001e-09 4.56073e-10)
#sigmaBx/Bx0 = 0.0581238
#<dBx/dx>/Bx0 = -0.000955848
#8th order polynomial (165 terms) fit to Bx centered at <	0.0315,	0,	0	>, rms residual = 1.97281e-06
         2.782637272	 0 0 0
     1.412426478e-08	 0 0 1
      -0.00109672588	 0 0 2
    -9.878708814e-07	 0 0 3
        0.1209914438	 0 0 4
     -0.000262455602	 0 0 5
        -7.040695235	 0 0 6
       0.02744095119	 0 0 7
        -1456.269543	 0 0 8
     3.446069952e-07	 0 1 0
      1.73158007e-06	 0 1 1
    -0.0001031228355	 0 1 2
     -0.001402979297	 0 1 3
      0.006817328756	 0 1 4
        0.2366639968	 0 1 5
        0.2583391346	 0 1 6
        -10.82996138	 0 1 7
       0.03643103226	 0 2 0
    -6.274787665e-05	 0 2 1
         3.476901645	 0 2 2
       0.02036813804	 0 2 3
         -1252.43822	 0 2 4
       -0.8196661752	 0 2 5
         123943.7804	 0 2 6
     -0.001419519352	 0 3 0
       0.00287396276	 0 3 1
        0.2696480209	 0 3 2
        0.6714349912	 0 3 3
        -7.323561651	 0 3 4
        -39.60906517	 0 3 5
        -2.683260727	 0 4 0
      -0.03546583092	 0 4 1
         851.8847533	 0 4 2
        -13.26609166	 0 4 3
        -629924.6138	 0 4 4
          2.53753558	 0 5 0
        -6.969703842	 0 5 1
        -322.6775456	 0 5 2
        -856.4603224	 0 5 3
         8727.804267	 0 6 0
         86.54586074	 0 6 1
         3860653.684	 0 6 2
        -1303.178048	 0 7 0
         7166.393714	 0 7 1
        -14355104.76	 0 8 0
     -0.002696418719	 1 0 0
     9.294056361e-08	 1 0 1
       0.01197250802	 1 0 2
     0.0002464071965	 1 0 3
         4.294632259	 1 0 4
      -0.06461598387	 1 0 5
        -395.5907609	 1 0 6
         4.019758259	 1 0 7
     1.885984957e-05	 1 1 0
     4.300319298e-05	 1 1 1
     -0.007700266791	 1 1 2
      -0.03434355396	 1 1 3
        0.4870266035	 1 1 4
         1.846024038	 1 1 5
         1.792887109	 1 1 6
        -0.521308429	 1 2 0
     -0.009200185202	 1 2 1
        -7.666303402	 1 2 2
         1.978345318	 1 2 3
         664.8152094	 1 2 4
        -97.06269423	 1 2 5
      -0.07311002566	 1 3 0
        0.3585935225	 1 3 1
         17.07030457	 1 3 2
         18.17463333	 1 3 3
        -733.6262503	 1 3 4
         129.0013385	 1 4 0
        0.6653045589	 1 4 1
         12797.71321	 1 4 2
        -26.65698226	 1 4 3
         198.9899161	 1 5 0
        -507.5475757	 1 5 1
        -15355.01918	 1 5 2
        -373114.1912	 1 6 0
          1348.32916	 1 6 1
          -190495.66	 1 7 0
      -0.03139961004	 2 0 0
    -7.818148522e-05	 2 0 1
       -0.6743477476	 2 0 2
       0.01866050901	 2 0 3
        -758.2447531	 2 0 4
        -1.780051879	 2 0 5
         74079.98437	 2 0 6
     -0.001745229434	 2 1 0
      0.001335719591	 2 1 1
        0.2877293253	 2 1 2
        -1.052031728	 2 1 3
        -36.07813048	 2 1 4
        -52.41148375	 2 1 5
        -38.69795274	 2 2 0
       0.07709905717	 2 2 1
        -1425.949921	 2 2 2
        -23.84958987	 2 2 3
         68913.65051	 2 2 4
         1.540301534	 2 3 0
        -18.50823274	 2 3 1
         4.825395124	 2 3 2
         2194.165111	 2 3 3
         46717.36482	 2 4 0
         168.4477348	 2 4 1
          148133.453	 2 4 2
         721.2832069	 2 5 0
         12803.73772	 2 5 1
        -5847593.251	 2 6 0
        0.3546495244	 3 0 0
    -0.0005137858676	 3 0 1
        -58.01275107	 3 0 2
       0.07446777271	 3 0 3
         3240.575371	 3 0 4
        -24.43393585	 3 0 5
       0.03769815732	 3 1 0
       0.08334734604	 3 1 1
         8.488364797	 3 1 2
        -1.009404775	 3 1 3
        -648.5416984	 3 1 4
        -807.9099866	 3 2 0
         19.20162535	 3 2 1
         47347.84455	 3 2 2
        -2754.822425	 3 2 3
        -140.4150223	 3 3 0
        -419.5791306	 3 3 1
         21467.57649	 3 3 2
         908177.5556	 3 4 0
        -9752.554193	 3 4 1
         209407.5462	 3 5 0
         10.58920535	 4 0 0
       0.07256193897	 4 0 1
         9290.789387	 4 0 2
         26.08833809	 4 0 3
        -386559.3109	 4 0 4
         3.858816646	 4 1 0
         33.86904576	 4 1 1
         142.2031643	 4 1 2
         1515.571912	 4 1 3
         19550.45213	 4 2 0
         217.3979175	 4 2 1
         4308858.145	 4 2 2
        -3156.170775	 4 3 0
        -14355.70201	 4 3 1
        -60694641.15	 4 4 0
         447.3813301	 5 0 0
        -7.268004401	 5 0 1
         1144.243861	 5 0 2
         1695.263046	 5 0 3
        -352.1995171	 5 1 0
         391.0584501	 5 1 1
        -16122.48613	 5 1 2
         305146.5658	 5 2 0
         23831.55638	 5 2 1
        -305546.9892	 5 3 0
        -66148.31183	 6 0 0
        -477.6632294	 6 0 1
        -8782534.383	 6 0 2
        -3907.352849	 6 1 0
        -51601.72974	 6 1 1
         37086865.99	 6 2 0
        -1008221.434	 7 0 0
        -10636.07426	 7 0 1
          991781.395	 7 1 0
         83842859.11	 8 0 0
#8th order polynomial (164 terms) fit to By centered at <	0.03150000097,	0,	0	>, rms residual = 1.238358383e-06
     2.137165861e-08	 0 0 1
     2.968743163e-06	 0 0 2
    -1.227496618e-05	 0 0 3
    -0.0005917631851	 0 0 4
      0.002607941484	 0 0 5
       0.04224672849	 0 0 6
       -0.1418201099	 0 0 7
       -0.8122163081	 0 0 8
      0.002854502691	 0 1 0
     9.376483664e-07	 0 1 1
      0.004459211826	 0 1 2
     8.383169707e-05	 0 1 3
       -0.6729507911	 0 1 4
      -0.06911759391	 0 1 5
          40.3618158	 0 1 6
         5.788468682	 0 1 7
    -8.211821339e-06	 0 2 0
      9.56486789e-05	 0 2 1
      -0.00421653864	 0 2 2
      -0.02246576971	 0 2 3
        0.4133589758	 0 2 4
         1.647683479	 0 2 5
         -16.7776223	 0 2 6
        0.1750536522	 0 3 0
     -0.007571833448	 0 3 1
         41.62624892	 0 3 2
         1.586482741	 0 3 3
        -127.3176169	 0 3 4
        -14.61354854	 0 3 5
        0.1575484269	 0 4 0
        -0.145107043	 0 4 1
         4.803232875	 0 4 2
         6.556218952	 0 4 3
         -113.962512	 0 4 4
         68.41928794	 0 5 0
         11.09538755	 0 5 1
        -38816.01904	 0 5 2
        -1676.035959	 0 5 3
        -478.2755606	 0 6 0
         81.47220717	 0 6 1
         -5137.40507	 0 6 2
        -34089.22786	 0 7 0
        -6477.343076	 0 7 1
         425940.4991	 0 8 0
    -5.913536074e-08	 1 0 0
     5.652647908e-06	 1 0 1
    -2.389126511e-05	 1 0 2
     -0.002674725466	 1 0 3
       0.01831305591	 1 0 4
        0.5089539429	 1 0 5
         -1.34855092	 1 0 6
         -29.6883776	 1 0 7
       0.09235166168	 1 1 0
    -6.512855165e-05	 1 1 1
         3.846975244	 1 1 2
       0.04430387118	 1 1 3
        -1082.360627	 1 1 4
        -3.009912479	 1 1 5
         61946.20457	 1 1 6
    -0.0007281193442	 1 2 0
      0.004937231944	 1 2 1
       0.08373888075	 1 2 2
         -1.25738208	 1 2 3
        -7.879448013	 1 2 4
         24.43644984	 1 2 5
         -33.5465466	 1 3 0
       -0.1538726185	 1 3 1
         914.3735985	 1 3 2
          1.43032255	 1 3 3
         150121.2602	 1 3 4
          3.16671962	 1 4 0
        -20.26023879	 1 4 1
        -135.7575656	 1 4 2
         2535.419033	 1 4 3
         30144.34926	 1 5 0
          25.8017409	 1 5 1
        -1114319.416	 1 5 2
        -2144.731491	 1 6 0
         18199.70906	 1 6 1
        -5535109.713	 1 7 0
     8.101417283e-05	 2 0 0
     9.093449104e-05	 2 0 1
      -0.02295140952	 2 0 2
      -0.04043167319	 2 0 3
         2.213228388	 2 0 4
         0.810202364	 2 0 5
        -98.17340755	 2 0 6
      -0.08844220792	 2 1 0
      -0.01171650977	 2 1 1
        -44.05756003	 2 1 2
        0.3897178774	 2 1 3
         835.4807272	 2 1 4
        -211.9647773	 2 1 5
      -0.04523867976	 2 2 0
        0.4593019387	 2 2 1
         19.63001249	 2 2 2
        -35.54889545	 2 2 3
        -363.8461532	 2 2 4
        -1090.204414	 2 3 0
          4.46196498	 2 3 1
        -25240.79994	 2 3 2
        -1378.456797	 2 3 3
          101.126476	 2 4 0
        -213.9461454	 2 4 1
        -1533.342735	 2 4 2
         874017.1712	 2 5 0
         27270.33104	 2 5 1
        -115240.0873	 2 6 0
     7.690567385e-05	 3 0 0
      -0.03243212817	 3 0 1
       -0.4070070971	 3 0 2
         2.478361321	 3 0 3
         16.59399984	 3 0 4
         -66.2370194	 3 0 5
        -95.31141221	 3 1 0
       -0.5183366245	 3 1 1
        -3340.607898	 3 1 2
        -22.47515579	 3 1 3
         759346.6385	 3 1 4
       -0.7504775545	 3 2 0
         8.940532682	 3 2 1
         448.0283014	 3 2 2
        -1607.818325	 3 2 3
         175072.5679	 3 3 0
         630.5349508	 3 3 1
        -3174275.002	 3 3 2
        -5320.349931	 3 4 0
        -58989.32713	 3 4 1
        -64961403.39	 3 5 0
       -0.4977190222	 4 0 0
       -0.2718146639	 4 0 1
         62.54207754	 4 0 2
          99.1523745	 4 0 3
        -875.3777248	 4 0 4
        -59.72748245	 4 1 0
         64.60824996	 4 1 1
         136345.7194	 4 1 2
         6939.045474	 4 1 3
        -97.24928874	 4 2 0
        -384.4367927	 4 2 1
        -37019.12362	 4 2 2
         603274.5223	 4 3 0
         -33966.6621	 4 3 1
         48817.04936	 4 4 0
         6.929306073	 5 0 0
         121.6729219	 5 0 1
         162.3802973	 5 0 2
        -3004.603269	 5 0 3
         208056.6643	 5 1 0
         1055.993606	 5 1 1
        -324212.5192	 5 1 2
         2840.158183	 5 2 0
         88701.88304	 5 2 1
        -188219957.3	 5 3 0
         1453.957016	 6 0 0
        -13.31303151	 6 0 1
        -85243.15905	 6 0 2
        -1406639.353	 6 1 0
         -153079.507	 6 1 1
         294706.3544	 6 2 0
        -12904.00291	 7 0 0
         -163643.836	 7 0 1
        -169379505.4	 7 1 0
        -1470004.287	 8 0 0
#8th order polynomial (164 terms) fit to Bz centered at <	0.03150000097,	0,	0	>, rms residual = 7.141358703e-07
    -0.0003036401155	 0 0 1
      1.18553762e-07	 0 0 2
      -0.01986126699	 0 0 3
    -8.666437548e-05	 0 0 4
         2.801721634	 0 0 5
       0.01386150258	 0 0 6
        -152.6850552	 0 0 7
       -0.5990972321	 0 0 8
    -3.438819322e-08	 0 1 0
     2.957001018e-07	 0 1 1
    -3.244426907e-06	 0 1 2
    -0.0003956396161	 0 1 3
      0.001186321372	 0 1 4
       0.05577511266	 0 1 5
       0.01039950306	 0 1 6
        -2.923680793	 0 1 7
    -2.988861626e-06	 0 2 0
      -0.04478268838	 0 2 1
    -2.257215771e-05	 0 2 2
          12.9061751	 0 2 3
    -0.0002789295941	 0 2 4
        -776.6613099	 0 2 5
         1.800596284	 0 2 6
     0.0005103915405	 0 3 0
      0.007334209747	 0 3 1
      -0.02041043183	 0 3 2
        0.6736345602	 0 3 3
        -1.767493868	 0 3 4
        -102.8409286	 0 3 5
       0.02541831134	 0 4 0
        -14.10265449	 0 4 1
         1.016953814	 0 4 2
         921.0154919	 0 4 3
         15.14329769	 0 4 4
         -1.52962846	 0 5 0
        -34.74446326	 0 5 1
         42.77033958	 0 5 2
         1053.357974	 0 5 3
        -69.73911028	 0 6 0
         22538.34728	 0 6 1
        -1600.340317	 0 6 2
         1271.161237	 0 7 0
         32332.45117	 0 7 1
         56889.16798	 0 8 0
    -6.536244555e-08	 1 0 0
     -0.008694414239	 1 0 1
     1.872257602e-05	 1 0 2
        -1.177717622	 1 0 3
     -0.001218373884	 1 0 4
         150.5530314	 1 0 5
       0.02088291973	 1 0 6
        -5930.981091	 1 0 7
    -6.140779433e-06	 1 1 0
    -0.0001910441349	 1 1 1
      0.002295730546	 1 1 2
        0.0245371242	 1 1 3
       -0.2547409888	 1 1 4
        0.3155103937	 1 1 5
         6.227627069	 1 1 6
    -8.491224743e-05	 1 2 0
        -3.985002178	 1 2 1
       0.06022610462	 1 2 2
         626.9428817	 1 2 3
        -4.560864451	 1 2 4
        -58453.57498	 1 2 5
       0.02410083802	 1 3 0
        0.1373633158	 1 3 1
        -3.803274089	 1 3 2
        -32.65204123	 1 3 3
         51.64541266	 1 3 4
       0.09184842078	 1 4 0
         3609.784946	 1 4 1
        -26.54830831	 1 4 2
         133331.1023	 1 4 3
        -49.53681874	 1 5 0
         215.4565971	 1 5 1
         3987.239816	 1 5 2
        -245.8331118	 1 6 0
        -223033.8121	 1 6 1
         34931.69021	 1 7 0
     3.555672304e-06	 2 0 0
    -0.0002147882952	 2 0 1
      0.001304415849	 2 0 2
         7.504519052	 2 0 3
       -0.0493872278	 2 0 4
         -577.264612	 2 0 5
         -18.4343993	 2 0 6
     6.724439907e-05	 2 1 0
       0.01144451643	 2 1 1
      -0.07512546733	 2 1 2
        -2.244521026	 2 1 3
         1.701502421	 2 1 4
         178.5413869	 2 1 5
     -0.005362581412	 2 2 0
          296.695401	 2 2 1
        -1.693802493	 2 2 2
        -18297.16667	 2 2 3
         -82.7842353	 2 2 4
        0.6288670324	 2 3 0
        0.1829693615	 2 3 1
         29.55246454	 2 3 2
          1184.36676	 2 3 3
        -39.76388761	 2 4 0
        -201325.9057	 2 4 1
        -2557.604629	 2 4 2
        -88.99184343	 2 5 0
        -20680.99062	 2 5 1
           89762.361	 2 6 0
     0.0007164858003	 3 0 0
         1.213693408	 3 0 1
       -0.1966364515	 3 0 2
         1580.203865	 3 0 3
         9.859174065	 3 0 4
        -104849.2845	 3 0 5
       0.03030599756	 3 1 0
        0.7291286824	 3 1 1
         -3.19259874	 3 1 2
        -62.00015957	 3 1 3
         508.2205839	 3 1 4
       -0.3609987854	 3 2 0
         2147.732259	 3 2 1
          20.5246412	 3 2 2
         167646.4345	 3 2 3
        -20.41846373	 3 3 0
        -365.6525658	 3 3 1
         3836.610181	 3 3 2
         1318.601939	 3 4 0
        -14237410.96	 3 4 1
        -5031.298069	 3 5 0
      -0.09721210759	 4 0 0
        -135.5061793	 4 0 1
        -2.841739163	 4 0 2
         6569.934479	 4 0 3
         980.5619833	 4 0 4
       -0.8253274463	 4 1 0
        -43.11690924	 4 1 1
         104.3284278	 4 1 2
        -312.3990593	 4 1 3
         90.81321887	 4 2 0
         -197349.195	 4 2 1
         11239.37566	 4 2 2
        -1749.982313	 4 3 0
         9941.253945	 4 3 1
        -40433.39476	 4 4 0
       -0.8127914212	 5 0 0
        -20723.25526	 5 0 1
         173.3886799	 5 0 2
        -915421.3303	 5 0 3
        -84.52656085	 5 1 0
        -510.5142106	 5 1 1
        -9303.885432	 5 1 2
        -1564.866796	 5 2 0
         10839653.66	 5 2 1
        -23189.33298	 5 3 0
         517.3976814	 6 0 0
         166942.7906	 6 0 1
        -16316.73333	 6 0 2
          2285.08193	 6 1 0
         83677.11491	 6 1 1
        -245010.0618	 6 2 0
        -188.2755546	 7 0 0
         32552909.58	 7 0 1
         184433.4768	 7 1 0
        -676076.2068	 8 0 0
