#Field Shape
#<B> = (2.02878 -1.16507e-08 4.05535e-15)
#<B^2> = (5.22859 0.000491493 0.0496039)
#sigmaBx/Bx0 = 0.519928
#<dBx/dx>/Bx0 = -2.73618e-15
#8th order polynomial (125 terms) fit to Bx centered at <	0,	0,	0.75	>, rms residual = 0.0461126
          2.72059855	 0 0 0
       -0.5126806478	 0 0 1
        -4.461428043	 0 0 2
        -19.22352802	 0 0 3
        -13.58703264	 0 0 4
         59.60169971	 0 0 5
         70.81391601	 0 0 6
        -53.17718508	 0 0 7
         -71.5011152	 0 0 8
         1.978852273	 0 2 0
         7.850113008	 0 2 1
        -22.90827771	 0 2 2
         -68.6831782	 0 2 3
         41.57749258	 0 2 4
         103.8865999	 0 2 5
        -10.17803301	 0 2 6
         4.339117828	 0 4 0
        -3.910530786	 0 4 1
         -50.6564369	 0 4 2
         6.402940691	 0 4 3
         95.08809239	 0 4 4
     1.774665853e-09	 0 5 0
    -6.596009769e-09	 0 5 1
    -2.058387655e-09	 0 5 2
     4.744368478e-09	 0 5 3
        -12.21939381	 0 6 0
         21.53793789	 0 6 1
         33.25965338	 0 6 2
    -9.279035596e-08	 0 7 0
     3.340201074e-07	 0 7 1
        -35.30953252	 0 8 0
     1.770524945e-06	 1 1 0
     9.350438781e-06	 1 1 1
    -5.471285308e-06	 1 1 2
    -7.769394587e-05	 1 1 3
    -3.609476569e-05	 1 1 4
     0.0001139567269	 1 1 5
     7.826214702e-05	 1 1 6
     -7.30532196e-05	 1 3 0
     4.241416621e-06	 1 3 1
    -0.0002732602066	 1 3 2
     3.614306472e-05	 1 3 3
     0.0003071163249	 1 3 4
     9.837180233e-10	 1 4 0
    -3.784445214e-09	 1 4 1
    -1.655818445e-09	 1 4 2
     5.535488307e-09	 1 4 3
       0.01254600618	 1 5 0
     -0.001345646891	 1 5 1
      0.004503656977	 1 5 2
    -2.035653843e-08	 1 6 0
     2.022688018e-08	 1 6 1
       -0.4881156687	 1 7 0
          5.71887336	 2 0 0
         22.81908073	 2 0 1
        -67.53350713	 2 0 2
        -198.8527627	 2 0 3
         120.6606024	 2 0 4
          300.469438	 2 0 5
        -26.07296863	 2 0 6
         6.553639115	 2 2 0
        -6.636906586	 2 2 1
        -234.0642744	 2 2 2
         34.14155272	 2 2 3
         473.1104552	 2 2 4
    -1.018244008e-08	 2 3 0
     3.823347003e-08	 2 3 1
      1.30439873e-08	 2 3 2
    -3.035684269e-08	 2 3 3
         207.3390322	 2 4 0
        -190.5432097	 2 4 1
        -241.3472526	 2 4 2
     3.960053811e-07	 2 5 0
     -1.43343957e-06	 2 5 1
         -2464.06611	 2 6 0
    -0.0001259144745	 3 1 0
     7.718668974e-06	 3 1 1
    -0.0001932840128	 3 1 2
     4.709298558e-05	 3 1 3
      0.000398470093	 3 1 4
    -9.921554478e-09	 3 2 0
      3.79244778e-08	 3 2 1
     1.277385678e-08	 3 2 2
    -3.051331638e-08	 3 2 3
      0.002874499615	 3 3 0
     0.0002178918059	 3 3 1
       0.00437066378	 3 3 2
     2.704235747e-07	 3 4 0
     -9.75445542e-07	 3 4 1
       -0.2980601137	 3 5 0
         14.61710886	 4 0 0
        -13.25178561	 4 0 1
        -218.2788761	 4 0 2
         28.79846311	 4 0 3
         420.2835844	 4 0 4
     1.099843936e-09	 4 1 0
    -4.056836685e-09	 4 1 1
    -2.036020959e-09	 4 1 2
     4.664632458e-09	 4 1 3
        -208.7649259	 4 2 0
         155.7928798	 4 2 1
         255.9090639	 4 2 2
     2.679334327e-07	 4 3 0
    -9.697852719e-07	 4 3 1
         5350.632676	 4 4 0
     1.619623327e-09	 5 0 0
    -6.405907066e-09	 5 0 1
    -1.764799874e-09	 5 0 2
     5.013231822e-09	 5 0 3
       0.01871653143	 5 1 0
     -0.001908878347	 5 1 1
      -0.00308725698	 5 1 2
     3.814472129e-07	 5 2 0
    -1.409631745e-06	 5 2 1
       0.07010856835	 5 3 0
         8.433280972	 6 0 0
         3.070933486	 6 0 1
          19.9032415	 6 0 2
    -1.846621931e-08	 6 1 0
     5.870308639e-08	 6 1 1
        -1623.933854	 6 2 0
    -8.571025709e-08	 7 0 0
     3.150551112e-07	 7 0 1
       -0.7638549619	 7 1 0
           5.6490062	 8 0 0
#8th order polynomial (99 terms) fit to By centered at <	0,	0,	0.75	>, rms residual = 0.01700892988
     5.531010404e-08	 0 0 0
     3.892325135e-07	 0 0 1
     4.951808498e-07	 0 0 2
    -5.023907126e-06	 0 0 3
    -1.104060898e-05	 0 0 4
     1.420125634e-05	 0 0 5
     3.508656796e-05	 0 0 6
    -1.212742698e-05	 0 0 7
    -3.166287593e-05	 0 0 8
      1.21755098e-06	 0 2 0
     1.009257383e-05	 0 2 1
    -9.037195108e-07	 0 2 2
    -7.999691728e-05	 0 2 3
    -5.290844195e-05	 0 2 4
     0.0001175175362	 0 2 5
     9.781172035e-05	 0 2 6
    -8.791995472e-05	 0 4 0
     6.745683244e-06	 0 4 1
     -7.89202469e-05	 0 4 2
    -5.320658953e-06	 0 4 3
     0.0001436479225	 0 4 4
       0.01068472335	 0 6 0
     0.0001611127599	 0 6 1
     0.0006141900453	 0 6 2
    -6.672382275e-09	 0 7 1
       -0.3852555785	 0 8 0
         3.941049428	 1 1 0
         15.37616106	 1 1 1
        -45.57339848	 1 1 2
        -134.6591948	 1 1 3
         82.29284576	 1 1 4
         203.5914055	 1 1 5
        -19.41315246	 1 1 6
         17.05305565	 1 3 0
        -15.26777845	 1 3 1
         -195.353653	 1 3 2
         24.39970183	 1 3 3
         366.3191057	 1 3 4
        -86.25154478	 1 5 0
         101.3615569	 1 5 1
         149.6273176	 1 5 2
    -5.069221423e-10	 1 6 0
    -3.345408555e-10	 1 6 1
         597.9533044	 1 7 0
    -1.192568697e-06	 2 0 0
     8.798398775e-07	 2 0 1
     7.551062332e-06	 2 0 2
    -2.911807149e-06	 2 0 3
    -2.001900508e-05	 2 0 4
     5.180670621e-06	 2 0 5
     1.917092249e-05	 2 0 6
     8.556719879e-05	 2 2 0
    -6.987335769e-06	 2 2 1
    -0.0001998670134	 2 2 2
     8.305967125e-05	 2 2 3
     0.0003122641325	 2 2 4
     -0.002177875358	 2 4 0
     -0.004037335447	 2 4 1
     -0.001860014264	 2 4 2
     5.672557469e-09	 2 5 1
       0.03025412839	 2 6 0
         4.486823837	 3 1 0
        -4.509342072	 3 1 1
        -158.2040681	 3 1 2
         22.92853737	 3 1 3
         319.7266287	 3 1 4
         267.9362916	 3 3 0
        -211.9883763	 3 3 1
        -265.6971025	 3 3 2
     1.677774864e-09	 3 4 0
     1.483411601e-09	 3 4 1
        -4630.304488	 3 5 0
     0.0001627835474	 4 0 0
    -3.491968573e-05	 4 0 1
    -0.0002135061721	 4 0 2
    -3.003912084e-06	 4 0 3
     0.0001484681743	 4 0 4
      -0.01068716796	 4 2 0
      0.001653130004	 4 2 1
      0.004380565252	 4 2 2
     5.722533801e-10	 4 3 0
    -1.173653884e-08	 4 3 1
        0.0760430822	 4 4 0
        -80.20231345	 5 1 0
         48.13995408	 5 1 1
          82.9057017	 5 1 2
     -4.33161151e-10	 5 2 0
    -1.479431612e-09	 5 2 1
         3842.373177	 5 3 0
      -0.01274186821	 6 0 0
     0.0005343762481	 6 0 1
      0.004954057694	 6 0 2
    -4.133569683e-10	 6 1 0
     6.926462996e-09	 6 1 1
        0.4362022619	 6 2 0
     5.203831331e-11	 7 0 0
     2.394498963e-10	 7 0 1
        -315.8186806	 7 1 0
        0.3331226672	 8 0 0
#8th order polynomial (109 terms) fit to Bz centered at <	0,	0,	0.75	>, rms residual = 0.05494708628
      6.18358525e-08	 0 1 0
    -1.887725004e-06	 0 1 1
    -1.906113016e-05	 0 1 2
    -2.275718489e-05	 0 1 3
     8.456973507e-05	 0 1 4
     0.0001286043965	 0 1 5
    -9.230616189e-05	 0 1 6
    -0.0001488486182	 0 1 7
    -4.612654469e-06	 0 3 0
    -3.366377567e-05	 0 3 1
    -3.211414899e-05	 0 3 2
     7.640952631e-05	 0 3 3
     7.400471056e-05	 0 3 4
    -2.845460237e-05	 0 3 5
     0.0007583292997	 0 5 0
      0.001954585055	 0 5 1
    -0.0001465449555	 0 5 2
     -0.002120621138	 0 5 3
     1.443031921e-08	 0 6 0
     4.317490419e-09	 0 6 1
    -2.154631796e-08	 0 6 2
      -0.02431424671	 0 7 0
      -0.03289089911	 0 7 1
    -6.787157581e-07	 0 8 0
       -0.7008781585	 1 0 0
        -12.06959816	 1 0 1
          -46.789528	 1 0 2
          8.98046067	 1 0 3
         221.2705877	 1 0 4
         129.6960327	 1 0 5
        -249.0327077	 1 0 6
        -197.7097508	 1 0 7
         2.078731107	 1 2 0
        -69.77863242	 1 2 1
        -65.94371707	 1 2 2
         402.5740556	 1 2 3
         155.2928791	 1 2 4
         -495.454485	 1 2 5
        -3.872659747	 1 4 0
        -28.96795158	 1 4 1
         19.14069772	 1 4 2
         90.41728349	 1 4 3
     1.810167316e-09	 1 5 0
     1.426189081e-09	 1 5 1
     3.841293681e-09	 1 5 2
         14.39625418	 1 6 0
         16.65447914	 1 6 1
    -1.341867959e-07	 1 7 0
    -2.287619765e-06	 2 1 0
    -3.338120005e-05	 2 1 1
    -2.986163547e-05	 2 1 2
     0.0001481678633	 2 1 3
     7.472222403e-05	 2 1 4
    -0.0001681933665	 2 1 5
    -9.639441799e-05	 2 3 0
    -0.0003627009971	 2 3 1
     0.0004431052997	 2 3 2
      0.001876603442	 2 3 3
    -1.821121368e-08	 2 4 0
    -1.232811233e-08	 2 4 1
    -1.334586626e-09	 2 4 2
      -0.02640383517	 2 5 0
      -0.06537280742	 2 5 1
     1.262196877e-06	 2 6 0
         2.116148838	 3 0 0
        -68.54036924	 3 0 1
        -65.66864303	 3 0 2
         394.1543684	 3 0 3
         154.5485061	 3 0 4
        -483.2138191	 3 0 5
        -1.227075022	 3 2 0
        -26.53915605	 3 2 1
          26.8818989	 3 2 2
         110.9210555	 3 2 3
    -1.278546992e-08	 3 3 0
    -5.049321415e-09	 3 3 1
    -1.207738587e-08	 3 3 2
         -55.5204154	 3 4 0
        -116.0865808	 3 4 1
     6.265353641e-07	 3 5 0
     0.0006787280849	 4 1 0
      0.001633407235	 4 1 1
    -0.0004091468773	 4 1 2
     -0.001009359455	 4 1 3
    -5.759939522e-09	 4 2 0
     1.057795576e-08	 4 2 1
    -2.430708142e-09	 4 2 2
        0.0290510211	 4 3 0
       0.05012402203	 4 3 1
    -6.347011887e-08	 4 4 0
        -2.478043641	 5 0 0
        -21.23795097	 5 0 1
         16.30451363	 5 0 2
         72.32779305	 5 0 3
     2.421457065e-09	 5 1 0
     1.385411321e-09	 5 1 1
     3.342269136e-09	 5 1 2
         16.89467765	 5 2 0
         11.99691912	 5 2 1
     5.618731904e-07	 5 3 0
     1.446384002e-08	 6 0 0
    -1.278058111e-09	 6 0 2
      -0.03879024476	 6 1 0
      -0.08562805952	 6 1 1
     6.660381317e-07	 6 2 0
        0.5654323068	 7 0 0
        -9.705593438	 7 0 1
    -1.514313098e-07	 7 1 0
    -9.160613623e-07	 8 0 0
