#Field Shape
#<B> = (2.02585 4.05023e-09 -4.77049e-18)
#<B^2> = (5.15696 0.00028772 0.0422656)
#sigmaBx/Bx0 = 0.506506
#<dBx/dx>/Bx0 = 1.82676e-15
#8th order polynomial (125 terms) fit to Bx centered at <	0,	0,	0.75	>, rms residual = 0.0333811
         2.708243218	 0 0 0
       -0.9091529199	 0 0 1
        -5.902883261	 0 0 2
        -15.07459106	 0 0 3
         1.818785224	 0 0 4
         48.12761751	 0 0 5
         26.36157947	 0 0 6
        -43.45907167	 0 0 7
        -32.46598723	 0 0 8
         1.969615773	 0 2 0
         5.652665283	 0 2 1
         -26.2785769	 0 2 2
        -51.43368051	 0 2 3
         66.93682181	 0 2 4
         77.95022549	 0 2 5
        -47.22667892	 0 2 6
         3.899793484	 0 4 0
        -3.183593986	 0 4 1
        -42.81924371	 0 4 2
         4.077643185	 0 4 3
         78.59037017	 0 4 4
     1.306710616e-09	 0 5 0
    -5.130192502e-09	 0 5 1
    -1.610436503e-09	 0 5 2
     4.218560282e-09	 0 5 3
        -10.62965288	 0 6 0
         21.77334094	 0 6 1
         32.51636447	 0 6 2
    -6.682114822e-08	 0 7 0
     2.469759605e-07	 0 7 1
        -82.71695235	 0 8 0
    -5.984814324e-08	 1 1 0
    -4.087707297e-07	 1 1 1
     1.992347127e-06	 1 1 2
     3.642054917e-06	 1 1 3
    -5.604410846e-06	 1 1 4
    -6.022774894e-06	 1 1 5
     1.862757429e-06	 1 1 6
     4.322139706e-05	 1 3 0
      6.19630873e-06	 1 3 1
     5.636915922e-05	 1 3 2
    -4.577945905e-05	 1 3 3
     8.604756255e-05	 1 3 4
     7.073998922e-10	 1 4 0
     -3.18496579e-09	 1 4 1
    -1.541001191e-09	 1 4 2
     4.732291342e-09	 1 4 3
      -0.00490922405	 1 5 0
    -4.976120488e-05	 1 5 1
     -0.004508787707	 1 5 2
    -9.702796387e-09	 1 6 0
     2.633921326e-08	 1 6 1
        0.1443458452	 1 7 0
         5.694548409	 2 0 0
         16.47672332	 2 0 1
        -77.42638937	 2 0 2
        -149.1214893	 2 0 3
         195.1441225	 2 0 4
         225.7455691	 2 0 5
        -134.9808071	 2 0 6
          4.21961181	 2 2 0
        -1.737455702	 2 2 1
        -188.7945376	 2 2 2
         18.91320456	 2 2 3
         376.7390522	 2 2 4
     -7.40714702e-09	 2 3 0
     2.964458952e-08	 2 3 1
     1.013005233e-08	 2 3 2
     -2.69367526e-08	 2 3 3
         206.7695469	 2 4 0
        -193.6940146	 2 4 1
        -245.3921071	 2 4 2
     2.809893454e-07	 2 5 0
    -1.050558666e-06	 2 5 1
         -2454.42482	 2 6 0
    -6.765726046e-05	 3 1 0
     -1.02081249e-06	 3 1 1
    -6.172606897e-05	 3 1 2
     0.0001006148259	 3 1 3
     0.0001830797482	 3 1 4
    -7.158657517e-09	 3 2 0
     2.933942623e-08	 3 2 1
     1.014029534e-08	 3 2 2
     -2.69964649e-08	 3 2 3
     -0.005803530802	 3 3 0
      0.001400915928	 3 3 1
     -0.003166696039	 3 3 2
     1.840721112e-07	 3 4 0
    -7.164280871e-07	 3 4 1
        0.3557390111	 3 5 0
         12.59036091	 4 0 0
        -9.399039083	 4 0 1
        -180.2456103	 4 0 2
         16.70971006	 4 0 3
         339.7767348	 4 0 4
     8.301014392e-10	 4 1 0
    -3.284144913e-09	 4 1 1
    -1.605321998e-09	 4 1 2
     4.254089182e-09	 4 1 3
        -205.3899685	 4 2 0
         152.2252226	 4 2 1
         238.7240796	 4 2 2
     1.905446903e-07	 4 3 0
    -7.060814609e-07	 4 3 1
         5330.519665	 4 4 0
     1.222321079e-09	 5 0 0
    -4.963282225e-09	 5 0 1
    -1.595886373e-09	 5 0 2
     4.226793857e-09	 5 0 3
       0.01355160519	 5 1 0
     -0.003226007368	 5 1 1
     0.0005453261007	 5 1 2
      2.70994731e-07	 5 2 0
    -1.023191652e-06	 5 2 1
       0.06515190721	 5 3 0
          9.86907546	 6 0 0
         1.325563505	 6 0 1
         13.45236434	 6 0 2
    -1.421255573e-08	 6 1 0
      4.29240086e-08	 6 1 1
        -1635.435179	 6 2 0
    -6.154741633e-08	 7 0 0
     2.338180103e-07	 7 0 1
       -0.6291224793	 7 1 0
        -12.68877984	 8 0 0
#8th order polynomial (98 terms) fit to By centered at <	0,	0,	0.75	>, rms residual = 0.01078900957
     5.801389812e-09	 0 0 0
     3.417823322e-08	 0 0 1
     8.721637856e-09	 0 0 2
    -1.765297098e-07	 0 0 3
    -1.671233084e-07	 0 0 4
     3.327850595e-07	 0 0 5
     4.349407464e-07	 0 0 6
    -2.270086787e-07	 0 0 7
    -3.516526343e-07	 0 0 8
     1.168475536e-07	 0 2 0
     1.619615132e-07	 0 2 1
     1.883214679e-07	 0 2 2
    -9.170175713e-07	 0 2 3
    -2.958687319e-08	 0 2 4
     1.482169662e-06	 0 2 5
      8.27513852e-07	 0 2 6
    -3.418173586e-05	 0 4 0
    -8.122929662e-06	 0 4 1
    -2.925974513e-05	 0 4 2
    -1.377501613e-05	 0 4 3
    -4.527345658e-05	 0 4 4
      0.002666417715	 0 6 0
     0.0005588489119	 0 6 1
      0.001797680756	 0 6 2
    -7.319448203e-09	 0 7 1
      -0.06674146277	 0 8 0
         3.928419453	 1 1 0
         11.10020773	 1 1 1
        -52.24655642	 1 1 2
        -101.1166679	 1 1 3
         132.3002844	 1 1 4
         153.1592237	 1 1 5
        -92.44823954	 1 1 6
         15.38457793	 1 3 0
         -12.2745576	 1 3 1
        -164.4986054	 1 3 2
         14.96526568	 1 3 3
         301.2524297	 1 3 4
        -85.19812443	 1 5 0
         100.0918304	 1 5 1
         142.4089852	 1 5 2
     2.794571896e-10	 1 6 0
         605.8602208	 1 7 0
    -1.380315876e-07	 2 0 0
     2.532859124e-07	 2 0 1
     2.552751673e-06	 2 0 2
     -2.08752434e-06	 2 0 3
    -8.770780612e-06	 2 0 4
     2.559846939e-06	 2 0 5
     7.936357182e-06	 2 0 6
    -2.476658643e-05	 2 2 0
    -5.933850519e-06	 2 2 1
    -2.462339973e-05	 2 2 2
     1.182527398e-06	 2 2 3
     3.715470912e-05	 2 2 4
      0.006351763412	 2 4 0
     0.0002352105593	 2 4 1
     -0.001026302348	 2 4 2
     3.954017638e-10	 2 5 0
     4.518403249e-10	 2 5 1
       -0.1835029383	 2 6 0
         2.940845045	 3 1 0
         -1.25392971	 3 1 1
        -128.1724266	 3 1 2
         12.82245699	 3 1 3
         255.7750707	 3 1 4
         268.1179481	 3 3 0
        -216.0577692	 3 3 1
        -272.0214066	 3 3 2
     -5.31883513e-10	 3 4 0
        -4624.534739	 3 5 0
      1.17350345e-05	 4 0 0
     4.091501927e-05	 4 0 1
    -7.050342389e-05	 4 0 2
    -1.740653333e-05	 4 0 3
     0.0001087107767	 4 0 4
     -0.002161268739	 4 2 0
     0.0004257037726	 4 2 1
      0.001093342137	 4 2 2
    -1.578563239e-10	 4 3 0
       -0.1686382118	 4 4 0
    -1.825954656e-11	 5 0 1
        -79.81678279	 5 1 0
          46.1204579	 5 1 1
          75.8155922	 5 1 2
     5.936408989e-10	 5 2 0
     1.884464283e-10	 5 2 1
          3812.51109	 5 3 0
     6.470612002e-05	 6 0 0
     -0.001915903103	 6 0 1
     0.0002526373017	 6 0 2
     4.487716651e-12	 6 1 0
    -6.515712578e-11	 6 1 1
        0.1969058613	 6 2 0
     1.358506811e-10	 7 0 0
     1.171709023e-09	 7 0 1
        -278.4446695	 7 1 0
      -0.02705573989	 8 0 0
#8th order polynomial (110 terms) fit to Bz centered at <	0,	0,	0.75	>, rms residual = 0.03822943431
     8.310383121e-08	 0 1 1
     3.257073106e-07	 0 1 2
     -4.29117789e-07	 0 1 3
    -1.705051614e-06	 0 1 4
     3.456990014e-07	 0 1 5
     2.125381192e-06	 0 1 6
     3.835542597e-07	 0 1 7
    -4.715870414e-06	 0 3 0
    -6.853261861e-06	 0 3 1
    -1.909865745e-06	 0 3 2
     2.879513643e-06	 0 3 3
     5.839637691e-07	 0 3 4
    -1.501338256e-05	 0 3 5
     1.219820257e-10	 0 4 0
     0.0006789144374	 0 5 0
     0.0009236780433	 0 5 1
     3.253393723e-05	 0 5 2
     0.0006845218108	 0 5 3
     -2.40237751e-08	 0 6 0
     1.321861713e-09	 0 6 1
     2.200160093e-08	 0 6 2
      -0.02590929625	 0 7 0
      -0.04566404508	 0 7 1
     9.414864984e-07	 0 8 0
        -1.097163384	 1 0 0
        -13.61913374	 1 0 1
        -34.92362287	 1 0 2
         43.16790768	 1 0 3
         169.5444073	 1 0 4
        -7.458601877	 1 0 5
         -191.525011	 1 0 6
        -51.19206913	 1 0 7
         1.457387285	 1 2 0
         -62.1488828	 1 2 1
        -51.96079744	 1 2 2
         357.5934329	 1 2 3
         123.0667102	 1 2 4
        -442.4988841	 1 2 5
        -4.097415146	 1 4 0
        -31.60536887	 1 4 1
         19.81173547	 1 4 2
         97.33834365	 1 4 3
    -4.010133703e-09	 1 5 0
     -7.76839562e-10	 1 5 1
    -1.268244369e-09	 1 5 2
         14.24205247	 1 6 0
          18.1078417	 1 6 1
        2.294814e-07	 1 7 0
     8.186798925e-06	 2 1 0
     2.110205633e-05	 2 1 1
    -2.696284704e-06	 2 1 2
    -3.647818179e-05	 2 1 3
    -3.607779985e-06	 2 1 4
     3.515408891e-05	 2 1 5
    -0.0002447958296	 2 3 0
     -0.000707144086	 2 3 1
     0.0002802212578	 2 3 2
    -0.0001726532242	 2 3 3
    -5.382413969e-10	 2 4 0
     3.963648285e-10	 2 4 1
     1.540963118e-09	 2 4 2
      -0.01388871198	 2 5 0
     -0.008593195743	 2 5 1
     4.695553565e-08	 2 6 0
         1.486612557	 3 0 0
        -61.15255834	 3 0 1
         -51.5723868	 3 0 2
         351.0633477	 3 0 3
         122.1117593	 3 0 4
        -433.1368706	 3 0 5
        -1.682766086	 3 2 0
        -32.96955908	 3 2 1
         27.97405768	 3 2 2
         127.0326716	 3 2 3
     1.252260489e-08	 3 3 0
     2.408578678e-09	 3 3 1
     4.626934467e-09	 3 3 2
        -48.19928187	 3 4 0
        -92.49316816	 3 4 1
    -3.875667844e-07	 3 5 0
    -4.081836671e-11	 4 0 0
     -0.001013127654	 4 1 0
     -0.001764613011	 4 1 1
     7.122295667e-06	 4 1 2
     0.0006646311446	 4 1 3
     4.885439031e-09	 4 2 0
     2.640032136e-10	 4 2 1
       3.6680234e-10	 4 2 2
       0.03469174412	 4 3 0
       0.07627576428	 4 3 1
      -2.5886681e-07	 4 4 0
        -2.547443643	 5 0 0
        -24.02799553	 5 0 1
         16.70431989	 5 0 2
         79.34832325	 5 0 3
     -5.53402847e-09	 5 1 0
    -7.842212732e-10	 5 1 1
    -1.519904222e-09	 5 1 2
         19.49593281	 5 2 0
         29.85041647	 5 2 1
    -5.394076035e-07	 5 3 0
     6.603699575e-09	 6 0 0
    -6.139955643e-11	 6 0 2
       0.03014621535	 6 1 0
       0.03362292709	 6 1 1
    -2.005352899e-07	 6 2 0
        -2.774909166	 7 0 0
        -4.637127739	 7 0 1
     3.680284976e-07	 7 1 0
    -2.692985796e-07	 8 0 0
