#Field Shape
#<B> = (2.74031 -4.82465e-07 6.03555e-08)
#<B^2> = (7.62529 1.86862e-09 4.4852e-10)
#sigmaBx/Bx0 = 0.124284
#<dBx/dx>/Bx0 = -0.000961745
#8th order polynomial (165 terms) fit to Bx centered at <	0.0315,	0,	0	>, rms residual = 1.95884e-06
         2.782637349	 0 0 0
     3.689793469e-09	 0 0 1
     -0.001224750939	 0 0 2
    -1.177563582e-07	 0 0 3
        0.1568776256	 0 0 4
     -5.93775053e-06	 0 0 5
        -9.831903681	 0 0 6
      0.005752688099	 0 0 7
        -1437.722707	 0 0 8
     8.445095129e-08	 0 1 0
     1.127775023e-07	 0 1 1
    -3.053631095e-05	 0 1 2
    -0.0002020519794	 0 1 3
      0.000698782166	 0 1 4
       0.03554397747	 0 1 5
        0.1997871309	 0 1 6
        -1.721968581	 0 1 7
       0.03609157579	 0 2 0
     6.536722362e-06	 0 2 1
         4.075625745	 0 2 2
      -0.00141846854	 0 2 3
        -1397.367936	 0 2 4
      -0.02038297736	 0 2 5
         134219.4401	 0 2 6
    -0.0001702627289	 0 3 0
      0.005484906598	 0 3 1
       0.04001956125	 0 3 2
       -0.4372292313	 0 3 3
         -4.09267433	 0 3 4
         9.003082121	 0 3 5
        -2.884186472	 0 4 0
      -0.02453802161	 0 4 1
         562.7740065	 0 4 2
        0.1222718772	 0 4 3
        -636097.0134	 0 4 4
        0.4079746315	 0 5 0
        -12.72822946	 0 5 1
         9.774178742	 0 5 2
         466.6697077	 0 5 3
         8790.759986	 0 6 0
         46.15967918	 0 6 1
          4281736.67	 0 6 2
        -516.1154259	 0 7 0
         8604.228395	 0 7 1
         -14380641.1	 0 8 0
     -0.002697354328	 1 0 0
     2.460094414e-07	 1 0 1
       0.01331312814	 1 0 2
    -0.0001014509654	 1 0 3
         4.088636956	 1 0 4
       0.01627748993	 1 0 5
        -403.6340436	 1 0 6
       -0.4467132285	 1 0 7
     2.006511611e-05	 1 1 0
     2.019618726e-05	 1 1 1
     -0.004652837999	 1 1 2
     -0.008113651918	 1 1 3
         0.011759637	 1 1 4
        0.2707036996	 1 1 5
         27.55221135	 1 1 6
       -0.5249937818	 1 2 0
     -0.002180831122	 1 2 1
        -6.728948058	 1 2 2
       0.07782429838	 1 2 3
         1149.503169	 1 2 4
         6.065487412	 1 2 5
      -0.08900323268	 1 3 0
       0.03414577311	 1 3 1
         11.75466133	 1 3 2
          1.18232492	 1 3 3
        -593.3641494	 1 3 4
         101.9495334	 1 4 0
         8.001166765	 1 4 1
         7611.434178	 1 4 2
        -61.50561201	 1 4 3
          84.5891089	 1 5 0
        -2.259866166	 1 5 1
        -4820.413141	 1 5 2
        -362352.9694	 1 6 0
        -8777.098628	 1 6 1
          7157.48622	 1 7 0
      -0.03165616376	 2 0 0
    -5.898635993e-06	 2 0 1
       -0.2188848101	 2 0 2
      0.002364078981	 2 0 3
        -839.2685421	 2 0 4
       -0.2288537214	 2 0 5
         77354.61007	 2 0 6
    -0.0003888969788	 2 1 0
     -0.007312831907	 2 1 1
       0.09825338098	 2 1 2
        0.4565560168	 2 1 3
        -4.600915947	 2 1 4
        -9.476849263	 2 1 5
        -38.45113616	 2 2 0
      -0.01841126294	 2 2 1
        -2145.046077	 2 2 2
         7.627786601	 2 2 3
         115351.2963	 2 2 4
      -0.06777755091	 2 3 0
          5.71392241	 2 3 1
        -72.30907603	 2 3 2
        -281.5157141	 2 3 3
         53454.42905	 2 4 0
        -87.36595006	 2 4 1
         286414.3131	 2 4 2
         508.1468702	 2 5 0
        -2174.373883	 2 5 1
        -12036692.85	 2 6 0
        0.3759399265	 3 0 0
       0.00200970563	 3 0 1
        -58.39043875	 3 0 2
       -0.2953585817	 3 0 3
         3628.965519	 3 0 4
        -20.25639747	 3 0 5
      -0.05574848447	 3 1 0
        0.0152568813	 3 1 1
         13.87318718	 3 1 2
         15.17108766	 3 1 3
        -278.4088754	 3 1 4
        -767.8535574	 3 2 0
       0.08537086805	 3 2 1
         53179.05602	 3 2 2
        -123.3583503	 3 2 3
         321.9313577	 3 3 0
        -122.1129779	 3 3 1
        -8534.181309	 3 3 2
          1050878.23	 3 4 0
        -415.4807628	 3 4 1
         -367020.672	 3 5 0
         10.91538212	 4 0 0
      0.006250539194	 4 0 1
         8909.136817	 4 0 2
        -10.02784056	 4 0 3
        -284948.0111	 4 0 4
         1.218558383	 4 1 0
         32.97122664	 4 1 1
        -31.42908896	 4 1 2
        -514.4567699	 4 1 3
         17717.98271	 4 2 0
         129.3262171	 4 2 1
         4878008.778	 4 2 2
         1371.564564	 4 3 0
        -5847.729653	 4 3 1
        -65832781.27	 4 4 0
         258.0241421	 5 0 0
        -6.841762519	 5 0 1
        -7542.656852	 5 0 2
         821.7147115	 5 0 3
        -92.63894098	 5 1 0
        -157.9648142	 5 1 1
        -20565.39103	 5 1 2
         11434.64916	 5 2 0
         3297.951497	 5 2 1
         37148.51444	 5 3 0
        -73473.33932	 6 0 0
         98.37744711	 6 0 1
        -9845803.805	 6 0 2
        -3800.098883	 6 1 0
        -50818.89718	 6 1 1
          36686966.8	 6 2 0
        -565535.5853	 7 0 0
         6009.248431	 7 0 1
         234457.9448	 7 1 0
         106491466.3	 8 0 0
#8th order polynomial (165 terms) fit to By centered at <	0.03150000097,	0,	0	>, rms residual = 1.241473391e-06
     4.154963124e-09	 0 0 0
     1.167520962e-08	 0 0 1
    -8.112184081e-07	 0 0 2
    -3.016125987e-06	 0 0 3
     0.0004398539423	 0 0 4
     0.0004686798597	 0 0 5
      -0.07256659946	 0 0 6
      -0.01791852394	 0 0 7
         3.686387293	 0 0 8
       0.00285030703	 0 1 0
     5.940472879e-07	 0 1 1
       0.00287348976	 0 1 2
    -9.853272833e-05	 0 1 3
        -0.248125776	 0 1 4
      0.007634234333	 0 1 5
         20.21683588	 0 1 6
       -0.1542567502	 0 1 7
     2.311176016e-05	 0 2 0
      -4.3702002e-06	 0 2 1
     -0.003322882996	 0 2 2
     -0.002927206675	 0 2 3
       0.03060828584	 0 2 4
        0.2577716963	 0 2 5
         12.11264727	 0 2 6
        0.1997437979	 0 3 0
     -0.002373046734	 0 3 1
         42.11829829	 0 3 2
      -0.03251113219	 0 3 3
        -272.2822203	 0 3 4
       -0.5335688001	 0 3 5
       -0.1011782881	 0 4 0
       0.06125150192	 0 4 1
         11.15739133	 0 4 2
        -4.615890971	 0 4 3
        -278.7503415	 0 4 4
         47.65939095	 0 5 0
         5.473442635	 0 5 1
        -40238.53468	 0 5 2
         115.6258228	 0 5 3
         148.6944734	 0 6 0
          -24.670517	 0 6 1
        -10072.19248	 0 6 2
         -34319.7379	 0 7 0
        -4584.394267	 0 7 1
         -59146.7184	 0 8 0
     1.985373776e-07	 1 0 0
     1.988890523e-06	 1 0 1
    -0.0001097989507	 1 0 2
    -0.0007338225982	 1 0 3
       0.01692523056	 1 0 4
        0.1339970808	 1 0 5
       -0.8465590486	 1 0 6
        -8.309324661	 1 0 7
       0.09162337362	 1 1 0
     2.664521709e-07	 1 1 1
         4.597556943	 1 1 2
     -0.001926860718	 1 1 3
        -1228.843753	 1 1 4
        0.1202503942	 1 1 5
         69656.30973	 1 1 6
     -0.000967725087	 1 2 0
     -0.008658601864	 1 2 1
         0.161799412	 1 2 2
        0.7513935364	 1 2 3
        -6.887063721	 1 2 4
        -22.81514131	 1 2 5
        -34.02794157	 1 3 0
       0.08927185986	 1 3 1
         760.5668204	 1 3 2
        -2.415063586	 1 3 3
         207751.6644	 1 3 4
        0.8527367416	 1 4 0
         11.43694843	 1 4 1
         -72.8400105	 1 4 2
        -481.2322332	 1 4 3
         30120.95853	 1 5 0
        -108.0284261	 1 5 1
        -1604567.195	 1 5 2
         540.3481602	 1 6 0
         -2463.59111	 1 6 1
        -3995820.381	 1 7 0
    -8.065418592e-06	 2 0 0
     8.478507005e-05	 2 0 1
      0.002175133227	 2 0 2
      -0.02369860359	 2 0 3
        -1.038397983	 2 0 4
         1.318544046	 2 0 5
         82.44316359	 2 0 6
     -0.007079101067	 2 1 0
     -0.004282899904	 2 1 1
        -47.80929918	 2 1 2
          1.24194668	 2 1 3
         587.0911317	 2 1 4
        -68.36489643	 2 1 5
       -0.1068752257	 2 2 0
       -0.1258380607	 2 2 1
         8.711660518	 2 2 2
         10.79401372	 2 2 3
        -804.5227591	 2 2 4
        -1418.470392	 2 3 0
         13.73565489	 2 3 1
        -17031.60056	 2 3 2
        -525.0561927	 2 3 3
         306.6097562	 2 4 0
         17.68659107	 2 4 1
         1127.446608	 2 4 2
         1099642.426	 2 5 0
        -14609.09579	 2 5 1
         -231021.113	 2 6 0
     9.414059229e-05	 3 0 0
     -0.003884535055	 3 0 1
       0.06746495117	 3 0 2
       -0.1970319442	 3 0 3
         -3.55095792	 3 0 4
         35.64178195	 3 0 5
        -92.25398131	 3 1 0
      -0.09920208683	 3 1 1
        -5419.544079	 3 1 2
         3.293410929	 3 1 3
          881134.051	 3 1 4
         2.480544842	 3 2 0
         18.75639439	 3 2 1
        -103.6593439	 3 2 2
        -614.8159001	 3 2 3
         181465.0352	 3 3 0
         111.0497482	 3 3 1
        -2784921.087	 3 3 2
        -4367.926927	 3 4 0
         -18374.0891	 3 4 1
        -66828593.69	 3 5 0
        0.1346658761	 4 0 0
      -0.01815412359	 4 0 1
         1.853473876	 4 0 2
         19.81993966	 4 0 3
         46.80658999	 4 0 4
        -198.7388107	 4 1 0
        -7.147299204	 4 1 1
         146787.9297	 4 1 2
        -435.1620616	 4 1 3
        -8.811009512	 4 2 0
         136.0016767	 4 2 1
         1600.758083	 4 2 2
         1020514.992	 4 3 0
         5341.687185	 4 3 1
        -224089.8134	 4 4 0
        -1.716022261	 5 0 0
         18.60990568	 5 0 1
         -63.8838398	 5 0 2
         424.8573492	 5 0 3
         208896.9396	 5 1 0
         61.39625878	 5 1 1
         1725407.067	 5 1 2
         1443.357674	 5 2 0
        -6298.209949	 5 2 1
        -207618621.1	 5 3 0
        -402.9156046	 6 0 0
        -273.0446303	 6 0 1
        -4674.186445	 6 0 2
        -1502512.668	 6 1 0
         10253.76957	 6 1 1
          275600.074	 6 2 0
         2091.094717	 7 0 0
        -43124.42759	 7 0 1
        -177767227.5	 7 1 0
         296295.7969	 8 0 0
#8th order polynomial (164 terms) fit to Bz centered at <	0.03150000097,	0,	0	>, rms residual = 7.106149436e-07
    -0.0003022910828	 0 0 1
    -1.224999417e-07	 0 0 2
      -0.02077898791	 0 0 3
     6.293966026e-05	 0 0 4
           2.9963541	 0 0 5
     -0.009782518879	 0 0 6
        -164.9421828	 0 0 7
        0.4697393485	 0 0 8
     6.732803425e-09	 0 1 0
    -3.472348311e-07	 0 1 1
     1.171259276e-06	 0 1 2
    -0.0003410569097	 0 1 3
    -0.0005423727725	 0 1 4
        0.1041673748	 0 1 5
        0.0579646985	 0 1 6
        -6.789211798	 0 1 7
    -9.158382526e-07	 0 2 0
      -0.04911206357	 0 2 1
     0.0001120955539	 0 2 2
         13.53553101	 0 2 3
     -0.008976596539	 0 2 4
        -799.6877948	 0 2 5
         1.546093631	 0 2 6
    -0.0001318591343	 0 3 0
      0.005251635629	 0 3 1
      0.006442362139	 0 3 2
       -0.2751627636	 0 3 3
        -1.097967187	 0 3 4
        -25.77699116	 0 3 5
      0.008944043321	 0 4 0
        -9.642284548	 0 4 1
       -0.5709106784	 0 4 2
         593.5557675	 0 4 3
         -45.7259519	 0 4 4
        0.4283648353	 0 5 0
        -10.88806074	 0 5 1
         2.071859767	 0 5 2
         537.0605254	 0 5 3
        -23.92284047	 0 6 0
         22264.76207	 0 6 1
         1251.834261	 0 6 2
        -414.2314764	 0 7 0
         7033.703977	 0 7 1
         18108.24786	 0 8 0
    -1.739322177e-08	 1 0 0
     -0.008564345466	 1 0 1
     3.161889368e-06	 1 0 2
        -1.223246522	 1 0 3
    -0.0008000649755	 1 0 4
          156.094868	 1 0 5
       0.06901760305	 1 0 6
        -6139.219419	 1 0 7
    -2.244248339e-06	 1 1 0
     -4.35292863e-05	 1 1 1
     0.0002204081592	 1 1 2
       0.03179258397	 1 1 3
      -0.01179797782	 1 1 4
        -2.689308626	 1 1 5
       -0.3881169309	 1 1 6
     5.139414519e-05	 1 2 0
        -4.601624399	 1 2 1
       0.01870629922	 1 2 2
         715.0505292	 1 2 3
       -0.9755272185	 1 2 4
        -62094.01509	 1 2 5
     -0.002178101185	 1 3 0
      -0.03556076667	 1 3 1
        0.8396681625	 1 3 2
        0.8931228017	 1 3 3
        -23.75057316	 1 3 4
       -0.2639929802	 1 4 0
         4638.764264	 1 4 1
        -23.33837139	 1 4 2
         115797.4799	 1 4 3
         12.87181192	 1 5 0
         91.78621082	 1 5 1
        -1194.835754	 1 5 2
          361.144224	 1 6 0
        -783383.9642	 1 6 1
        -12090.10375	 1 7 0
     1.158904953e-06	 2 0 0
     -0.002291788693	 2 0 1
    -0.0008081577783	 2 0 2
          8.27958967	 2 0 3
       0.01881319165	 2 0 4
        -627.4670456	 2 0 5
         3.149052359	 2 0 6
     0.0001429383895	 2 1 0
      0.009779898774	 2 1 1
      -0.02709543421	 2 1 2
        -1.594687978	 2 1 3
         1.173644836	 2 1 4
         42.57435609	 2 1 5
      0.006425028276	 2 2 0
         326.3140366	 2 2 1
        0.1117140892	 2 2 2
         -20154.4081	 2 2 3
         26.98379922	 2 2 4
      -0.05847526929	 2 3 0
        -20.59877756	 2 3 1
         20.52778427	 2 3 2
         2671.530422	 2 3 3
        -5.081533442	 2 4 0
         -226604.609	 2 4 1
        -534.2254015	 2 4 2
        -159.1982573	 2 5 0
          4185.98699	 2 5 1
        -6884.269783	 2 6 0
     0.0002254521191	 3 0 0
        0.4263234124	 3 0 1
       -0.0249666077	 3 0 2
         1732.625404	 3 0 3
       0.09428778211	 3 0 4
        -114175.7724	 3 0 5
       0.03506833162	 3 1 0
       -0.2800468069	 3 1 1
        -2.224817261	 3 1 2
         6.103227741	 3 1 3
         95.80864573	 3 1 4
       -0.3437872392	 3 2 0
         3260.546489	 3 2 1
         1.801400478	 3 2 2
        -4417.953709	 3 2 3
        -33.63843592	 3 3 0
        -256.6727027	 3 3 1
         1267.219103	 3 3 2
         466.6107906	 3 4 0
        -16064539.01	 3 4 1
         31925.63449	 3 5 0
     -0.007006927919	 4 0 0
        -153.2311815	 4 0 1
         5.093886109	 4 0 2
         6609.310245	 4 0 3
        -171.0169493	 4 0 4
        -0.460877847	 4 1 0
        -11.29920857	 4 1 1
         18.37583381	 4 1 2
        -60.64036958	 4 1 3
        -26.69481079	 4 2 0
        -211201.5188	 4 2 1
        -76.79666304	 4 2 2
         326.4274179	 4 3 0
        -8211.726206	 4 3 1
         44235.22668	 4 4 0
       -0.5834591529	 5 0 0
        -18924.13449	 5 0 1
         74.26802587	 5 0 2
        -996578.8914	 5 0 3
        -126.5717909	 5 1 0
         675.0229947	 5 1 1
         1600.058543	 5 1 2
         200.2545237	 5 2 0
         12689596.44	 5 2 1
         3747.751269	 5 3 0
        -3.787078093	 6 0 0
         206345.7039	 6 0 1
        -7100.228223	 6 0 2
         418.2320081	 6 1 0
           35179.127	 6 1 1
        -10745.22058	 6 2 0
        -54.52395267	 7 0 0
         30350518.23	 7 0 1
         179015.8141	 7 1 0
         51319.96183	 8 0 0
