#Field Shape
#<B> = (1.92388 1.22629e-08 -1.69136e-17)
#<B^2> = (4.66292 0.000256657 0.0381826)
#sigmaBx/Bx0 = 0.509705
#<dBx/dx>/Bx0 = 9.61791e-16
#8th order polynomial (125 terms) fit to Bx centered at <	0,	0,	0.75	>, rms residual = 0.0313961
         2.572271256	 0 0 0
       -0.9278708811	 0 0 1
        -5.690594879	 0 0 2
        -14.00621845	 0 0 3
         2.406735295	 0 0 4
         45.07423879	 0 0 5
         23.37775835	 0 0 6
         -40.8104196	 0 0 7
        -29.51092758	 0 0 8
         1.879132999	 0 2 0
         5.177947138	 0 2 1
        -25.45167051	 0 2 2
        -47.70313932	 0 2 3
         66.07161913	 0 2 4
         72.55955881	 0 2 5
        -47.86683709	 0 2 6
         3.640054327	 0 4 0
        -3.053574435	 0 4 1
        -40.38525891	 0 4 2
         4.016315909	 0 4 3
         74.47079346	 0 4 4
     1.044944379e-09	 0 5 0
    -4.173291465e-09	 0 5 1
    -1.322250187e-09	 0 5 2
     3.474933426e-09	 0 5 3
        -10.90836963	 0 6 0
         21.82655578	 0 6 1
         28.23523341	 0 6 2
    -5.285149769e-08	 0 7 0
     1.986691599e-07	 0 7 1
        -59.87896901	 0 8 0
    -2.951256588e-07	 1 1 0
     6.402072978e-07	 1 1 1
     1.304324445e-06	 1 1 2
    -3.767719178e-06	 1 1 3
    -2.334608936e-06	 1 1 4
      4.36083461e-06	 1 1 5
     3.068291283e-06	 1 1 6
     5.996811531e-05	 1 3 0
     9.674314886e-06	 1 3 1
    -0.0001542236023	 1 3 2
    -1.707952646e-05	 1 3 3
    -1.272026682e-06	 1 3 4
     6.187526945e-10	 1 4 0
    -2.867046451e-09	 1 4 1
    -1.273103842e-09	 1 4 2
      3.87797438e-09	 1 4 3
     -0.004048417759	 1 5 0
    -0.0001837980239	 1 5 1
      0.005933112859	 1 5 2
    -9.847011028e-09	 1 6 0
       3.5518699e-08	 1 6 1
       0.07990063814	 1 7 0
         5.449153251	 2 0 0
          15.0455873	 2 0 1
        -75.14282859	 2 0 2
        -138.2099122	 2 0 3
         193.1549461	 2 0 4
         210.1039087	 2 0 5
        -137.4425024	 2 0 6
         4.516561066	 2 2 0
        -2.508802744	 2 2 1
        -180.9233376	 2 2 2
         19.49415056	 2 2 3
         360.4066529	 2 2 4
    -6.133939387e-09	 2 3 0
     2.453127794e-08	 2 3 1
     8.395627691e-09	 2 3 2
    -2.219247352e-08	 2 3 3
         184.5566111	 2 4 0
        -176.1558565	 2 4 1
        -223.3739487	 2 4 2
     2.318851334e-07	 2 5 0
    -8.658252567e-07	 2 5 1
        -2131.307413	 2 6 0
      5.14699737e-05	 3 1 0
    -3.627405203e-05	 3 1 1
    -0.0001855267673	 3 1 2
     8.082631646e-05	 3 1 3
     7.356919901e-05	 3 1 4
    -6.069678785e-09	 3 2 0
     2.483326308e-08	 3 2 1
     8.376467534e-09	 3 2 2
    -2.224569096e-08	 3 2 3
     -0.002417823529	 3 3 0
     0.0001885013357	 3 3 1
      0.005304052953	 3 3 2
     1.548156838e-07	 3 4 0
    -6.092546516e-07	 3 4 1
       0.06125484662	 3 5 0
         11.88358521	 4 0 0
        -9.255212513	 4 0 1
        -171.3889583	 4 0 2
         17.11940826	 4 0 3
         323.5755355	 4 0 4
     5.920860324e-10	 4 1 0
    -2.541450646e-09	 4 1 1
    -1.297589645e-09	 4 1 2
     3.290676516e-09	 4 1 3
        -188.0689015	 4 2 0
         137.2492148	 4 2 1
         220.4124192	 4 2 2
     1.609657867e-07	 4 3 0
    -5.955843166e-07	 4 3 1
         4951.460304	 4 4 0
     1.085744837e-09	 5 0 0
     -4.26516386e-09	 5 0 1
    -1.324170375e-09	 5 0 2
     3.498485077e-09	 5 0 3
     -0.002542152735	 5 1 0
     0.0006721476063	 5 1 1
      0.005723965729	 5 1 2
     2.328265611e-07	 5 2 0
    -8.730035515e-07	 5 2 1
     -0.002261596344	 5 3 0
         9.143550287	 6 0 0
         1.457628103	 6 0 1
         14.12461259	 6 0 2
    -6.649906693e-09	 6 1 0
      3.19984547e-08	 6 1 1
        -1479.330313	 6 2 0
     -5.61049003e-08	 7 0 0
     2.041493099e-07	 7 0 1
       0.04445446627	 7 1 0
         -25.9917674	 8 0 0
#8th order polynomial (98 terms) fit to By centered at <	0,	0,	0.75	>, rms residual = 0.01014419742
     1.964654984e-08	 0 0 0
    -3.668647215e-09	 0 0 1
     -4.59205635e-08	 0 0 2
    -1.044990235e-07	 0 0 3
    -1.579728474e-07	 0 0 4
     2.110828391e-07	 0 0 5
     7.968658201e-07	 0 0 6
    -1.118564488e-07	 0 0 7
    -8.051207065e-07	 0 0 8
     8.282677846e-08	 0 2 0
     3.988306304e-07	 0 2 1
    -4.339226957e-07	 0 2 2
    -3.136976738e-06	 0 2 3
    -2.681879102e-06	 0 2 4
     3.508721098e-06	 0 2 5
     5.320471878e-06	 0 2 6
     1.662867883e-05	 0 4 0
     2.030871549e-05	 0 4 1
     2.703714091e-05	 0 4 2
     4.253948053e-05	 0 4 3
    -3.380229066e-05	 0 4 4
     -0.001117859712	 0 6 0
     -0.001851580985	 0 6 1
    -0.0001384430571	 0 6 2
     6.505384141e-10	 0 7 0
     1.154914071e-09	 0 7 1
      0.002203381847	 0 8 0
         3.755652152	 1 1 0
         10.12360755	 1 1 1
        -50.75455962	 1 1 2
        -93.66846912	 1 1 3
         131.1537947	 1 1 4
         142.4968779	 1 1 5
        -94.29494133	 1 1 6
         14.29804443	 1 3 0
        -11.71737079	 1 3 1
        -155.6048502	 1 3 2
         15.27738024	 1 3 3
         285.6203505	 1 3 4
        -78.34359879	 1 5 0
         90.77858765	 1 5 1
         134.5114656	 1 5 2
    -5.455193478e-10	 1 6 0
         584.5970977	 1 7 0
    -2.869037333e-08	 2 0 0
    -3.483344561e-08	 2 0 1
    -1.659524153e-06	 2 0 2
     1.570253251e-07	 2 0 3
     5.424552551e-06	 2 0 4
    -1.258511674e-07	 2 0 5
    -4.985790132e-06	 2 0 6
    -5.283001228e-05	 2 2 0
      2.67221784e-05	 2 2 1
     0.0001214769375	 2 2 2
     1.225325803e-05	 2 2 3
    -8.744246522e-05	 2 2 4
       0.00106024347	 2 4 0
    -0.0003535128471	 2 4 1
     -0.001906156227	 2 4 2
     1.119444301e-10	 2 5 1
       0.03628249766	 2 6 0
         3.140056298	 3 1 0
         -1.82628629	 3 1 1
        -122.8392824	 3 1 2
         13.27620863	 3 1 3
         244.7288108	 3 1 4
         243.5688094	 3 3 0
         -196.235845	 3 3 1
        -243.6519112	 3 3 2
     1.181248706e-09	 3 4 0
        -4337.249545	 3 5 0
      3.14222246e-05	 4 0 0
    -9.631186239e-06	 4 0 1
     3.113153667e-05	 4 0 2
    -2.517607614e-05	 4 0 3
     1.513226034e-06	 4 0 4
      0.005315253525	 4 2 0
     -0.002038095628	 4 2 1
     -0.003664013575	 4 2 2
     7.221501558e-10	 4 3 0
       -0.1022331038	 4 4 0
     1.932093241e-11	 5 0 1
        -74.60096583	 5 1 0
         42.86077544	 5 1 1
         68.84881521	 5 1 2
    -7.428437706e-11	 5 2 0
     6.012518412e-11	 5 2 1
         3549.849271	 5 3 0
     -0.003156496839	 6 0 0
      0.001150023049	 6 0 1
     -0.001514797904	 6 0 2
    -4.056647209e-10	 6 1 0
     2.342607282e-10	 6 1 1
         -0.13929872	 6 2 0
    -1.835106749e-10	 7 0 0
    -1.357295882e-09	 7 0 1
        -202.4146796	 7 1 0
       0.09372877931	 8 0 0
#8th order polynomial (111 terms) fit to Bz centered at <	0,	0,	0.75	>, rms residual = 0.03595818893
    -4.862693182e-09	 0 1 0
    -1.646359768e-07	 0 1 1
    -7.778452945e-07	 0 1 2
    -6.593989802e-07	 0 1 3
     3.104857132e-06	 0 1 4
     4.271491399e-06	 0 1 5
     -3.12229524e-06	 0 1 6
    -4.771473433e-06	 0 1 7
    -2.284025687e-06	 0 3 0
     6.532989349e-06	 0 3 1
    -5.618470915e-06	 0 3 2
    -1.311071562e-05	 0 3 3
     4.948792175e-06	 0 3 4
     1.248681969e-06	 0 3 5
    -1.317347323e-10	 0 4 0
     0.0004523980946	 0 5 0
    -0.0001882455412	 0 5 1
     0.0002961980682	 0 5 2
     0.0007345898249	 0 5 3
     2.310079382e-08	 0 6 0
    -1.887958282e-09	 0 6 1
     9.254163149e-09	 0 6 2
      -0.02455812851	 0 7 0
      -0.01094890041	 0 7 1
    -1.217056142e-06	 0 8 0
        -1.110690045	 1 0 0
        -13.08086261	 1 0 1
         -32.2681855	 1 0 2
         43.11499286	 1 0 3
         158.2160366	 1 0 4
         -13.9707712	 1 0 5
        -179.2874119	 1 0 6
        -42.10839711	 1 0 7
         1.222891515	 1 2 0
        -59.56258794	 1 2 1
        -46.95195511	 1 2 2
         344.4523963	 1 2 3
         112.4770546	 1 2 4
        -427.9719897	 1 2 5
        -3.779635645	 1 4 0
        -29.33132438	 1 4 1
         18.53164173	 1 4 2
         90.51458108	 1 4 3
     3.635042611e-10	 1 5 0
     6.368834274e-11	 1 5 1
    -1.378931656e-09	 1 5 2
         13.97322755	 1 6 0
          15.5088713	 1 6 1
     2.031494065e-08	 1 7 0
     1.954554004e-06	 2 1 0
     7.919968124e-06	 2 1 1
       1.2785512e-06	 2 1 2
     1.800120103e-07	 2 1 3
    -2.008688768e-06	 2 1 4
    -6.820567184e-06	 2 1 5
     0.0002201825872	 2 3 0
    -0.0003942444967	 2 3 1
    -0.0003429514656	 2 3 2
     0.0002380978326	 2 3 3
    -7.157598964e-09	 2 4 0
     3.044954131e-10	 2 4 1
     2.979581613e-09	 2 4 2
      0.009318522778	 2 5 0
      0.007954082336	 2 5 1
     3.112209138e-07	 2 6 0
         1.251118659	 3 0 0
        -58.63547336	 3 0 1
        -46.62528821	 3 0 2
         338.2906332	 3 0 3
         111.6628608	 3 0 4
        -419.0895881	 3 0 5
        -1.538696652	 3 2 0
        -31.09017883	 3 2 1
         26.34379544	 3 2 2
         119.6434485	 3 2 3
    -1.703448651e-09	 3 3 0
    -1.935880707e-10	 3 3 1
     5.367237897e-09	 3 3 2
        -47.74412748	 3 4 0
        -83.62383389	 3 4 1
     -9.87240785e-08	 3 5 0
     4.715527949e-13	 4 0 0
    -0.0005193303441	 4 1 0
    -0.0009117743277	 4 1 1
     0.0001525921036	 4 1 2
     0.0001483254976	 4 1 3
     9.290186539e-09	 4 2 0
    -3.245668065e-10	 4 2 1
     6.652685965e-10	 4 2 2
      -0.02265513643	 4 3 0
      0.006963451202	 4 3 1
    -1.094809533e-07	 4 4 0
        -2.437490955	 5 0 0
        -22.18675791	 5 0 1
         15.62924252	 5 0 2
         73.85561714	 5 0 3
     2.059987493e-09	 5 1 0
      9.33528837e-11	 5 1 1
    -1.101533679e-09	 5 1 2
         14.24546407	 5 2 0
         19.12142326	 5 2 1
     9.843075792e-08	 5 3 0
    -1.556964509e-09	 6 0 0
    -2.090737837e-10	 6 0 2
       0.02931166716	 6 1 0
       0.03257046361	 6 1 1
     -4.42738066e-07	 6 2 0
         1.750067465	 7 0 0
        -5.992334328	 7 0 1
    -1.419629629e-07	 7 1 0
     1.028267456e-07	 8 0 0
