#Field Shape
#<B> = (2.02145 1.10811e-09 -1.43115e-17)
#<B^2> = (5.14854 0.000293086 0.0426273)
#sigmaBx/Bx0 = 0.509872
#<dBx/dx>/Bx0 = 1.83074e-15
#8th order polynomial (125 terms) fit to Bx centered at <	0,	0,	0.75	>, rms residual = 0.0338765
         2.707459058	 0 0 0
       -0.9222126488	 0 0 1
        -5.980613065	 0 0 2
        -15.16276072	 0 0 3
         2.129969312	 0 0 4
         48.58566102	 0 0 5
         25.93969691	 0 0 6
        -43.94993138	 0 0 7
         -32.2837043	 0 0 8
         1.991453118	 0 2 0
          5.63351407	 0 2 1
        -26.85797882	 0 2 2
        -51.52948244	 0 2 3
         69.25556956	 0 2 4
         78.25596581	 0 2 5
         -49.6511088	 0 2 6
          3.92768202	 0 4 0
          -3.2340853	 0 4 1
        -43.13564755	 0 4 2
          4.25158482	 0 4 3
         79.34976446	 0 4 4
     1.071531233e-09	 0 5 0
    -4.266382954e-09	 0 5 1
    -1.334388199e-09	 0 5 2
     3.463160583e-09	 0 5 3
        -11.26748307	 0 6 0
         21.10208565	 0 6 1
         29.58395528	 0 6 2
    -5.455066477e-08	 0 7 0
     2.064006713e-07	 0 7 1
        -58.51192559	 0 8 0
    -4.713305909e-07	 1 1 0
    -1.720008133e-07	 1 1 1
     3.616592343e-06	 1 1 2
     3.757228133e-06	 1 1 3
    -8.229568067e-06	 1 1 4
    -7.024481567e-06	 1 1 5
     3.462196648e-06	 1 1 6
     3.387634775e-05	 1 3 0
     2.270525812e-05	 1 3 1
    -4.968585488e-05	 1 3 2
     7.672634739e-05	 1 3 3
     9.472578044e-05	 1 3 4
     5.565876622e-10	 1 4 0
    -2.542423266e-09	 1 4 1
    -1.174629387e-09	 1 4 2
     3.797530071e-09	 1 4 3
     -0.005553543987	 1 5 0
      -0.00329565972	 1 5 1
    -0.0001899516907	 1 5 2
    -7.297537653e-09	 1 6 0
     1.542793408e-08	 1 6 1
        0.3012858354	 1 7 0
         5.761031819	 2 0 0
         16.40111713	 2 0 1
        -79.19448687	 2 0 2
        -149.3278615	 2 0 3
         202.1955045	 2 0 4
         226.5720679	 2 0 5
        -142.3277614	 2 0 6
         4.415847687	 2 2 0
        -2.244413143	 2 2 1
         -191.545451	 2 2 2
         20.35672751	 2 2 3
         382.3126163	 2 2 4
    -6.172531072e-09	 2 3 0
     2.452660266e-08	 2 3 1
     8.363804095e-09	 2 3 2
     -2.17921847e-08	 2 3 3
         202.2650474	 2 4 0
        -192.4015981	 2 4 1
        -238.6136552	 2 4 2
     2.350555666e-07	 2 5 0
    -8.778834184e-07	 2 5 1
        -2356.871635	 2 6 0
      0.000120541173	 3 1 0
    -2.865287232e-05	 3 1 1
    -8.689034161e-05	 3 1 2
    -7.377927959e-06	 3 1 3
     0.0002019625666	 3 1 4
    -5.984741629e-09	 3 2 0
     2.429178644e-08	 3 2 1
     8.272001419e-09	 3 2 2
    -2.173382642e-08	 3 2 3
      0.004081840775	 3 3 0
    -8.247177189e-05	 3 3 1
     1.862349683e-05	 3 3 2
     1.539991873e-07	 3 4 0
    -5.976563026e-07	 3 4 1
       -0.2623520945	 3 5 0
         12.69902387	 4 0 0
        -9.779873674	 4 0 1
        -182.3631825	 4 0 2
         17.92647918	 4 0 3
         344.4013923	 4 0 4
      6.81832821e-10	 4 1 0
    -2.740582572e-09	 4 1 1
     -1.29772947e-09	 4 1 2
     3.367678479e-09	 4 1 3
        -207.9026313	 4 2 0
         151.7680275	 4 2 1
         241.6285979	 4 2 2
     1.595229093e-07	 4 3 0
    -5.894195199e-07	 4 3 1
          5377.32081	 4 4 0
     1.037035996e-09	 5 0 0
    -4.125771427e-09	 5 0 1
    -1.314613243e-09	 5 0 2
     3.430188059e-09	 5 0 3
      -0.01850621229	 5 1 0
      0.001389411563	 5 1 1
     -0.002134085556	 5 1 2
     2.296018395e-07	 5 2 0
    -8.589723149e-07	 5 2 1
      -0.05913471048	 5 3 0
         9.888726362	 6 0 0
         1.091841856	 6 0 1
         13.31007065	 6 0 2
    -1.169818346e-08	 6 1 0
     3.987553488e-08	 6 1 1
        -1582.793225	 6 2 0
    -5.279105492e-08	 7 0 0
     1.963928697e-07	 7 0 1
        0.8007671163	 7 1 0
        -19.58281649	 8 0 0
#8th order polynomial (98 terms) fit to By centered at <	0,	0,	0.75	>, rms residual = 0.010926191
     3.653553293e-09	 0 0 0
     7.908141846e-09	 0 0 1
    -5.569167108e-08	 0 0 2
    -2.753527046e-08	 0 0 3
     3.248683206e-07	 0 0 4
     4.279802725e-08	 0 0 5
    -7.634404095e-07	 0 0 6
     -2.69609256e-08	 0 0 7
     6.337725676e-07	 0 0 8
    -3.250972038e-07	 0 2 0
     5.277179568e-07	 0 2 1
     4.635580672e-07	 0 2 2
     5.586250376e-07	 0 2 3
     4.161699112e-06	 0 2 4
    -2.665950785e-06	 0 2 5
    -1.076748428e-05	 0 2 6
     4.244423664e-05	 0 4 0
     -9.18723793e-05	 0 4 1
    -4.043174526e-05	 0 4 2
     8.553640607e-05	 0 4 3
     0.0002457928438	 0 4 4
     -0.002833633391	 0 6 0
      0.002871563519	 0 6 1
      -0.00485869111	 0 6 2
    -7.431786073e-09	 0 7 1
        0.1015897245	 0 8 0
         3.974500644	 1 1 0
          11.0436756	 1 1 1
        -53.47340968	 1 1 2
        -101.2276212	 1 1 3
         137.2211363	 1 1 4
          153.680939	 1 1 5
        -97.60955564	 1 1 6
         15.46147603	 1 3 0
        -12.58945609	 1 3 1
         -166.215398	 1 3 2
         15.94559153	 1 3 3
         305.1252234	 1 3 4
        -85.18211842	 1 5 0
          100.320412	 1 5 1
         142.7695148	 1 5 2
     2.807561418e-10	 1 6 0
         605.1235098	 1 7 0
     -4.01591746e-07	 2 0 0
     9.945088794e-07	 2 0 1
     1.881888354e-06	 2 0 2
    -4.300938726e-06	 2 0 3
    -2.122726835e-06	 2 0 4
     4.102274648e-06	 2 0 5
       4.9618314e-07	 2 0 6
     0.0001080414793	 2 2 0
     4.686274949e-05	 2 2 1
     -7.87030291e-05	 2 2 2
     1.941094781e-05	 2 2 3
     1.711409224e-05	 2 2 4
      -0.01056658314	 2 4 0
     -0.001895167213	 2 4 1
     -0.001248751109	 2 4 2
     2.223533275e-10	 2 5 0
     5.006325281e-10	 2 5 1
        0.3022510222	 2 6 0
         2.998015177	 3 1 0
          -1.6515032	 3 1 1
        -130.0016694	 3 1 2
          13.9948965	 3 1 3
         259.9380432	 3 1 4
         269.3492828	 3 3 0
        -215.6732413	 3 3 1
        -275.9802678	 3 3 2
    -6.251124504e-10	 3 4 0
        -4623.818456	 3 5 0
     6.104861203e-05	 4 0 0
     -3.35728467e-05	 4 0 1
    -0.0002307988219	 4 0 2
     9.399571572e-05	 4 0 3
     0.0002310898917	 4 0 4
     -0.008343198775	 4 2 0
     -0.003113521537	 4 2 1
      0.005515996901	 4 2 2
     4.610314111e-11	 4 3 0
        0.4292500297	 4 4 0
    -2.159189893e-11	 5 0 1
        -78.11337775	 5 1 0
          46.7389828	 5 1 1
         76.07936816	 5 1 2
     6.266909796e-10	 5 2 0
     2.796435444e-10	 5 2 1
         3795.987754	 5 3 0
     -0.002950401817	 6 0 0
    -0.0001405304159	 6 0 1
      0.003466420581	 6 0 2
    -3.493242542e-11	 6 1 0
    -8.144645672e-11	 6 1 1
       0.08819803592	 6 2 0
     5.353975513e-11	 7 0 0
     1.491078269e-09	 7 0 1
        -331.4236841	 7 1 0
       0.04520358923	 8 0 0
#8th order polynomial (109 terms) fit to Bz centered at <	0,	0,	0.75	>, rms residual = 0.03876409096
     2.037682893e-08	 0 1 1
      5.99040729e-07	 0 1 2
     1.149723674e-06	 0 1 3
    -2.542159669e-06	 0 1 4
     -5.19451708e-06	 0 1 5
     2.738735925e-06	 0 1 6
     5.849214983e-06	 0 1 7
    -2.660701052e-06	 0 3 0
    -9.327523049e-06	 0 3 1
     7.782007489e-06	 0 3 2
     2.450932376e-05	 0 3 3
     -7.56833348e-06	 0 3 4
    -2.518018631e-05	 0 3 5
    -2.090893725e-12	 0 4 0
    -0.0001028405632	 0 5 0
     3.509003361e-05	 0 5 1
    -9.067325252e-05	 0 5 2
     -0.000320258349	 0 5 3
     5.678069251e-10	 0 6 0
     2.636668128e-08	 0 6 2
       0.01343658497	 0 7 0
       0.01812009103	 0 7 1
    -2.657344735e-07	 0 8 0
        -1.114722544	 1 0 0
        -13.79283531	 1 0 1
        -35.00264715	 1 0 2
         44.71217212	 1 0 3
         170.6340314	 1 0 4
        -11.20432692	 1 0 5
        -193.1133579	 1 0 6
        -48.34147065	 1 0 7
         1.389067609	 1 2 0
         -63.1715731	 1 2 1
        -51.16825296	 1 2 2
         365.1205406	 1 2 3
         121.9143079	 1 2 4
        -453.3250255	 1 2 5
        -4.123931212	 1 4 0
        -31.34213631	 1 4 1
         19.86218598	 1 4 2
         96.95836471	 1 4 3
     5.627420229e-10	 1 5 0
     7.217787402e-10	 1 5 1
     2.837391009e-09	 1 5 2
         15.34363701	 1 6 0
         14.72065037	 1 6 1
    -3.504513265e-08	 1 7 0
    -5.029325127e-06	 2 1 0
     1.881404402e-05	 2 1 1
    -6.882999653e-06	 2 1 2
     -9.55516304e-05	 2 1 3
     6.764059538e-06	 2 1 4
     2.582291175e-05	 2 1 5
     0.0007915762369	 2 3 0
      0.001263012271	 2 3 1
    -0.0003220029855	 2 3 2
     0.0007318190616	 2 3 3
    -8.875555263e-09	 2 4 0
    -4.852069345e-10	 2 4 1
    -2.308539866e-09	 2 4 2
      -0.01653496854	 2 5 0
      -0.03732644044	 2 5 1
     4.547162231e-07	 2 6 0
         1.417859062	 3 0 0
        -62.16370764	 3 0 1
        -50.79687795	 3 0 2
         358.4811842	 3 0 3
         120.9953783	 3 0 4
        -443.7817967	 3 0 5
        -1.641595678	 3 2 0
        -32.53731484	 3 2 1
          28.0152033	 3 2 2
         125.9681342	 3 2 3
    -4.827803257e-09	 3 3 0
    -2.256086167e-09	 3 3 1
    -9.048733721e-09	 3 3 2
        -48.65653764	 3 4 0
        -96.73157477	 3 4 1
     1.690981521e-07	 3 5 0
     4.701963493e-11	 4 0 0
     0.0009908542216	 4 1 0
     2.672179748e-05	 4 1 1
     0.0004569035474	 4 1 2
      0.005157933915	 4 1 3
     4.330761059e-09	 4 2 0
    -3.980022048e-10	 4 2 1
    -1.114499156e-09	 4 2 2
      -0.04145800682	 4 3 0
      -0.08524557889	 4 3 1
     1.755233075e-07	 4 4 0
        -2.416215074	 5 0 0
        -23.58758244	 5 0 1
         16.66074998	 5 0 2
         78.45520771	 5 0 3
     9.847633631e-10	 5 1 0
     6.632040369e-10	 5 1 1
     3.011073535e-09	 5 1 2
         19.03708311	 5 2 0
         31.57681405	 5 2 1
     3.425237033e-07	 5 3 0
    -8.932554109e-09	 6 0 0
     3.136107117e-10	 6 0 2
      -0.04734696778	 6 1 0
      -0.07447871634	 6 1 1
    -1.682431451e-07	 6 2 0
        -5.794331649	 7 0 0
        -7.867635697	 7 0 1
    -1.063691362e-07	 7 1 0
     3.897317276e-07	 8 0 0
