#Field Shape
#<B> = (2.022 1.68099e-07 0.00128811)
#<B^2> = (5.08385 0.000217363 0.0331188)
#sigmaBx/Bx0 = 0.493409
#<dBx/dx>/Bx0 = -3.66047e-15
#8th order polynomial (131 terms) fit to Bx centered at <	0,	0,	0.75	>, rms residual = 0.0316477
           2.6863156	 0 0 0
       -0.9543366273	 0 0 1
        -5.766449517	 0 0 2
        -13.87586835	 0 0 3
         3.140505611	 0 0 4
         44.72748438	 0 0 5
         21.19937472	 0 0 6
        -40.59605588	 0 0 7
        -27.63425761	 0 0 8
         2.038404852	 0 2 0
         5.470093809	 0 2 1
        -26.74608038	 0 2 2
        -49.81797435	 0 2 3
          68.9312472	 0 2 4
         75.23188903	 0 2 5
        -50.13905145	 0 2 6
         3.982456043	 0 4 0
        -2.360299536	 0 4 1
        -43.81179184	 0 4 2
            2.059153	 0 4 3
         79.50942308	 0 4 4
    -1.346406375e-09	 0 5 0
     1.029270103e-08	 0 5 1
     2.180640352e-09	 0 5 2
    -4.935152172e-09	 0 5 3
        -7.322159897	 0 6 0
         15.72618312	 0 6 1
         31.35872521	 0 6 2
     5.858724917e-08	 0 7 0
    -5.610556787e-07	 0 7 1
        -189.2252576	 0 8 0
    -7.674491632e-06	 1 1 0
    -2.585612493e-05	 1 1 1
     2.071487658e-05	 1 1 2
      0.000179863575	 1 1 3
     7.114699406e-05	 1 1 4
    -0.0002423339793	 1 1 5
    -0.0001581063508	 1 1 6
    -1.613860373e-09	 1 2 3
     2.040741559e-09	 1 2 5
     0.0009723181066	 1 3 0
    -0.0003019572724	 1 3 1
     6.207847287e-05	 1 3 2
     5.673919541e-05	 1 3 3
     -0.001520025121	 1 3 4
     -4.09798247e-09	 1 4 0
     5.341927515e-08	 1 4 1
     5.461820991e-09	 1 4 2
     -1.44013335e-09	 1 4 3
      -0.02083399455	 1 5 0
        0.0186813487	 1 5 1
       0.02442161934	 1 5 2
     1.607215766e-07	 1 6 0
     -2.13997901e-06	 1 6 1
         -1.53481421	 1 7 0
         5.316104959	 2 0 0
         14.20645111	 2 0 1
         -75.3740801	 2 0 2
        -131.0738826	 2 0 3
         201.7186439	 2 0 4
         199.8664831	 2 0 5
        -151.5379724	 2 0 6
    -2.024322491e-09	 2 1 3
     2.546130262e-09	 2 1 5
         3.107012976	 2 2 0
        -1.178356539	 2 2 1
        -173.2263793	 2 2 2
         18.79134455	 2 2 3
         348.7503993	 2 2 4
     4.206047195e-09	 2 3 0
    -7.655380118e-09	 2 3 1
    -9.960471354e-09	 2 3 2
     4.194723385e-08	 2 3 3
         208.9343249	 2 4 0
        -193.6916569	 2 4 1
        -251.3597527	 2 4 2
    -1.037764512e-07	 2 5 0
     3.058846567e-07	 2 5 1
        -2341.835225	 2 6 0
    -3.059490476e-10	 3 0 3
     3.527140346e-10	 3 0 5
    -7.395073954e-05	 3 1 0
      0.000750543089	 3 1 1
     0.0006750228343	 3 1 2
    -0.0007059775988	 3 1 3
    -0.0004313324911	 3 1 4
     1.130730017e-08	 3 2 0
    -4.748415157e-08	 3 2 1
    -1.923621437e-08	 3 2 2
     7.486428998e-08	 3 2 3
       -0.1314483643	 3 3 0
     -0.003354542619	 3 3 1
       0.03133457458	 3 3 2
    -1.755775891e-07	 3 4 0
    -7.409865656e-08	 3 4 1
         4.780666135	 3 5 0
         11.47939854	 4 0 0
        -9.411103909	 4 0 1
        -163.7786016	 4 0 2
         18.06021847	 4 0 3
          310.215617	 4 0 4
     2.555329262e-09	 4 1 0
     2.606531571e-08	 4 1 1
     -1.94139084e-09	 4 1 2
     3.390686764e-08	 4 1 3
        -197.1771641	 4 2 0
         141.0846469	 4 2 1
         212.6914324	 4 2 2
    -1.459207011e-07	 4 3 0
    -5.452003024e-07	 4 3 1
         5120.024176	 4 4 0
    -1.794934314e-09	 5 0 0
     1.962144335e-08	 5 0 1
     2.612177621e-09	 5 0 2
    -1.360086445e-09	 5 0 3
       0.06835829045	 5 1 0
      -0.02413175591	 5 1 1
      -0.03337125884	 5 1 2
    -4.208712472e-07	 5 2 0
     1.727092885e-06	 5 2 1
         1.961550962	 5 3 0
         8.787436215	 6 0 0
         1.480242554	 6 0 1
         15.11516046	 6 0 2
    -1.633316474e-07	 6 1 0
    -9.434598935e-07	 6 1 1
        -1562.358295	 6 2 0
     8.723953691e-08	 7 0 0
     -1.05094051e-06	 7 0 1
        -3.118616424	 7 1 0
         11.55919013	 8 0 0
#8th order polynomial (99 terms) fit to By centered at <	0,	0,	0.75	>, rms residual = 0.01026909754
    -1.223144584e-07	 0 0 0
    -3.844801814e-07	 0 0 1
      9.62221122e-07	 0 0 2
     1.019757743e-05	 0 0 3
     1.465767394e-05	 0 0 4
    -2.839238728e-05	 0 0 5
    -5.349967954e-05	 0 0 6
     2.366715977e-05	 0 0 7
     4.907580195e-05	 0 0 8
    -5.722846524e-06	 0 2 0
    -1.873624879e-05	 0 2 1
     1.934506165e-05	 0 2 2
      0.000184204198	 0 2 3
      8.82025067e-05	 0 2 4
    -0.0002709245246	 0 2 5
    -0.0002142251545	 0 2 6
    -0.0002038619562	 0 4 0
    -0.0006672261844	 0 4 1
      0.001479018052	 0 4 2
      0.000474972073	 0 4 3
      0.001032470461	 0 4 4
      0.005094818838	 0 6 0
       0.02089289549	 0 6 1
       -0.1274141136	 0 6 2
     2.350963872e-09	 0 7 0
    -4.808070713e-09	 0 7 1
         1.321316343	 0 8 0
         3.483245896	 1 1 0
         8.968936223	 1 1 1
        -49.87047373	 1 1 2
        -84.33662869	 1 1 3
         137.7054146	 1 1 4
         129.4650216	 1 1 5
        -107.1754151	 1 1 6
         14.20305799	 1 3 0
        -12.80934505	 1 3 1
        -146.8605439	 1 3 2
         17.69123523	 1 3 3
         269.7732831	 1 3 4
        -82.87022153	 1 5 0
         98.96666351	 1 5 1
         142.1139576	 1 5 2
    -5.169758362e-10	 1 6 0
    -3.592130521e-09	 1 6 1
         555.6942818	 1 7 0
    -1.632542847e-07	 2 0 0
     2.652167417e-06	 2 0 1
    -1.167681741e-05	 2 0 2
    -6.605989128e-06	 2 0 3
     5.584561243e-05	 2 0 4
    -7.544408961e-06	 2 0 5
    -4.774374113e-05	 2 0 6
     0.0009711507509	 2 2 0
     -0.000104582441	 2 2 1
      -0.00120374309	 2 2 2
    -0.0002528095652	 2 2 3
     -0.000824800385	 2 2 4
      -0.04704870162	 2 4 0
      0.004416001037	 2 4 1
       0.08822805146	 2 4 2
     1.728830446e-09	 2 5 1
       -0.5500148154	 2 6 0
         1.998863555	 3 1 0
        -1.815182668	 3 1 1
        -111.7588141	 3 1 2
         15.63793083	 3 1 3
         226.7162446	 3 1 4
         259.2529954	 3 3 0
        -206.2702738	 3 3 1
        -249.7137975	 3 3 2
     8.340271829e-10	 3 4 0
     3.964595469e-09	 3 4 1
        -4750.281655	 3 5 0
    -0.0001244034032	 4 0 0
     0.0001450648837	 4 0 1
    -0.0009794166895	 4 0 2
     0.0008047185871	 4 0 3
    -0.0002006163758	 4 0 4
      -0.06370442648	 4 2 0
        0.0101358322	 4 2 1
       0.02957849861	 4 2 2
     5.562397713e-09	 4 3 1
         1.674752463	 4 4 0
        -94.00376897	 5 1 0
         44.68327173	 5 1 1
         74.49192415	 5 1 2
     3.519103705e-10	 5 2 0
    -1.832589367e-09	 5 2 1
         4111.791062	 5 3 0
       0.05172043829	 6 0 0
      -0.02889456628	 6 0 1
       0.03475339674	 6 0 2
     1.770538713e-09	 6 1 0
    -9.224453215e-09	 6 1 1
         1.514418298	 6 2 0
    -1.195822251e-09	 7 0 0
    -2.696666871e-09	 7 0 1
         96.35950692	 7 1 0
        -2.351396778	 8 0 0
#8th order polynomial (108 terms) fit to Bz centered at <	0,	0,	0.75	>, rms residual = 0.03524744132
     6.566911666e-07	 0 1 0
     1.029959048e-05	 0 1 1
      4.67686633e-05	 0 1 2
     1.862846427e-05	 0 1 3
     -0.000197163601	 0 1 4
    -0.0001949859329	 0 1 5
     0.0002059738388	 0 1 6
     0.0002383817972	 0 1 7
     4.258512103e-06	 0 3 0
     8.740646024e-05	 0 3 1
     3.662989261e-05	 0 3 2
    -0.0002980876963	 0 3 3
    -0.0001846019814	 0 3 4
     0.0002079924568	 0 3 5
     -4.32834933e-11	 0 4 0
     0.0004044153664	 0 5 0
     -0.004718236217	 0 5 1
      0.002615351783	 0 5 2
      0.003104378084	 0 5 3
       6.3343344e-09	 0 6 0
     2.040715995e-09	 0 6 1
     2.162866373e-09	 0 6 2
       -0.0541399717	 0 7 0
        0.2046868607	 0 7 1
    -3.494505519e-07	 0 8 0
        -1.033098344	 1 0 0
        -12.63955394	 1 0 1
        -30.69909884	 1 0 2
         44.61446027	 1 0 3
         151.3771438	 1 0 4
        -25.26357596	 1 0 5
        -172.3921425	 1 0 6
        -28.98028458	 1 0 7
         1.006178568	 1 2 0
        -57.96413704	 1 2 1
        -41.53681309	 1 2 2
         340.7341858	 1 2 3
         100.6971326	 1 2 4
        -429.0723667	 1 2 5
        -3.918921298	 1 4 0
        -27.13217603	 1 4 1
         16.79774917	 1 4 2
         82.56456427	 1 4 3
    -3.159236033e-09	 1 5 0
         21.53490794	 1 6 0
         18.16264193	 1 6 1
     1.785529814e-07	 1 7 0
     -1.48497234e-06	 2 1 0
     8.905370127e-05	 2 1 1
     9.417183598e-05	 2 1 2
    -0.0003533410699	 2 1 3
    -0.0002157348844	 2 1 4
     0.0001951568156	 2 1 5
    -0.0007831455737	 2 3 0
    -5.312403855e-05	 2 3 1
      0.000873959149	 2 3 2
      0.005085490769	 2 3 3
    -1.705607981e-10	 2 4 1
     2.524795408e-10	 2 4 2
        0.0672341184	 2 5 0
       -0.1500658806	 2 5 1
     6.293626053e-08	 2 6 0
         1.033033348	 3 0 0
        -57.04376144	 3 0 1
        -41.24212671	 3 0 2
         334.6736675	 3 0 3
         99.94345805	 3 0 4
        -420.3499586	 3 0 5
       -0.7843265011	 3 2 0
        -24.14853628	 3 2 1
          22.0966115	 3 2 2
         98.39345953	 3 2 3
     7.280843245e-09	 3 3 0
     7.842268956e-10	 3 3 1
        -37.37670222	 3 4 0
        -99.59730742	 3 4 1
    -2.421765717e-07	 3 5 0
    -1.199965116e-10	 4 0 0
    -0.0008794552458	 4 1 0
     -0.002395435797	 4 1 1
     0.0002740052978	 4 1 2
      0.007010741712	 4 1 3
     3.585340042e-09	 4 2 0
     2.137659611e-09	 4 2 1
     4.445213692e-09	 4 2 2
      -0.03285403353	 4 3 0
         0.100719487	 4 3 1
    -1.931245939e-07	 4 4 0
        -1.934986706	 5 0 0
        -19.93202933	 5 0 1
         13.84505588	 5 0 2
         64.66647941	 5 0 3
     6.035914596e-11	 5 1 0
     2.326593834e-10	 5 1 1
     2.819580329e-09	 5 1 2
         13.06405442	 5 2 0
         31.09384273	 5 2 1
    -3.211635521e-07	 5 3 0
     2.203874094e-08	 6 0 0
    -9.231642192e-10	 6 0 1
    -1.219328427e-09	 6 0 2
       0.07047483431	 6 1 0
        -0.015589067	 6 1 1
    -3.204811595e-07	 6 2 0
        -9.115861433	 7 0 0
         6.415013522	 7 0 1
    -7.548885185e-08	 7 1 0
    -9.411819291e-07	 8 0 0
