Month Day Year Hour Minute Second Time_s x y z Current CurrentError 1Axis 1AxisError Bx BxError By ByError Bz BzError
07 23 2014 13 37 51 10 1.00000000E+2 0.00000000E+0 0.00000000E+0 1.91188560E+6 0.00000000E+0 0.00000000E+0 -0.00000000E+0 6.25011937E-1 2.38861111E-3 1.09027553E-1 2.60935934E-3 6.02006912E-1 3.91529478E-3
07 23 2014 13 37 54 13 1.00000000E+2 0.00000000E+0 5.00000000E+1 1.91188910E+6 0.00000000E+0 0.00000000E+0 -0.00000000E+0 5.42124706E-1 5.35794045E-2 1.01486249E-1 4.30387852E-3 6.42338795E-1 3.24499011E-2
07 23 2014 13 37 58 17 1.00000000E+2 0.00000000E+0 1.00000000E+2 1.91189270E+6 0.00000000E+0 0.00000000E+0 -0.00000000E+0 3.94575631E-1 6.21362840E-2 8.88180377E-2 5.88597660E-3 7.98421120E-1 8.27951751E-2
07 23 2014 13 38 02 20 1.00000000E+2 0.00000000E+0 1.50000000E+2 1.91189620E+6 0.00000000E+0 0.00000000E+0 -0.00000000E+0 2.24987073E-1 7.09096453E-2 7.90037326E-2 4.10330344E-3 1.09204428E+0 1.38384685E-1
07 23 2014 13 38 05 24 1.00000000E+2 0.00000000E+0 2.00000000E+2 1.91189970E+6 0.00000000E+0 0.00000000E+0 -0.00000000E+0 1.47534840E-2 9.32696275E-2 7.07444860E-2 4.36181638E-3 1.53956662E+0 2.00743390E-1
07 23 2014 13 38 09 27 1.00000000E+2 0.00000000E+0 2.50000000E+2 1.91190320E+6 0.00000000E+0 0.00000000E+0 -0.00000000E+0 -3.01299673E-1 1.40948356E-1 5.83601720E-2 7.56311538E-3 2.17396382E+0 2.88215134E-1
07 23 2014 13 38 12 31 1.00000000E+2 0.00000000E+0 3.00000000E+2 1.91190670E+6 0.00000000E+0 0.00000000E+0 -0.00000000E+0 -7.11455274E-1 1.82239618E-1 2.39361578E-2 1.55462661E-2 3.11497966E+0 4.29165149E-1
07 23 2014 13 38 16 35 1.00000000E+2 0.00000000E+0 3.50000000E+2 1.91191020E+6 0.00000000E+0 0.00000000E+0 -0.00000000E+0 -1.26150117E+0 2.42113168E-1 4.60290197E-3 4.05231653E-3 4.45465721E+0 6.01206761E-1
07 23 2014 13 38 19 38 1.00000000E+2 0.00000000E+0 4.00000000E+2 1.91191380E+6 0.00000000E+0 0.00000000E+0 -0.00000000E+0 -2.00395976E+0 3.30382499E-1 -6.94972366E-3 5.66820922E-3 6.34536281E+0 8.43068095E-1
07 23 2014 13 38 23 42 1.00000000E+2 0.00000000E+0 4.50000000E+2 1.91191730E+6 0.00000000E+0 0.00000000E+0 -0.00000000E+0 -3.03791886E+0 4.62925278E-1 -3.20281555E-2 1.31580403E-2 8.98915974E+0 1.17284357E+0
07 23 2014 13 38 26 45 1.00000000E+2 0.00000000E+0 5.00000000E+2 1.91192080E+6 0.00000000E+0 0.00000000E+0 -0.00000000E+0 -4.46097598E+0 6.27112166E-1 -6.43675978E-2 1.22636075E-2 1.26616070E+1 1.63146400E+0
07 23 2014 13 38 30 49 1.00000000E+2 0.00000000E+0 5.50000000E+2 1.91192430E+6 0.00000000E+0 0.00000000E+0 -0.00000000E+0 -6.38524988E+0 8.61499462E-1 -1.01979099E-1 2.06228660E-2 1.77535815E+1 2.28803469E+0
07 23 2014 13 38 33 52 1.00000000E+2 0.00000000E+0 6.00000000E+2 1.91192780E+6 0.00000000E+0 0.00000000E+0 -0.00000000E+0 -9.01316529E+0 1.15570080E+0 -1.53675008E-1 2.30320818E-2 2.49270379E+1 3.19105450E+0
07 23 2014 13 38 37 56 1.00000000E+2 0.00000000E+0 6.50000000E+2 1.91193130E+6 0.00000000E+0 0.00000000E+0 -0.00000000E+0 -1.25253201E+1 1.54663510E+0 -2.09895533E-1 3.40290978E-2 3.49011457E+1 4.42691534E+0
07 23 2014 13 38 40 59 1.00000000E+2 0.00000000E+0 7.00000000E+2 1.91193480E+6 0.00000000E+0 0.00000000E+0 -0.00000000E+0 -1.71576540E+1 2.02270665E+0 -3.15135176E-1 6.07558338E-2 4.86615661E+1 6.12111216E+0
07 23 2014 13 38 44 63 1.00000000E+2 0.00000000E+0 7.50000000E+2 1.91193840E+6 0.00000000E+0 0.00000000E+0 -0.00000000E+0 -2.30705863E+1 2.58030396E+0 -4.06281272E-1 3.52280604E-2 6.75479601E+1 8.46575467E+0
07 23 2014 13 38 47 66 1.00000000E+2 0.00000000E+0 8.00000000E+2 1.91194190E+6 0.00000000E+0 0.00000000E+0 -0.00000000E+0 -3.04180419E+1 3.09954160E+0 -4.63750825E-1 1.85450292E-2 9.35718800E+1 1.14800880E+1
07 23 2014 13 38 51 70 1.00000000E+2 0.00000000E+0 8.50000000E+2 1.91194540E+6 0.00000000E+0 0.00000000E+0 -0.00000000E+0 -3.88729519E+1 3.44752620E+0 -4.25667905E-1 3.20037105E-2 1.28645527E+2 1.52986048E+1
07 23 2014 13 38 54 73 1.00000000E+2 0.00000000E+0 9.00000000E+2 1.91194890E+6 0.00000000E+0 0.00000000E+0 -0.00000000E+0 -4.74487081E+1 3.28684463E+0 -2.30748262E-1 1.01211411E-1 1.74742581E+2 1.99624643E+1
07 23 2014 13 38 58 77 1.00000000E+2 0.00000000E+0 9.50000000E+2 1.91195240E+6 0.00000000E+0 0.00000000E+0 -0.00000000E+0 -5.41140618E+1 2.13500609E+0 2.48592911E-1 2.48361220E-1 2.33212121E+2 2.50052113E+1
07 23 2014 13 39 01 80 1.00000000E+2 0.00000000E+0 1.00000000E+3 1.91195590E+6 0.00000000E+0 0.00000000E+0 -0.00000000E+0 -5.56623669E+1 5.90887290E-1 1.19036169E+0 4.57482072E-1 3.03303114E+2 2.96502117E+1
07 23 2014 13 39 05 84 1.00000000E+2 0.00000000E+0 1.05000000E+3 1.91195950E+6 0.00000000E+0 0.00000000E+0 -0.00000000E+0 -4.85695814E+1 4.39667894E+0 2.71746294E+0 6.93204212E-1 3.82270250E+2 3.18881501E+1
07 23 2014 13 39 08 87 1.00000000E+2 0.00000000E+0 1.10000000E+3 1.91196300E+6 0.00000000E+0 0.00000000E+0 -0.00000000E+0 -3.09470216E+1 8.57598883E+0 4.79195011E+0 8.92635143E-1 4.62050408E+2 3.06668073E+1
07 23 2014 13 39 12 91 1.00000000E+2 0.00000000E+0 1.15000000E+3 1.91196650E+6 0.00000000E+0 0.00000000E+0 -0.00000000E+0 -4.30789138E+0 1.16766040E+1 7.15093902E+0 9.42179317E-1 5.32819719E+2 2.59533871E+1
07 23 2014 13 39 15 94 1.00000000E+2 0.00000000E+0 1.20000000E+3 1.91197000E+6 0.00000000E+0 0.00000000E+0 -0.00000000E+0 2.71871108E+1 1.30068976E+1 9.40331594E+0 8.60844682E-1 5.87849997E+2 1.92131775E+1
07 23 2014 13 39 19 98 1.00000000E+2 0.00000000E+0 1.25000000E+3 1.91197350E+6 0.00000000E+0 0.00000000E+0 -0.00000000E+0 5.94808433E+1 1.25092083E+1 1.13876168E+1 7.28985748E-1 6.25158421E+2 1.18464320E+1
07 23 2014 13 39 22 101 1.00000000E+2 0.00000000E+0 1.20000000E+3 1.91197700E+6 0.00000000E+0 0.00000000E+0 -0.00000000E+0 5.06061084E+1 1.25098110E+1 1.08651706E+1 7.30414018E-1 6.16628938E+2 1.22014641E+1
07 23 2014 13 39 26 105 1.00000000E+2 0.00000000E+0 1.15000000E+3 1.91198050E+6 0.00000000E+0 0.00000000E+0 -0.00000000E+0 1.82047288E+1 1.28600683E+1 8.81231554E+0 8.62127660E-1 5.74324840E+2 1.95751799E+1
07 23 2014 13 39 29 108 1.00000000E+2 0.00000000E+0 1.10000000E+3 1.91198410E+6 0.00000000E+0 0.00000000E+0 -0.00000000E+0 -1.23508030E+1 1.16337818E+1 6.51950267E+0 9.39831210E-1 5.14439654E+2 2.66448057E+1
07 23 2014 13 39 33 112 1.00000000E+2 0.00000000E+0 1.05000000E+3 1.91198760E+6 0.00000000E+0 0.00000000E+0 -0.00000000E+0 -3.68444777E+1 8.35967630E+0 4.22544266E+0 8.84262327E-1 4.40092092E+2 3.11328443E+1
07 23 2014 13 39 36 115 1.00000000E+2 0.00000000E+0 1.00000000E+3 1.91199110E+6 0.00000000E+0 0.00000000E+0 -0.00000000E+0 -5.14904332E+1 4.10348182E+0 2.29195161E+0 6.74847457E-1 3.59644642E+2 3.18306695E+1
07 23 2014 13 39 40 119 1.00000000E+2 0.00000000E+0 9.50000000E+2 1.91199460E+6 0.00000000E+0 0.00000000E+0 -0.00000000E+0 -5.58360619E+1 4.23572185E-1 9.64840846E-1 4.23959801E-1 2.82397875E+2 2.91529433E+1
07 23 2014 13 39 43 122 1.00000000E+2 0.00000000E+0 9.00000000E+2 1.91199810E+6 0.00000000E+0 0.00000000E+0 -0.00000000E+0 -5.24695859E+1 2.25192603E+0 1.71031013E-1 2.46890145E-1 2.15201782E+2 2.46603378E+1
07 23 2014 13 39 47 126 1.00000000E+2 0.00000000E+0 8.50000000E+2 1.91200160E+6 0.00000000E+0 0.00000000E+0 -0.00000000E+0 -4.50604798E+1 3.34394844E+0 -2.16557019E-1 1.02045981E-1 1.60629847E+2 1.97923268E+1
07 23 2014 13 39 51 129 1.00000000E+2 0.00000000E+0 8.00000000E+2 1.91200520E+6 0.00000000E+0 0.00000000E+0 -0.00000000E+0 -3.63788836E+1 3.45448774E+0 -3.56425100E-1 3.03726159E-2 1.17843854E+2 1.50804693E+1
07 23 2014 13 39 54 133 1.00000000E+2 0.00000000E+0 7.50000000E+2 1.91200870E+6 0.00000000E+0 0.00000000E+0 -0.00000000E+0 -2.81760105E+1 3.06474570E+0 -3.43386807E-1 2.32485746E-2 8.55360565E+1 1.12092109E+1
07 23 2014 13 39 58 136 1.00000000E+2 0.00000000E+0 7.00000000E+2 1.91201220E+6 0.00000000E+0 0.00000000E+0 -0.00000000E+0 -2.12515015E+1 2.51172806E+0 -2.73670211E-1 3.34705326E-2 6.17741057E+1 8.21722474E+0
07 23 2014 13 40 01 140 1.00000000E+2 0.00000000E+0 6.50000000E+2 1.91201570E+6 0.00000000E+0 0.00000000E+0 -0.00000000E+0 -1.57284665E+1 1.99791071E+0 -1.94343168E-1 3.36213144E-2 4.44682000E+1 6.04170417E+0
07 23 2014 13 40 05 143 1.00000000E+2 0.00000000E+0 6.00000000E+2 1.91201920E+6 0.00000000E+0 0.00000000E+0 -0.00000000E+0 -1.14150190E+1 1.51833589E+0 -1.21824777E-1 2.50931490E-2 3.18121981E+1 4.34952111E+0
07 23 2014 13 40 08 147 1.00000000E+2 0.00000000E+0 5.50000000E+2 1.91202270E+6 0.00000000E+0 0.00000000E+0 -0.00000000E+0 -8.17085914E+0 1.13288949E+0 -7.34489356E-2 1.63196035E-2 2.27108020E+1 3.12397807E+0
07 23 2014 13 40 12 151 1.00000000E+2 0.00000000E+0 5.00000000E+2 1.91202620E+6 0.00000000E+0 0.00000000E+0 -0.00000000E+0 -5.75563445E+0 8.34641840E-1 -3.88746831E-2 1.08634791E-2 1.61720603E+1 2.22687691E+0
07 23 2014 13 40 15 154 1.00000000E+2 0.00000000E+0 4.50000000E+2 1.91202980E+6 0.00000000E+0 0.00000000E+0 -0.00000000E+0 -3.98828947E+0 6.12215333E-1 -1.29324017E-2 9.94266040E-3 1.15069982E+1 1.59264431E+0
07 23 2014 13 40 19 158 1.00000000E+2 0.00000000E+0 4.00000000E+2 1.91203330E+6 0.00000000E+0 0.00000000E+0 -0.00000000E+0 -2.69395736E+0 4.51343176E-1 1.26059376E-2 9.76825043E-3 8.18214132E+0 1.15389515E+0
07 23 2014 13 40 22 161 1.00000000E+2 0.00000000E+0 3.50000000E+2 1.91203680E+6 0.00000000E+0 0.00000000E+0 -0.00000000E+0 -1.74692318E+0 3.23785920E-1 3.01706257E-2 5.35058200E-3 5.78107229E+0 8.21062613E-1
07 23 2014 13 40 26 165 1.00000000E+2 0.00000000E+0 3.00000000E+2 1.91204030E+6 0.00000000E+0 0.00000000E+0 -0.00000000E+0 -1.06966851E+0 2.33188164E-1 3.79459182E-2 4.15039746E-3 4.06784620E+0 5.87086425E-1
07 23 2014 13 40 29 168 1.00000000E+2 0.00000000E+0 2.50000000E+2 1.91204380E+6 0.00000000E+0 0.00000000E+0 -0.00000000E+0 -5.73626070E-1 1.73384051E-1 4.49545456E-2 6.15933065E-3 2.84574068E+0 4.17903230E-1
07 23 2014 13 40 33 172 1.00000000E+2 0.00000000E+0 2.00000000E+2 1.91204730E+6 0.00000000E+0 0.00000000E+0 -0.00000000E+0 -1.91859345E-1 1.39497536E-1 6.40509734E-2 7.57143278E-3 1.99432871E+0 2.85235013E-1
07 23 2014 13 40 36 175 1.00000000E+2 0.00000000E+0 1.50000000E+2 1.91205080E+6 0.00000000E+0 0.00000000E+0 -0.00000000E+0 8.51670308E-2 8.94015658E-2 7.53954275E-2 3.50613197E-3 1.41629354E+0 1.98137503E-1
07 23 2014 13 40 40 179 1.00000000E+2 0.00000000E+0 1.00000000E+2 1.91205440E+6 0.00000000E+0 0.00000000E+0 -0.00000000E+0 2.81405093E-1 7.12193482E-2 8.62790577E-2 5.76710217E-3 1.01012436E+0 1.35331980E-1
07 23 2014 13 40 43 182 1.00000000E+2 0.00000000E+0 5.00000000E+1 1.91205790E+6 0.00000000E+0 0.00000000E+0 -0.00000000E+0 4.43257503E-1 5.88099987E-2 9.99827883E-2 4.96224572E-3 7.54062809E-1 7.85494005E-2
07 23 2014 13 40 47 186 1.00000000E+2 0.00000000E+0 0.00000000E+0 1.91206140E+6 0.00000000E+0 0.00000000E+0 -0.00000000E+0 5.83841945E-1 5.43438560E-2 1.11722585E-1 5.90800971E-3 6.32885731E-1 3.03458532E-2
07 23 2014 13 40 50 189 1.00000000E+2 0.00000000E+0 5.00000000E+1 1.91206490E+6 0.00000000E+0 0.00000000E+0 -0.00000000E+0 5.51421251E-1 5.33611709E-2 1.07786549E-1 6.82808668E-3 6.49765356E-1 3.22395456E-2
07 23 2014 13 40 54 193 1.00000000E+2 0.00000000E+0 1.00000000E+2 1.91206840E+6 0.00000000E+0 0.00000000E+0 -0.00000000E+0 3.96708944E-1 6.35623040E-2 9.37803468E-2 5.22514654E-3 8.05740926E-1 8.35870679E-2
07 23 2014 13 40 57 196 1.00000000E+2 0.00000000E+0 1.50000000E+2 1.91207190E+6 0.00000000E+0 0.00000000E+0 -0.00000000E+0 2.25214816E-1 7.16684704E-2 8.15889729E-2 5.72667803E-3 1.10131413E+0 1.35569495E-1
07 23 2014 13 41 01 200 1.00000000E+2 0.00000000E+0 2.00000000E+2 1.91207550E+6 0.00000000E+0 0.00000000E+0 -0.00000000E+0 1.37524171E-2 9.12397182E-2 7.06278917E-2 4.76471227E-3 1.54373321E+0 2.01151048E-1
07 23 2014 13 41 04 203 1.00000000E+2 0.00000000E+0 2.50000000E+2 1.91207900E+6 0.00000000E+0 0.00000000E+0 -0.00000000E+0 -2.90733665E-1 1.42614008E-1 5.88217778E-2 9.25103990E-3 2.17764413E+0 2.92274596E-1
07 23 2014 13 41 08 207 1.00000000E+2 0.00000000E+0 3.00000000E+2 1.91208250E+6 0.00000000E+0 0.00000000E+0 -0.00000000E+0 -7.05679851E-1 1.79396729E-1 2.37386618E-2 1.63747261E-2 3.12698421E+0 4.27966757E-1
07 23 2014 13 41 11 210 1.00000000E+2 0.00000000E+0 3.50000000E+2 1.91208600E+6 0.00000000E+0 0.00000000E+0 -0.00000000E+0 -1.24970835E+0 2.39497500E-1 1.08605001E-2 3.35055256E-3 4.46588424E+0 6.00850974E-1
07 23 2014 13 41 15 214 1.00000000E+2 0.00000000E+0 4.00000000E+2 1.91208950E+6 0.00000000E+0 0.00000000E+0 -0.00000000E+0 -1.99457247E+0 3.33179260E-1 -9.99934638E-4 7.07409780E-3 6.35547958E+0 8.36019951E-1
07 23 2014 13 41 18 217 1.00000000E+2 0.00000000E+0 4.50000000E+2 1.91209300E+6 0.00000000E+0 0.00000000E+0 -0.00000000E+0 -3.02722779E+0 4.60049885E-1 -2.95747410E-2 1.58371646E-2 8.98145004E+0 1.16783333E+0
07 23 2014 13 41 22 221 1.00000000E+2 0.00000000E+0 5.00000000E+2 1.91209660E+6 0.00000000E+0 0.00000000E+0 -0.00000000E+0 -4.43172277E+0 6.34192388E-1 -7.48545376E-2 1.85585910E-2 1.26191200E+1 1.64544190E+0
07 23 2014 13 41 25 224 1.00000000E+2 0.00000000E+0 5.50000000E+2 1.91210010E+6 0.00000000E+0 0.00000000E+0 -0.00000000E+0 -6.36855524E+0 8.58900034E-1 -1.19287576E-1 2.23175307E-2 1.77448899E+1 2.28792501E+0
07 23 2014 13 41 29 228 1.00000000E+2 0.00000000E+0 6.00000000E+2 1.91210360E+6 0.00000000E+0 0.00000000E+0 -0.00000000E+0 -9.00319797E+0 1.16522306E+0 -1.59098141E-1 1.60979891E-2 2.49163250E+1 3.18528445E+0
07 23 2014 13 41 32 231 1.00000000E+2 0.00000000E+0 6.50000000E+2 1.91210710E+6 0.00000000E+0 0.00000000E+0 -0.00000000E+0 -1.25749538E+1 1.54268353E+0 -2.01675429E-1 3.20648669E-2 3.49037291E+1 4.41667922E+0
07 23 2014 13 41 36 235 1.00000000E+2 0.00000000E+0 7.00000000E+2 1.91211060E+6 0.00000000E+0 0.00000000E+0 -0.00000000E+0 -1.71949159E+1 2.00816996E+0 -3.18492904E-1 5.34470423E-2 4.86752264E+1 6.10982155E+0
07 23 2014 13 41 39 238 1.00000000E+2 0.00000000E+0 7.50000000E+2 1.91211410E+6 0.00000000E+0 0.00000000E+0 -0.00000000E+0 -2.30777139E+1 2.57212585E+0 -4.30619539E-1 4.39857413E-2 6.75376013E+1 8.46660512E+0
07 23 2014 13 41 43 242 1.00000000E+2 0.00000000E+0 8.00000000E+2 1.91211760E+6 0.00000000E+0 0.00000000E+0 -0.00000000E+0 -3.04122487E+1 3.09472697E+0 -5.01880005E-1 2.27070757E-2 9.35786571E+1 1.14699091E+1
07 23 2014 13 41 47 245 1.00000000E+2 0.00000000E+0 8.50000000E+2 1.91212120E+6 0.00000000E+0 0.00000000E+0 -0.00000000E+0 -3.88851735E+1 3.44917295E+0 -4.50676946E-1 3.23194929E-2 1.28623914E+2 1.52724831E+1
07 23 2014 13 41 50 249 1.00000000E+2 0.00000000E+0 9.00000000E+2 1.91212470E+6 0.00000000E+0 0.00000000E+0 -0.00000000E+0 -4.74084634E+1 3.27434147E+0 -2.67527320E-1 1.05403451E-1 1.74568256E+2 1.99278128E+1
07 23 2014 13 41 54 252 1.00000000E+2 0.00000000E+0 9.50000000E+2 1.91212820E+6 0.00000000E+0 0.00000000E+0 -0.00000000E+0 -5.40520113E+1 2.16066574E+0 2.17459095E-1 2.49277029E-1 2.32787364E+2 2.52341987E+1
07 23 2014 13 41 57 256 1.00000000E+2 0.00000000E+0 1.00000000E+3 1.91213170E+6 0.00000000E+0 0.00000000E+0 -0.00000000E+0 -5.56386282E+1 5.91835400E-1 1.16277097E+0 4.56882738E-1 3.03364133E+2 2.95933719E+1
07 23 2014 13 42 01 259 1.00000000E+2 0.00000000E+0 1.05000000E+3 1.91213520E+6 0.00000000E+0 0.00000000E+0 -0.00000000E+0 -4.85375052E+1 4.41700262E+0 2.62243178E+0 6.40960959E-1 3.82174002E+2 3.18854826E+1
07 23 2014 13 42 04 263 1.00000000E+2 0.00000000E+0 1.10000000E+3 1.91213870E+6 0.00000000E+0 0.00000000E+0 -0.00000000E+0 -3.09027006E+1 8.56640190E+0 4.64487610E+0 8.97621050E-1 4.61869981E+2 3.06667956E+1
07 23 2014 13 42 08 267 1.00000000E+2 0.00000000E+0 1.15000000E+3 1.91214230E+6 0.00000000E+0 0.00000000E+0 -0.00000000E+0 -4.28613569E+0 1.16446841E+1 7.02410575E+0 9.51649043E-1 5.32727222E+2 2.59130607E+1
07 23 2014 13 42 11 270 1.00000000E+2 0.00000000E+0 1.20000000E+3 1.91214580E+6 0.00000000E+0 0.00000000E+0 -0.00000000E+0 2.71889309E+1 1.29832395E+1 9.36108561E+0 8.97717693E-1 5.87758914E+2 1.91914184E+1
07 23 2014 13 42 15 274 1.00000000E+2 0.00000000E+0 1.25000000E+3 1.91214930E+6 0.00000000E+0 0.00000000E+0 -0.00000000E+0 5.94992993E+1 1.26005632E+1 1.16701945E+1 8.89478560E-1 6.24946344E+2 1.18547490E+1
07 23 2014 13 42 18 277 1.00000000E+2 0.00000000E+0 1.20000000E+3 1.91215280E+6 0.00000000E+0 0.00000000E+0 -0.00000000E+0 5.11566810E+1 1.25499757E+1 1.08308241E+1 1.03575649E+0 6.16144328E+2 1.23055081E+1
07 23 2014 13 42 22 281 1.00000000E+2 0.00000000E+0 1.15000000E+3 1.91215630E+6 0.00000000E+0 0.00000000E+0 -0.00000000E+0 1.82268424E+1 1.29280568E+1 8.38274208E+0 8.45770094E-1 5.73644002E+2 1.95333827E+1
07 23 2014 13 42 25 284 1.00000000E+2 0.00000000E+0 1.10000000E+3 1.91215980E+6 0.00000000E+0 0.00000000E+0 -0.00000000E+0 -1.25790563E+1 1.15090867E+1 6.18911873E+0 8.93073652E-1 5.13514443E+2 2.63284747E+1
07 23 2014 13 42 29 288 1.00000000E+2 0.00000000E+0 1.05000000E+3 1.91216330E+6 0.00000000E+0 0.00000000E+0 -0.00000000E+0 -3.68617595E+1 8.34988251E+0 3.92032915E+0 8.83818927E-1 4.39603082E+2 3.10707579E+1
07 23 2014 13 42 32 291 1.00000000E+2 0.00000000E+0 1.00000000E+3 1.91216690E+6 0.00000000E+0 0.00000000E+0 -0.00000000E+0 -5.14820618E+1 4.10116868E+0 2.06224776E+0 6.66544112E-1 3.59313358E+2 3.18060266E+1
07 23 2014 13 42 36 295 1.00000000E+2 0.00000000E+0 9.50000000E+2 1.91217040E+6 0.00000000E+0 0.00000000E+0 -0.00000000E+0 -5.58247086E+1 4.27991494E-1 7.61295432E-1 4.21490439E-1 2.82356543E+2 2.92277574E+1
07 23 2014 13 42 39 298 1.00000000E+2 0.00000000E+0 9.00000000E+2 1.91217390E+6 0.00000000E+0 0.00000000E+0 -0.00000000E+0 -5.24768242E+1 2.25704058E+0 -4.08674354E-2 2.57631001E-1 2.14793896E+2 2.46785257E+1
07 23 2014 13 42 43 302 1.00000000E+2 0.00000000E+0 8.50000000E+2 1.91217740E+6 0.00000000E+0 0.00000000E+0 -0.00000000E+0 -4.49819980E+1 3.31074695E+0 -4.25450730E-1 9.36224159E-2 1.60033867E+2 1.95667382E+1
07 23 2014 13 42 46 305 1.00000000E+2 0.00000000E+0 8.00000000E+2 1.91218090E+6 0.00000000E+0 0.00000000E+0 -0.00000000E+0 -3.63835096E+1 3.47672244E+0 -5.28243051E-1 5.53461992E-2 1.17656099E+2 1.50777708E+1
07 23 2014 13 42 50 309 1.00000000E+2 0.00000000E+0 7.50000000E+2 1.91218440E+6 0.00000000E+0 0.00000000E+0 -0.00000000E+0 -2.81719236E+1 3.07080633E+0 -5.26214713E-1 4.42683278E-2 8.54115201E+1 1.12262232E+1
07 23 2014 13 42 53 312 1.00000000E+2 0.00000000E+0 7.00000000E+2 1.91218800E+6 0.00000000E+0 0.00000000E+0 -0.00000000E+0 -2.12295055E+1 2.51520688E+0 -4.49024030E-1 3.99938927E-2 6.15851719E+1 8.23467968E+0
07 23 2014 13 42 57 316 1.00000000E+2 0.00000000E+0 6.50000000E+2 1.91219150E+6 0.00000000E+0 0.00000000E+0 -0.00000000E+0 -1.56691857E+1 1.97317561E+0 -3.56074589E-1 4.32526213E-2 4.41676787E+1 5.97227051E+0
07 23 2014 13 43 00 319 1.00000000E+2 0.00000000E+0 6.00000000E+2 1.91219500E+6 0.00000000E+0 0.00000000E+0 -0.00000000E+0 -1.13933538E+1 1.50592111E+0 -2.74197622E-1 2.84136296E-2 3.16253684E+1 4.30485600E+0
07 23 2014 13 43 04 323 1.00000000E+2 0.00000000E+0 5.50000000E+2 1.91219850E+6 0.00000000E+0 0.00000000E+0 -0.00000000E+0 -8.17371304E+0 1.13605794E+0 -2.24108127E-1 1.60585970E-2 2.26134667E+1 3.12893872E+0
07 23 2014 13 43 07 326 1.00000000E+2 0.00000000E+0 5.00000000E+2 1.91220200E+6 0.00000000E+0 0.00000000E+0 -0.00000000E+0 -5.76293824E+0 8.35379976E-1 -1.87227975E-1 1.34931230E-2 1.60860944E+1 2.23641318E+0
07 23 2014 13 43 11 330 1.00000000E+2 0.00000000E+0 4.50000000E+2 1.91220550E+6 0.00000000E+0 0.00000000E+0 -0.00000000E+0 -3.98845103E+0 6.11896735E-1 -1.54269275E-1 1.26269822E-2 1.14042937E+1 1.59497932E+0
07 23 2014 13 43 14 333 1.00000000E+2 0.00000000E+0 4.00000000E+2 1.91220910E+6 0.00000000E+0 0.00000000E+0 -0.00000000E+0 -2.69412453E+0 4.46597200E-1 -1.27786940E-1 1.00193084E-2 8.06463668E+0 1.14378839E+0
07 23 2014 13 43 18 337 1.00000000E+2 0.00000000E+0 3.50000000E+2 1.91221260E+6 0.00000000E+0 0.00000000E+0 -0.00000000E+0 -1.75587455E+0 3.28380672E-1 -1.07781211E-1 6.73243577E-3 5.68777234E+0 8.22619380E-1
07 23 2014 13 43 21 340 1.00000000E+2 0.00000000E+0 3.00000000E+2 1.91221610E+6 0.00000000E+0 0.00000000E+0 -0.00000000E+0 -1.07004749E+0 2.35399447E-1 -9.62784041E-2 2.87503947E-3 3.98118282E+0 5.83380770E-1
07 23 2014 13 43 25 344 1.00000000E+2 0.00000000E+0 2.50000000E+2 1.91221960E+6 0.00000000E+0 0.00000000E+0 -0.00000000E+0 -5.73407358E-1 1.70893652E-1 -8.58982997E-2 7.32954943E-3 2.75662586E+0 4.19690184E-1
07 23 2014 13 43 28 347 1.00000000E+2 0.00000000E+0 2.00000000E+2 1.91222310E+6 0.00000000E+0 0.00000000E+0 -0.00000000E+0 -1.97319842E-1 1.35860430E-1 -6.44441861E-2 6.87181451E-3 1.90606046E+0 2.81080565E-1
07 23 2014 13 43 32 351 1.00000000E+2 0.00000000E+0 1.50000000E+2 1.91222660E+6 0.00000000E+0 0.00000000E+0 -0.00000000E+0 7.51921625E-2 8.93186893E-2 -5.60175289E-2 3.13149246E-3 1.33267677E+0 1.96261013E-1
07 23 2014 13 43 35 354 1.00000000E+2 0.00000000E+0 1.00000000E+2 1.91223010E+6 0.00000000E+0 0.00000000E+0 -0.00000000E+0 2.69153225E-1 7.09435594E-2 -4.70449675E-2 4.81227248E-3 9.29501519E-1 1.35469256E-1
07 23 2014 13 43 39 358 1.00000000E+2 0.00000000E+0 5.00000000E+1 1.91223370E+6 0.00000000E+0 0.00000000E+0 -0.00000000E+0 4.32404120E-1 5.92019050E-2 -3.64904973E-2 5.92532545E-3 6.76813410E-1 7.77218620E-2
07 23 2014 13 43 43 361 1.00000000E+2 0.00000000E+0 0.00000000E+0 1.91223720E+6 0.00000000E+0 0.00000000E+0 -0.00000000E+0 5.70021459E-1 5.20670047E-2 -2.41621217E-2 4.74125606E-3 5.55255520E-1 2.88505059E-2
07 23 2014 13 43 46 365 1.00000000E+2 0.00000000E+0 5.00000000E+1 1.91224070E+6 0.00000000E+0 0.00000000E+0 -0.00000000E+0 5.30618610E-1 5.35485003E-2 -2.68419584E-2 3.98888020E-3 5.77070496E-1 3.14441541E-2
07 23 2014 13 43 50 368 1.00000000E+2 0.00000000E+0 1.00000000E+2 1.91224420E+6 0.00000000E+0 0.00000000E+0 -0.00000000E+0 3.79811472E-1 6.25563523E-2 -3.47432806E-2 5.45213583E-3 7.29843752E-1 8.16691651E-2
07 23 2014 13 43 53 372 1.00000000E+2 0.00000000E+0 1.50000000E+2 1.91224770E+6 0.00000000E+0 0.00000000E+0 -0.00000000E+0 2.08664296E-1 7.35013533E-2 -4.54578827E-2 5.69369310E-3 1.01901524E+0 1.37338197E-1
07 23 2014 13 43 57 376 1.00000000E+2 0.00000000E+0 2.00000000E+2 1.91225120E+6 0.00000000E+0 0.00000000E+0 -0.00000000E+0 -5.96758145E-3 9.18339731E-2 -5.35765691E-2 4.53419197E-3 1.46507683E+0 2.00771037E-1
07 23 2014 13 44 00 379 1.00000000E+2 0.00000000E+0 2.50000000E+2 1.91225470E+6 0.00000000E+0 0.00000000E+0 -0.00000000E+0 -3.11669075E-1 1.38071966E-1 -7.49212323E-2 1.29055104E-2 2.09694559E+0 2.87620438E-1
07 23 2014 13 44 04 383 1.00000000E+2 0.00000000E+0 3.00000000E+2 1.91225830E+6 0.00000000E+0 0.00000000E+0 -0.00000000E+0 -7.20452906E-1 1.80748591E-1 -1.06834654E-1 1.11606822E-2 3.03740822E+0 4.32623737E-1
07 23 2014 13 44 07 386 1.00000000E+2 0.00000000E+0 3.50000000E+2 1.91226180E+6 0.00000000E+0 0.00000000E+0 -0.00000000E+0 -1.26307224E+0 2.41257366E-1 -1.18342798E-1 2.61648752E-3 4.37868353E+0 5.99196254E-1
07 23 2014 13 44 11 390 1.00000000E+2 0.00000000E+0 4.00000000E+2 1.91226530E+6 0.00000000E+0 0.00000000E+0 -0.00000000E+0 -2.01251969E+0 3.34423897E-1 -1.32149725E-1 8.73451439E-3 6.25330477E+0 8.37483338E-1
07 23 2014 13 44 14 393 1.00000000E+2 0.00000000E+0 4.50000000E+2 1.91226880E+6 0.00000000E+0 0.00000000E+0 -0.00000000E+0 -3.04742002E+0 4.59894505E-1 -1.62681537E-1 1.40758373E-2 8.88740483E+0 1.17179872E+0
07 23 2014 13 44 18 397 1.00000000E+2 0.00000000E+0 5.00000000E+2 1.91227230E+6 0.00000000E+0 0.00000000E+0 -0.00000000E+0 -4.46497672E+0 6.29107065E-1 -2.02596188E-1 1.66968215E-2 1.25505057E+1 1.62841564E+0
07 23 2014 13 44 21 400 1.00000000E+2 0.00000000E+0 5.50000000E+2 1.91227590E+6 0.00000000E+0 0.00000000E+0 -0.00000000E+0 -6.38492250E+0 8.61997655E-1 -2.44049884E-1 2.00715042E-2 1.76237964E+1 2.29469437E+0
07 23 2014 13 44 25 404 1.00000000E+2 0.00000000E+0 6.00000000E+2 1.91227940E+6 0.00000000E+0 0.00000000E+0 -0.00000000E+0 -8.99744390E+0 1.16132188E+0 -2.96284903E-1 2.66399941E-2 2.47677066E+1 3.19687587E+0
07 23 2014 13 44 28 407 1.00000000E+2 0.00000000E+0 6.50000000E+2 1.91228290E+6 0.00000000E+0 0.00000000E+0 -0.00000000E+0 -1.25158901E+1 1.54533628E+0 -3.65887115E-1 2.97146636E-2 3.47446506E+1 4.43570677E+0
07 23 2014 13 44 32 411 1.00000000E+2 0.00000000E+0 7.00000000E+2 1.91228640E+6 0.00000000E+0 0.00000000E+0 -0.00000000E+0 -1.71742866E+1 2.01867017E+0 -4.70319791E-1 4.75365062E-2 4.85780275E+1 6.12043583E+0
07 23 2014 13 44 35 414 1.00000000E+2 0.00000000E+0 7.50000000E+2 1.91228990E+6 0.00000000E+0 0.00000000E+0 -0.00000000E+0 -2.31047778E+1 2.55081543E+0 -5.71440567E-1 3.89662102E-2 6.75461744E+1 8.37968872E+0
07 23 2014 13 44 39 418 1.00000000E+2 0.00000000E+0 8.00000000E+2 1.91229340E+6 0.00000000E+0 0.00000000E+0 -0.00000000E+0 -3.03696412E+1 3.10926464E+0 -6.34277045E-1 3.59974195E-2 9.32845927E+1 1.15121800E+1
07 23 2014 13 44 42 421 1.00000000E+2 0.00000000E+0 8.50000000E+2 1.91229690E+6 0.00000000E+0 0.00000000E+0 -0.00000000E+0 -3.88161424E+1 3.46279189E+0 -6.14086194E-1 4.12329354E-2 1.28277485E+2 1.53286166E+1
07 23 2014 13 44 46 425 1.00000000E+2 0.00000000E+0 9.00000000E+2 1.91230050E+6 0.00000000E+0 0.00000000E+0 -0.00000000E+0 -4.74096626E+1 3.29742984E+0 -4.24974000E-1 1.00178220E-1 1.74365860E+2 2.00012360E+1
07 23 2014 13 44 49 428 1.00000000E+2 0.00000000E+0 9.50000000E+2 1.91230400E+6 0.00000000E+0 0.00000000E+0 -0.00000000E+0 -5.40922013E+1 2.14718962E+0 3.59181202E-2 2.40960713E-1 2.32798146E+2 2.50601429E+1
07 23 2014 13 44 53 432 1.00000000E+2 0.00000000E+0 1.00000000E+3 1.91230750E+6 0.00000000E+0 0.00000000E+0 -0.00000000E+0 -5.56615787E+1 5.89204665E-1 9.59650794E-1 4.52918723E-1 3.02843898E+2 2.96806426E+1
07 23 2014 13 44 56 435 1.00000000E+2 0.00000000E+0 1.05000000E+3 1.91231100E+6 0.00000000E+0 0.00000000E+0 -0.00000000E+0 -4.86189376E+1 4.40255435E+0 2.45781443E+0 6.85540626E-1 3.81616067E+2 3.19947321E+1
07 23 2014 13 45 00 439 1.00000000E+2 0.00000000E+0 1.10000000E+3 1.91231450E+6 0.00000000E+0 0.00000000E+0 -0.00000000E+0 -3.10983765E+1 8.60975971E+0 4.51431168E+0 8.95771483E-1 4.61209634E+2 3.08528133E+1
07 23 2014 13 45 03 442 1.00000000E+2 0.00000000E+0 1.15000000E+3 1.91231800E+6 0.00000000E+0 0.00000000E+0 -0.00000000E+0 -4.28924810E+0 1.17077817E+1 6.85777059E+0 9.26697593E-1 5.32526812E+2 2.59924405E+1
07 23 2014 13 45 07 446 1.00000000E+2 0.00000000E+0 1.20000000E+3 1.91232160E+6 0.00000000E+0 0.00000000E+0 -0.00000000E+0 2.73743434E+1 1.28901988E+1 9.07910773E+0 8.37587143E-1 5.87774150E+2 1.90020086E+1
07 23 2014 13 45 10 449 1.00000000E+2 0.00000000E+0 1.25000000E+3 1.91232510E+6 0.00000000E+0 0.00000000E+0 -0.00000000E+0 5.93472808E+1 1.25554494E+1 1.10101095E+1 7.22847495E-1 6.24646660E+2 1.18996196E+1
07 23 2014 13 45 14 453 1.00000000E+2 0.00000000E+0 1.20000000E+3 1.91232860E+6 0.00000000E+0 0.00000000E+0 -0.00000000E+0 5.07499157E+1 1.25674223E+1 1.05164158E+1 7.22203018E-1 6.16345552E+2 1.22777236E+1
07 23 2014 13 45 17 456 1.00000000E+2 0.00000000E+0 1.15000000E+3 1.91233210E+6 0.00000000E+0 0.00000000E+0 -0.00000000E+0 1.82760545E+1 1.29300208E+1 8.49166913E+0 8.55719113E-1 5.74030101E+2 1.96290084E+1
07 23 2014 13 45 21 460 1.00000000E+2 0.00000000E+0 1.10000000E+3 1.91233560E+6 0.00000000E+0 0.00000000E+0 -0.00000000E+0 -1.25875580E+1 1.15426541E+1 6.21086448E+0 9.18692288E-1 5.13548746E+2 2.64645525E+1
07 23 2014 13 45 24 463 1.00000000E+2 0.00000000E+0 1.05000000E+3 1.91233910E+6 0.00000000E+0 0.00000000E+0 -0.00000000E+0 -3.69686105E+1 8.27555614E+0 3.97046588E+0 8.61983566E-1 4.39299992E+2 3.08658408E+1
07 23 2014 13 45 28 467 1.00000000E+2 0.00000000E+0 1.00000000E+3 1.91234260E+6 0.00000000E+0 0.00000000E+0 -0.00000000E+0 -5.14306097E+1 4.11595710E+0 2.10652067E+0 6.57243332E-1 3.59662264E+2 3.19311477E+1
07 23 2014 13 45 32 470 1.00000000E+2 0.00000000E+0 9.50000000E+2 1.91234620E+6 0.00000000E+0 0.00000000E+0 -0.00000000E+0 -5.58131008E+1 4.26020239E-1 8.14953847E-1 4.17086414E-1 2.82532875E+2 2.92799972E+1
07 23 2014 13 45 35 474 1.00000000E+2 0.00000000E+0 9.00000000E+2 1.91234970E+6 0.00000000E+0 0.00000000E+0 -0.00000000E+0 -5.24397590E+1 2.26613762E+0 4.28637462E-2 2.27422750E-1 2.15005003E+2 2.47513558E+1
07 23 2014 13 45 39 477 1.00000000E+2 0.00000000E+0 8.50000000E+2 1.91235320E+6 0.00000000E+0 0.00000000E+0 -0.00000000E+0 -4.50114626E+1 3.30837887E+0 -3.29855717E-1 1.05204960E-1 1.60205660E+2 1.96385416E+1
07 23 2014 13 45 42 481 1.00000000E+2 0.00000000E+0 8.00000000E+2 1.91235670E+6 0.00000000E+0 0.00000000E+0 -0.00000000E+0 -3.64048143E+1 3.47481353E+0 -4.54589502E-1 4.08766616E-2 1.17780317E+2 1.51187148E+1
07 23 2014 13 45 46 484 1.00000000E+2 0.00000000E+0 7.50000000E+2 1.91236020E+6 0.00000000E+0 0.00000000E+0 -0.00000000E+0 -2.81901110E+1 3.07243301E+0 -4.69070762E-1 1.70393009E-2 8.54631057E+1 1.12476874E+1
07 23 2014 13 45 49 488 1.00000000E+2 0.00000000E+0 7.00000000E+2 1.91236370E+6 0.00000000E+0 0.00000000E+0 -0.00000000E+0 -2.12309200E+1 2.51168528E+0 -4.21075679E-1 2.80388448E-2 6.15650593E+1 8.22743574E+0
07 23 2014 13 45 53 492 1.00000000E+2 0.00000000E+0 6.50000000E+2 1.91236730E+6 0.00000000E+0 0.00000000E+0 -0.00000000E+0 -1.56790267E+1 1.97603277E+0 -3.41084466E-1 3.39739683E-2 4.41747779E+1 5.96939669E+0
07 23 2014 13 45 56 495 1.00000000E+2 0.00000000E+0 6.00000000E+2 1.91237080E+6 0.00000000E+0 0.00000000E+0 -0.00000000E+0 -1.13990903E+1 1.50845215E+0 -2.67290708E-1 2.48878553E-2 3.16407428E+1 4.31194743E+0
07 23 2014 13 46 00 499 1.00000000E+2 0.00000000E+0 5.50000000E+2 1.91237430E+6 0.00000000E+0 0.00000000E+0 -0.00000000E+0 -8.17928207E+0 1.13437334E+0 -2.17071220E-1 1.84516610E-2 2.26228184E+1 3.13085456E+0
07 23 2014 13 46 03 502 1.00000000E+2 0.00000000E+0 5.00000000E+2 1.91237780E+6 0.00000000E+0 0.00000000E+0 -0.00000000E+0 -5.77164764E+0 8.34492282E-1 -1.78068431E-1 1.23331361E-2 1.60812282E+1 2.23410963E+0
07 23 2014 13 46 07 506 1.00000000E+2 0.00000000E+0 4.50000000E+2 1.91238130E+6 0.00000000E+0 0.00000000E+0 -0.00000000E+0 -3.99650389E+0 6.13628100E-1 -1.50253524E-1 1.05778010E-2 1.14025305E+1 1.59280561E+0
