Month Day Year Hour Minute Second Time_s x y z Current CurrentError 1Axis 1AxisError Bx BxError By ByError Bz BzError
09 16 2014 13 42 32 17 1.00000000E+2 0.00000000E+0 0.00000000E+0 9.47785300E+5 0.00000000E+0 6.56970739E+1 4.59237706E-1 3.28868628E-1 2.35986698E-3 3.13442945E-1 2.31034829E-3 5.75953722E-1 3.27165523E-3
09 16 2014 13 42 37 22 1.00000000E+2 0.00000000E+0 5.00000000E+1 9.47789800E+5 0.00000000E+0 6.56438470E+1 4.31025767E-1 2.23380327E-1 2.46023161E-3 2.53123045E-1 2.89952649E-3 4.65154648E-1 3.29251246E-3
09 16 2014 13 42 41 26 1.00000000E+2 0.00000000E+0 1.00000000E+2 9.47794300E+5 0.00000000E+0 6.56501204E+1 4.32013483E-1 1.22100115E-1 2.20392154E-3 2.15269625E-1 2.61725934E-3 5.10349870E-1 2.69665185E-3
09 16 2014 13 42 46 31 1.00000000E+2 0.00000000E+0 1.50000000E+2 9.47798800E+5 0.00000000E+0 6.57333136E+1 4.42596184E-1 2.03180313E-1 1.90436607E-3 2.44837999E-1 1.81750191E-3 6.38240576E-1 2.99449694E-3
09 16 2014 13 42 50 35 1.00000000E+2 0.00000000E+0 2.00000000E+2 9.47803300E+5 0.00000000E+0 6.57168776E+1 4.17006686E-1 2.38656998E-1 2.45312521E-3 2.57804990E-1 1.80468586E-3 5.70319593E-1 4.91169639E-3
09 16 2014 13 42 55 40 1.00000000E+2 0.00000000E+0 2.50000000E+2 9.47807900E+5 0.00000000E+0 6.56539798E+1 4.39832452E-1 7.54714012E-2 2.08348088E-3 1.88326836E-1 2.19184088E-3 4.93478775E-1 3.76484476E-3
09 16 2014 13 42 59 44 1.00000000E+2 0.00000000E+0 3.00000000E+2 9.47812400E+5 0.00000000E+0 6.57128692E+1 4.19896355E-1 -6.01768494E-2 2.46033042E-3 1.47020817E-1 2.52884049E-3 6.28012419E-1 3.89238723E-3
09 16 2014 13 43 04 49 1.00000000E+2 0.00000000E+0 3.50000000E+2 9.47816900E+5 0.00000000E+0 6.56886697E+1 4.42598444E-1 4.07099724E-3 2.40768441E-3 1.78307295E-1 1.60070438E-3 9.04530287E-1 2.85156337E-3
09 16 2014 13 43 08 53 1.00000000E+2 0.00000000E+0 4.00000000E+2 9.47821400E+5 0.00000000E+0 6.56921864E+1 4.39684300E-1 5.13792038E-2 2.65857676E-3 1.92779303E-1 1.63829762E-3 1.02496147E+0 4.07666783E-3
09 16 2014 13 43 13 58 1.00000000E+2 0.00000000E+0 4.50000000E+2 9.47825900E+5 0.00000000E+0 6.56901002E+1 4.44182578E-1 -9.59038734E-2 3.20934229E-3 1.18660927E-1 1.81219583E-3 1.14197731E+0 3.43904365E-3
09 16 2014 13 43 17 62 1.00000000E+2 0.00000000E+0 5.00000000E+2 9.47830400E+5 0.00000000E+0 6.56536818E+1 4.38873275E-1 -2.10475922E-1 2.59894095E-3 8.27252865E-2 2.18359299E-3 1.49022341E+0 3.76494409E-3
09 16 2014 13 43 22 67 1.00000000E+2 0.00000000E+0 5.50000000E+2 9.47835000E+5 0.00000000E+0 6.56795502E+1 4.42320335E-1 -1.51589513E-1 3.13888872E-3 1.08227134E-1 2.34406207E-3 1.98613107E+0 2.82130051E-3
09 16 2014 13 43 26 71 1.00000000E+2 0.00000000E+0 6.00000000E+2 9.47839500E+5 0.00000000E+0 6.56901002E+1 4.34644169E-1 -1.74367428E-1 3.29956970E-3 9.36567783E-2 2.37987624E-3 2.40362883E+0 2.62200540E-3
09 16 2014 13 43 31 76 1.00000000E+2 0.00000000E+0 6.50000000E+2 9.47844000E+5 0.00000000E+0 6.57701492E+1 4.47342131E-1 -3.67671251E-1 1.86236300E-3 1.46031380E-2 2.44267562E-3 2.98846513E+0 4.00880564E-3
09 16 2014 13 43 35 80 1.00000000E+2 0.00000000E+0 7.00000000E+2 9.47848500E+5 0.00000000E+0 6.56669736E+1 4.29203019E-1 -5.86605072E-1 2.94897351E-3 -1.11281872E-2 2.39053777E-3 3.98452878E+0 3.12282716E-3
09 16 2014 13 43 40 85 1.00000000E+2 0.00000000E+0 7.50000000E+2 9.47853000E+5 0.00000000E+0 6.56341016E+1 4.42343226E-1 -6.13845885E-1 2.46419135E-3 4.11942601E-2 2.70054651E-3 5.45676798E+0 3.66128940E-3
09 16 2014 13 43 44 89 1.00000000E+2 0.00000000E+0 8.00000000E+2 9.47857500E+5 0.00000000E+0 6.56548738E+1 4.42392031E-1 -5.74183464E-1 2.52508149E-3 1.35499239E-1 1.65600676E-3 7.27895498E+0 3.00661755E-3
09 16 2014 13 43 49 94 1.00000000E+2 0.00000000E+0 8.50000000E+2 9.47862100E+5 0.00000000E+0 6.57028556E+1 4.56811339E-1 -5.47105074E-1 1.96775165E-3 2.24393606E-1 1.59948905E-3 9.74746943E+0 3.38946953E-3
09 16 2014 13 43 53 98 1.00000000E+2 0.00000000E+0 9.00000000E+2 9.47866600E+5 0.00000000E+0 6.57102466E+1 4.42238961E-1 -1.13850832E-1 2.83541296E-3 4.40400839E-1 1.96348993E-3 1.33092880E+1 2.90471314E-3
09 16 2014 13 43 58 103 1.00000000E+2 0.00000000E+0 9.50000000E+2 9.47871100E+5 0.00000000E+0 6.56338930E+1 4.63316636E-1 1.23913884E+0 1.99935020E-3 8.33249092E-1 1.79611069E-3 1.80215657E+1 4.36090893E-3
09 16 2014 13 44 02 107 1.00000000E+2 0.00000000E+0 1.00000000E+3 9.47875600E+5 0.00000000E+0 6.56671524E+1 4.65540075E-1 3.62991095E+0 2.86569862E-3 1.35775208E+0 2.16840044E-3 2.35546887E+1 3.56422766E-3
09 16 2014 13 44 07 112 1.00000000E+2 0.00000000E+0 1.05000000E+3 9.47880100E+5 0.00000000E+0 6.57207370E+1 4.30854984E-1 7.43749142E+0 3.13055966E-3 2.04609632E+0 2.25849492E-3 2.98410296E+1 3.25069869E-3
09 16 2014 13 44 11 116 1.00000000E+2 0.00000000E+0 1.10000000E+3 9.47884600E+5 0.00000000E+0 6.57267869E+1 4.52340195E-1 1.30326822E+1 3.20536874E-3 2.94876099E+0 1.69316363E-3 3.63607481E+1 3.51791138E-3
09 16 2014 13 44 16 121 1.00000000E+2 0.00000000E+0 1.15000000E+3 9.47889200E+5 0.00000000E+0 6.56625628E+1 4.30650164E-1 1.99938416E+1 3.11784742E-3 3.99058461E+0 2.62445032E-3 4.20712650E+1 3.90830352E-3
09 16 2014 13 44 20 125 1.00000000E+2 0.00000000E+0 1.20000000E+3 9.47893700E+5 0.00000000E+0 6.56281412E+1 4.41580318E-1 2.74676234E+1 3.10184770E-3 5.05296141E+0 2.51744082E-3 4.65915799E+1 4.33458703E-3
09 16 2014 13 44 25 130 1.00000000E+2 0.00000000E+0 1.25000000E+3 9.47898200E+5 0.00000000E+0 6.56625032E+1 4.33297067E-1 3.50817323E+1 3.12369525E-3 6.17547035E+0 2.96460623E-3 5.01828194E+1 3.20596127E-3
09 16 2014 13 46 26 251 0.00000000E+0 0.00000000E+0 0.00000000E+0 9.48019700E+5 0.00000000E+0 6.56895638E+1 4.51805177E-1 2.73656845E-1 2.21012324E-3 1.87385082E-1 2.10881483E-3 5.61624765E-1 3.37593224E-3
09 16 2014 13 46 31 256 0.00000000E+0 0.00000000E+0 5.00000000E+1 9.48024200E+5 0.00000000E+0 6.56056404E+1 4.63625336E-1 2.58129835E-1 2.67156362E-3 1.55621767E-1 2.07108592E-3 5.62518835E-1 3.20032804E-3
09 16 2014 13 46 35 260 0.00000000E+0 0.00000000E+0 1.00000000E+2 9.48028700E+5 0.00000000E+0 6.56298995E+1 4.50580950E-1 2.41219997E-1 3.08698882E-3 1.37311220E-1 1.61438327E-3 5.71608543E-1 3.38171530E-3
09 16 2014 13 46 40 265 0.00000000E+0 0.00000000E+0 1.50000000E+2 9.48033200E+5 0.00000000E+0 6.56941533E+1 4.41772266E-1 2.39932537E-1 2.72061777E-3 1.34372711E-1 2.38970069E-3 5.81985712E-1 3.17442191E-3
09 16 2014 13 46 44 269 0.00000000E+0 0.00000000E+0 2.00000000E+2 9.48037700E+5 0.00000000E+0 6.57269359E+1 4.38156334E-1 2.34983861E-1 2.24426857E-3 1.16579235E-1 1.51820335E-3 5.95502555E-1 3.89918717E-3
09 16 2014 13 46 49 274 0.00000000E+0 0.00000000E+0 2.50000000E+2 9.48042200E+5 0.00000000E+0 6.56185150E+1 4.38566492E-1 2.16394663E-1 2.63792422E-3 8.68558884E-2 2.13717531E-3 6.34390116E-1 3.52854304E-3
09 16 2014 13 46 54 278 0.00000000E+0 0.00000000E+0 3.00000000E+2 9.48046800E+5 0.00000000E+0 6.55855983E+1 4.31737410E-1 2.15433538E-1 2.17567840E-3 7.39246607E-2 2.16242497E-3 7.09593296E-1 3.09852440E-3
09 16 2014 13 46 58 283 0.00000000E+0 0.00000000E+0 3.50000000E+2 9.48051300E+5 0.00000000E+0 6.56461716E+1 4.35293414E-1 2.36839056E-1 2.29723218E-3 6.86109066E-2 1.97760952E-3 8.36914778E-1 3.33437949E-3
09 16 2014 13 47 03 288 0.00000000E+0 0.00000000E+0 4.00000000E+2 9.48055800E+5 0.00000000E+0 6.56891465E+1 4.25746897E-1 2.64054537E-1 2.53544957E-3 5.47707081E-2 1.75434733E-3 1.01153851E+0 3.80319033E-3
09 16 2014 13 47 07 292 0.00000000E+0 0.00000000E+0 4.50000000E+2 9.48060300E+5 0.00000000E+0 6.56591058E+1 4.44331575E-1 2.83336639E-1 2.88357339E-3 2.09987164E-2 2.53391514E-3 1.24169588E+0 3.44784053E-3
09 16 2014 13 47 12 297 0.00000000E+0 0.00000000E+0 5.00000000E+2 9.48064800E+5 0.00000000E+0 6.56389594E+1 4.39788066E-1 3.21769714E-1 2.11048114E-3 1.70469284E-3 2.24960213E-3 1.52308941E+0 2.65192904E-3
09 16 2014 13 47 16 301 0.00000000E+0 0.00000000E+0 5.50000000E+2 9.48069300E+5 0.00000000E+0 6.56077862E+1 4.23461551E-1 3.99780273E-1 2.15703116E-3 -3.05175781E-3 2.65784520E-3 1.88111067E+0 3.18979974E-3
09 16 2014 13 47 21 306 0.00000000E+0 0.00000000E+0 6.00000000E+2 9.48073900E+5 0.00000000E+0 6.56551719E+1 4.27204279E-1 5.06722927E-1 1.83463302E-3 -2.58266926E-2 2.05360549E-3 2.35490799E+0 2.93646854E-3
09 16 2014 13 47 25 310 0.00000000E+0 0.00000000E+0 6.50000000E+2 9.48078400E+5 0.00000000E+0 6.56994432E+1 4.31934748E-1 6.46300614E-1 2.55303469E-3 -4.94644046E-2 2.07047868E-3 2.99461186E+0 2.50882929E-3
09 16 2014 13 47 30 315 0.00000000E+0 0.00000000E+0 7.00000000E+2 9.48082900E+5 0.00000000E+0 6.56725764E+1 4.62468372E-1 8.74125957E-1 2.26187031E-3 -3.18288803E-2 2.15376929E-3 3.86063457E+0 3.40579808E-3
09 16 2014 13 47 34 319 0.00000000E+0 0.00000000E+0 7.50000000E+2 9.48087400E+5 0.00000000E+0 6.56499714E+1 4.34563502E-1 1.26426667E+0 2.93360434E-3 3.77893448E-2 2.15765521E-3 5.01175225E+0 3.95249661E-3
09 16 2014 13 47 39 324 0.00000000E+0 0.00000000E+0 8.00000000E+2 9.48091900E+5 0.00000000E+0 6.56259656E+1 4.38789994E-1 1.88096762E+0 2.37005842E-3 1.48934126E-1 1.89644550E-3 6.52295351E+0 3.27143233E-3
09 16 2014 13 47 43 328 0.00000000E+0 0.00000000E+0 8.50000000E+2 9.48096400E+5 0.00000000E+0 6.56191260E+1 4.29826606E-1 2.82020867E+0 2.92581306E-3 3.19242477E-1 2.73852912E-3 8.49410892E+0 2.92763389E-3
09 16 2014 13 47 48 333 0.00000000E+0 0.00000000E+0 9.00000000E+2 9.48101000E+5 0.00000000E+0 6.56829476E+1 4.35686246E-1 4.28582430E+0 2.61686578E-3 6.01142645E-1 2.27202398E-3 1.09901428E+1 3.72622503E-3
09 16 2014 13 47 52 337 0.00000000E+0 0.00000000E+0 9.50000000E+2 9.48105500E+5 0.00000000E+0 6.56496882E+1 4.07273324E-1 6.48052692E+0 2.91242765E-3 1.02543831E+0 2.76422723E-3 1.40450299E+1 3.62795483E-3
09 16 2014 13 47 57 342 0.00000000E+0 0.00000000E+0 1.00000000E+3 9.48110000E+5 0.00000000E+0 6.56341910E+1 4.30421301E-1 9.55168605E+0 2.77887406E-3 1.58603191E+0 2.35463958E-3 1.75668061E+1 4.17769506E-3
09 16 2014 13 48 01 346 0.00000000E+0 0.00000000E+0 1.05000000E+3 9.48114500E+5 0.00000000E+0 6.55944347E+1 4.24259816E-1 1.36292338E+1 2.78339886E-3 2.30820179E+0 2.51677411E-3 2.14053988E+1 4.41260861E-3
09 16 2014 13 48 06 351 0.00000000E+0 0.00000000E+0 1.10000000E+3 9.48119000E+5 0.00000000E+0 6.55891299E+1 4.31186214E-1 1.87170327E+1 2.21041933E-3 3.18362117E+0 2.22995844E-3 2.53486454E+1 4.40085929E-3
09 16 2014 13 48 10 355 0.00000000E+0 0.00000000E+0 1.15000000E+3 9.48123500E+5 0.00000000E+0 6.56897426E+1 4.66566380E-1 2.46506035E+1 3.04536789E-3 4.18310165E+0 2.78321076E-3 2.91394413E+1 4.32387704E-3
09 16 2014 13 48 15 360 0.00000000E+0 0.00000000E+0 1.20000000E+3 9.48128100E+5 0.00000000E+0 6.56653941E+1 4.48273400E-1 3.11444998E+1 2.88968826E-3 5.28047234E+0 2.56977139E-3 3.27305570E+1 3.95138037E-3
09 16 2014 13 48 19 364 0.00000000E+0 0.00000000E+0 1.25000000E+3 9.48132600E+5 0.00000000E+0 6.56084418E+1 4.61798981E-1 3.79396260E+1 2.58360706E-3 6.44168854E+0 2.28178833E-3 3.57869625E+1 9.90857977E-3
09 16 2014 13 48 26 371 -1.00000000E+2 0.00000000E+0 1.25000000E+3 9.48138900E+5 0.00000000E+0 6.56330585E+1 4.46137565E-1 4.04368043E+1 3.21818603E-3 6.62597418E+0 2.77424752E-3 2.21615314E+1 9.28217467E-3
09 16 2014 13 48 30 375 -1.00000000E+2 0.00000000E+0 1.20000000E+3 9.48143400E+5 0.00000000E+0 6.56712055E+1 4.56199897E-1 3.37660834E+1 3.13226993E-3 5.36472350E+0 2.97337976E-3 1.96051821E+1 4.83137838E-3
09 16 2014 13 48 35 380 -1.00000000E+2 0.00000000E+0 1.15000000E+3 9.48147900E+5 0.00000000E+0 6.56589270E+1 4.38178935E-1 2.74698794E+1 3.01043987E-3 4.21108603E+0 2.06631346E-3 1.70332551E+1 4.37474927E-3
09 16 2014 13 48 39 384 -1.00000000E+2 0.00000000E+0 1.10000000E+3 9.48152400E+5 0.00000000E+0 6.56305999E+1 4.50084450E-1 2.15519965E+1 3.37722253E-3 3.15116346E+0 2.67938182E-3 1.47555992E+1 4.16891066E-3
09 16 2014 13 48 44 389 -1.00000000E+2 0.00000000E+0 1.05000000E+3 9.48157000E+5 0.00000000E+0 6.56261444E+1 4.46720531E-1 1.64546847E+1 3.37194752E-3 2.23741531E+0 2.04057100E-3 1.27304614E+1 3.39061129E-3
09 16 2014 13 48 48 393 -1.00000000E+2 0.00000000E+0 1.00000000E+3 9.48161500E+5 0.00000000E+0 6.56220913E+1 4.10585882E-1 1.23470247E+1 3.42222903E-3 1.50727630E+0 2.29351753E-3 1.07303500E+1 3.89984050E-3
09 16 2014 13 48 53 398 -1.00000000E+2 0.00000000E+0 9.50000000E+2 9.48166000E+5 0.00000000E+0 6.56448007E+1 4.10457195E-1 9.07279253E+0 2.41656032E-3 9.68343019E-1 2.44229029E-3 8.86164904E+0 3.78456022E-3
09 16 2014 13 48 57 402 -1.00000000E+2 0.00000000E+0 9.00000000E+2 9.48170500E+5 0.00000000E+0 6.56395555E+1 4.21950808E-1 6.47919178E+0 2.58942658E-3 5.33300638E-1 2.15941372E-3 7.33509660E+0 3.76116271E-3
09 16 2014 13 49 02 407 -1.00000000E+2 0.00000000E+0 8.50000000E+2 9.48175000E+5 0.00000000E+0 6.56690598E+1 4.22601927E-1 4.65435386E+0 2.35307466E-3 2.28929520E-1 2.37771461E-3 6.06055856E+0 3.75865625E-3
09 16 2014 13 49 06 411 -1.00000000E+2 0.00000000E+0 8.00000000E+2 9.48179500E+5 0.00000000E+0 6.56601787E+1 4.49917746E-1 3.46496701E+0 2.64075803E-3 6.84201717E-2 1.46383397E-3 4.81215119E+0 4.07370833E-3
09 16 2014 13 49 11 416 -1.00000000E+2 0.00000000E+0 7.50000000E+2 9.48184100E+5 0.00000000E+0 6.57078624E+1 4.51159417E-1 2.51894444E+0 2.75059991E-3 -4.65661287E-2 2.10739862E-3 3.79456580E+0 2.57774297E-3
09 16 2014 13 49 15 420 -1.00000000E+2 0.00000000E+0 7.00000000E+2 9.48188600E+5 0.00000000E+0 6.56854510E+1 4.58823414E-1 1.80577040E+0 2.70069594E-3 -1.65587664E-1 1.94250315E-3 3.11329961E+0 4.16934384E-3
09 16 2014 13 49 20 425 -1.00000000E+2 0.00000000E+0 6.50000000E+2 9.48193100E+5 0.00000000E+0 6.56364113E+1 4.52982798E-1 1.41306221E+0 2.85534660E-3 -2.12609768E-1 2.57925857E-3 2.54667550E+0 3.58169695E-3
09 16 2014 13 49 24 429 -1.00000000E+2 0.00000000E+0 6.00000000E+2 9.48197600E+5 0.00000000E+0 6.55834675E+1 4.48774316E-1 1.16171241E+0 2.07390086E-3 -1.71643496E-1 1.81214424E-3 1.95266604E+0 2.61411336E-3
09 16 2014 13 49 29 434 -1.00000000E+2 0.00000000E+0 5.50000000E+2 9.48202100E+5 0.00000000E+0 6.56658411E+1 4.29653952E-1 8.48358870E-1 2.55455215E-3 -1.43367052E-1 1.91411079E-3 1.55873299E+0 3.28350445E-3
09 16 2014 13 49 33 438 -1.00000000E+2 0.00000000E+0 5.00000000E+2 9.48206700E+5 0.00000000E+0 6.56526089E+1 4.40748061E-1 6.17414713E-1 2.08634182E-3 -1.23918056E-1 2.19180675E-3 1.35456324E+0 3.02838031E-3
09 16 2014 13 49 38 443 -1.00000000E+2 0.00000000E+0 4.50000000E+2 9.48211200E+5 0.00000000E+0 6.56840205E+1 4.17868029E-1 5.30159473E-1 2.81652237E-3 -1.03551149E-1 2.31228988E-3 1.20584369E+0 2.91239555E-3
09 16 2014 13 49 42 447 -1.00000000E+2 0.00000000E+0 4.00000000E+2 9.48215700E+5 0.00000000E+0 6.56136274E+1 4.43709807E-1 5.53363562E-1 2.46939571E-3 -5.02169132E-2 1.99245503E-3 9.03177261E-1 3.30258314E-3
09 16 2014 13 49 47 452 -1.00000000E+2 0.00000000E+0 3.50000000E+2 9.48220200E+5 0.00000000E+0 6.56321049E+1 4.34381033E-1 4.49830294E-1 2.53603949E-3 -1.94787979E-2 2.73550495E-3 6.76637888E-1 3.16805393E-3
09 16 2014 13 49 51 456 -1.00000000E+2 0.00000000E+0 3.00000000E+2 9.48224700E+5 0.00000000E+0 6.56414628E+1 4.36012845E-1 2.93117762E-1 2.31358337E-3 -3.19123268E-2 2.45591846E-3 6.35528564E-1 3.29673500E-3
09 16 2014 13 49 56 461 -1.00000000E+2 0.00000000E+0 2.50000000E+2 9.48229200E+5 0.00000000E+0 6.57069087E+1 4.40165286E-1 2.35748291E-1 3.36606436E-3 -4.44591045E-2 1.98440551E-3 6.75070286E-1 3.87054041E-3
09 16 2014 13 50 01 465 -1.00000000E+2 0.00000000E+0 2.00000000E+2 9.48233800E+5 0.00000000E+0 6.56712800E+1 4.45241929E-1 2.98261642E-1 2.14223217E-3 -5.11109829E-3 2.52876408E-3 5.95785677E-1 3.47966416E-3
09 16 2014 13 50 05 470 -1.00000000E+2 0.00000000E+0 1.50000000E+2 9.48238300E+5 0.00000000E+0 6.56263232E+1 4.61566669E-1 2.81637907E-1 2.11043684E-3 3.93688679E-2 1.90769172E-3 5.40089607E-1 3.24362736E-3
09 16 2014 13 50 10 475 -1.00000000E+2 0.00000000E+0 1.00000000E+2 9.48242800E+5 0.00000000E+0 6.56305254E+1 4.35536187E-1 2.24888325E-1 2.70336251E-3 3.91453505E-2 2.26931199E-3 6.16490841E-1 2.85406060E-3
09 16 2014 13 50 14 479 -1.00000000E+2 0.00000000E+0 5.00000000E+1 9.48247300E+5 0.00000000E+0 6.57232404E+1 4.27465556E-1 2.85643339E-1 3.36292432E-3 5.78939915E-2 2.30191580E-3 6.33013248E-1 3.75858163E-3
09 16 2014 13 50 19 484 -1.00000000E+2 0.00000000E+0 0.00000000E+0 9.48251800E+5 0.00000000E+0 6.56745434E+1 4.18526143E-1 3.51798534E-1 2.87039272E-3 1.08283758E-1 2.67799504E-3 5.16927242E-1 3.15210737E-3
09 16 2014 13 50 25 490 0.00000000E+0 0.00000000E+0 0.00000000E+0 9.48258100E+5 0.00000000E+0 6.56260252E+1 4.45527564E-1 2.75695324E-1 2.55385668E-3 1.93953514E-1 2.49336619E-3 5.58805466E-1 3.30597846E-3
