Month Day Year Hour Minute Second Time_s x y z Current CurrentError 1Axis 1AxisError Bx BxError By ByError Bz BzError
08 07 2014 14 43 36 12 1.00000000E+2 0.00000000E+0 0.00000000E+0 1.12151990E+6 0.00000000E+0 5.71057022E+2 3.25004863E-2 -6.00295200E+2 4.64546002E-3 1.60277486E+0 3.67722243E-3 4.54521179E+0 8.14626907E-3
08 07 2014 14 43 41 16 1.00000000E+2 0.00000000E+0 5.00000000E+1 1.12152440E+6 0.00000000E+0 5.70993006E+2 3.01063862E-2 -6.00447800E+2 3.61409108E-3 1.46270990E+0 3.26397056E-3 4.74243164E+0 6.68360309E-3
08 07 2014 14 43 45 21 1.00000000E+2 0.00000000E+0 1.00000000E+2 1.12152890E+6 0.00000000E+0 5.71925119E+2 4.32385722E-2 -6.00498843E+2 5.14533588E-3 1.53853744E+0 2.34056089E-3 4.89550829E+0 3.27163809E-3
08 07 2014 14 43 50 25 1.00000000E+2 0.00000000E+0 1.50000000E+2 1.12153340E+6 0.00000000E+0 5.71306944E+2 2.82603969E-2 -6.00245800E+2 4.06758998E-3 1.71315074E+0 3.22491309E-3 5.10945916E+0 5.84015070E-3
08 07 2014 14 43 54 30 1.00000000E+2 0.00000000E+0 2.00000000E+2 1.12153790E+6 0.00000000E+0 5.71243837E+2 4.59545627E-2 -6.00163850E+2 4.12924529E-3 1.69483572E+0 3.14396845E-3 4.96258587E+0 1.42300956E-2
08 07 2014 14 43 59 34 1.00000000E+2 0.00000000E+0 2.50000000E+2 1.12154250E+6 0.00000000E+0 5.71669698E+2 3.60939935E-2 -6.00368433E+2 3.71715415E-3 1.56273246E+0 3.86577897E-3 4.73437905E+0 1.87801592E-2
08 07 2014 14 44 04 39 1.00000000E+2 0.00000000E+0 3.00000000E+2 1.12154700E+6 0.00000000E+0 5.71990386E+2 2.94802066E-2 -6.00633034E+2 3.39172671E-3 1.62230432E+0 3.14220703E-3 4.79540974E+0 3.17373316E-2
08 07 2014 14 44 08 43 1.00000000E+2 0.00000000E+0 3.50000000E+2 1.12155150E+6 0.00000000E+0 5.71103871E+2 1.96919549E-2 -6.00673296E+2 4.46240087E-3 1.85389519E+0 3.01588219E-3 5.28486967E+0 2.65764286E-2
08 07 2014 14 44 13 48 1.00000000E+2 0.00000000E+0 4.00000000E+2 1.12155600E+6 0.00000000E+0 5.71302950E+2 2.92264999E-2 -6.00720353E+2 5.09674603E-3 2.06428170E+0 3.03616858E-3 5.64050674E+0 1.95262066E-2
08 07 2014 14 44 17 52 1.00000000E+2 0.00000000E+0 4.50000000E+2 1.12156050E+6 0.00000000E+0 5.71305573E+2 2.87543685E-2 -6.00811558E+2 3.08860785E-3 2.23413706E+0 2.97912778E-3 6.20756745E+0 1.12527159E-2
08 07 2014 14 44 22 57 1.00000000E+2 0.00000000E+0 5.00000000E+2 1.12156500E+6 0.00000000E+0 5.71184158E+2 3.11244522E-2 -6.00626793E+2 3.23874815E-3 2.44421959E+0 3.87198943E-3 7.27247000E+0 5.53448764E-2
08 07 2014 14 44 26 61 1.00000000E+2 0.00000000E+0 5.50000000E+2 1.12156960E+6 0.00000000E+0 5.71162105E+2 2.80678626E-2 -5.99863253E+2 3.37506830E-3 2.74347663E+0 3.08625582E-3 8.54783654E+0 5.33974909E-2
08 07 2014 14 44 31 66 1.00000000E+2 0.00000000E+0 6.00000000E+2 1.12157410E+6 0.00000000E+0 5.71159720E+2 2.62360234E-2 -5.98824856E+2 3.68631549E-3 2.82922983E+0 2.36563619E-3 1.01991892E+1 3.11166894E-2
08 07 2014 14 44 35 70 1.00000000E+2 0.00000000E+0 6.50000000E+2 1.12157860E+6 0.00000000E+0 5.71154505E+2 2.50467200E-2 -5.97331509E+2 5.29421594E-3 2.58640945E+0 2.82062883E-3 1.28190145E+1 2.10143457E-2
08 07 2014 14 44 40 75 1.00000000E+2 0.00000000E+0 7.00000000E+2 1.12158310E+6 0.00000000E+0 5.71166515E+2 2.82143085E-2 -5.94812968E+2 3.15553566E-3 2.18818188E+0 3.02509373E-3 1.71561718E+1 1.09517219E-2
08 07 2014 14 44 44 80 1.00000000E+2 0.00000000E+0 7.50000000E+2 1.12158760E+6 0.00000000E+0 5.71158230E+2 3.20478679E-2 -5.90203118E+2 4.44238926E-3 1.80485845E+0 3.54661828E-3 2.43555307E+1 1.12430645E-2
08 07 2014 14 44 49 84 1.00000000E+2 0.00000000E+0 8.00000000E+2 1.12159220E+6 0.00000000E+0 5.71151614E+2 2.36152242E-2 -5.82201002E+2 6.59258923E-3 1.52757764E+0 3.74382203E-3 3.53006065E+1 2.07590498E-2
08 07 2014 14 44 53 89 1.00000000E+2 0.00000000E+0 8.50000000E+2 1.12159670E+6 0.00000000E+0 5.71167991E+2 3.47687233E-2 -5.68621859E+2 1.17109591E-2 1.18290633E+0 2.69334521E-3 5.27584404E+1 2.18698368E-2
08 07 2014 14 44 58 93 1.00000000E+2 0.00000000E+0 9.00000000E+2 1.12160120E+6 0.00000000E+0 5.71168959E+2 2.51899456E-2 -5.45102241E+2 1.33778687E-2 1.13714337E+0 3.61589503E-3 7.89958954E+1 3.17479628E-2
08 07 2014 14 45 02 98 1.00000000E+2 0.00000000E+0 9.50000000E+2 1.12160570E+6 0.00000000E+0 5.71163952E+2 2.37459053E-2 -5.05580282E+2 1.31860960E-2 1.41587853E+0 3.21989960E-3 1.15732241E+2 3.05057726E-2
08 07 2014 14 45 07 102 1.00000000E+2 0.00000000E+0 1.00000000E+3 1.12161020E+6 0.00000000E+0 5.71179092E+2 2.32924188E-2 -4.42624085E+2 3.93392474E-2 1.64572001E+0 4.32505746E-3 1.61608487E+2 1.25763840E-1
08 07 2014 14 45 11 107 1.00000000E+2 0.00000000E+0 1.05000000E+3 1.12161470E+6 0.00000000E+0 5.71200609E+2 2.34929709E-2 -3.46299076E+2 4.17108804E-3 2.24519968E+0 3.68462376E-3 2.09690088E+2 1.73056709E-2
08 07 2014 14 45 16 111 1.00000000E+2 0.00000000E+0 1.10000000E+3 1.12161930E+6 0.00000000E+0 5.71198702E+2 2.37273932E-2 -2.20265222E+2 5.23198780E-3 3.77717018E+0 5.08411235E-3 2.35091394E+2 2.23413025E-2
08 07 2014 14 45 20 116 1.00000000E+2 0.00000000E+0 1.15000000E+3 1.12162380E+6 0.00000000E+0 5.71191192E+2 3.32773886E-2 -1.11167252E+2 2.50176476E-2 5.55813313E+0 1.20552551E-2 2.09132451E+2 4.82662016E-2
08 07 2014 14 45 25 120 1.00000000E+2 0.00000000E+0 1.20000000E+3 1.12162830E+6 0.00000000E+0 5.71188927E+2 3.10066395E-2 -4.48087379E+1 1.24643346E-2 6.53667748E+0 1.14533495E-2 1.57690629E+2 1.78641064E-2
08 07 2014 14 45 29 125 1.00000000E+2 0.00000000E+0 1.25000000E+3 1.12163280E+6 0.00000000E+0 5.71208537E+2 2.15428145E-2 -5.58868647E+0 7.49628953E-3 7.19493032E+0 4.58190819E-3 1.15641612E+2 9.40448210E-3
08 07 2014 14 47 31 246 0.00000000E+0 0.00000000E+0 0.00000000E+0 1.12175430E+6 0.00000000E+0 5.71157515E+2 2.62496325E-2 -5.99955134E+2 4.58160603E-3 2.13829875E+0 8.09055647E-3 4.79255319E+0 1.32158059E-1
08 07 2014 14 47 35 251 0.00000000E+0 0.00000000E+0 5.00000000E+1 1.12175880E+6 0.00000000E+0 5.70337951E+2 1.25225179E-1 -5.99855487E+2 5.11281315E-3 1.98538899E+0 1.20961509E-2 4.71140146E+0 8.88326242E-2
08 07 2014 14 47 40 255 0.00000000E+0 0.00000000E+0 1.00000000E+2 1.12176330E+6 0.00000000E+0 5.73113143E+2 3.66964823E-2 -5.99750977E+2 3.11307572E-3 1.94258094E+0 5.23414240E-3 4.47181463E+0 7.11673216E-2
08 07 2014 14 47 44 260 0.00000000E+0 0.00000000E+0 1.50000000E+2 1.12176780E+6 0.00000000E+0 5.72839141E+2 3.13879142E-2 -5.99680793E+2 3.52295643E-3 2.01396346E+0 6.78256529E-3 4.28775549E+0 5.54275781E-2
08 07 2014 14 47 49 264 0.00000000E+0 0.00000000E+0 2.00000000E+2 1.12177230E+6 0.00000000E+0 5.72742641E+2 2.83826041E-2 -5.99706020E+2 3.64341298E-3 1.92316771E+0 4.12048314E-3 4.07493114E+0 8.57443752E-3
08 07 2014 14 47 53 269 0.00000000E+0 0.00000000E+0 2.50000000E+2 1.12177690E+6 0.00000000E+0 5.74285626E+2 3.30228871E-2 -5.99863777E+2 3.11019899E-3 1.85286999E+0 4.47563645E-3 3.46996784E+0 1.27150523E-2
08 07 2014 14 47 58 273 0.00000000E+0 0.00000000E+0 3.00000000E+2 1.12178140E+6 0.00000000E+0 5.74993938E+2 3.19038002E-2 -6.00106615E+2 3.78737500E-3 1.87558681E+0 3.30332899E-3 2.96597928E+0 1.56774776E-2
08 07 2014 14 48 02 278 0.00000000E+0 0.00000000E+0 3.50000000E+2 1.12178590E+6 0.00000000E+0 5.71142554E+2 5.84386671E-2 -6.00352242E+2 4.36843533E-3 2.05056667E+0 4.68584217E-3 2.71576047E+0 2.19229288E-2
08 07 2014 14 48 07 282 0.00000000E+0 0.00000000E+0 4.00000000E+2 1.12179040E+6 0.00000000E+0 5.71442470E+2 3.16798360E-2 -6.00485829E+2 5.65885966E-3 2.40755826E+0 4.76210276E-3 2.43704766E+0 1.50895273E-2
08 07 2014 14 48 11 287 0.00000000E+0 0.00000000E+0 4.50000000E+2 1.12179490E+6 0.00000000E+0 5.71374536E+2 2.93893816E-2 -6.00364501E+2 2.99532831E-3 2.68352032E+0 3.25573367E-3 2.81130672E+0 1.44221448E-2
08 07 2014 14 48 16 291 0.00000000E+0 0.00000000E+0 5.00000000E+2 1.12179940E+6 0.00000000E+0 5.71341738E+2 2.90968973E-2 -5.99810296E+2 4.12981998E-3 2.84466892E+0 4.11464207E-3 3.76014411E+0 9.12594932E-3
08 07 2014 14 48 21 296 0.00000000E+0 0.00000000E+0 5.50000000E+2 1.12180400E+6 0.00000000E+0 5.71321130E+2 2.95513022E-2 -5.98633370E+2 4.94252698E-3 3.03272605E+0 4.32837216E-3 4.49886918E+0 8.09504810E-3
08 07 2014 14 48 25 300 0.00000000E+0 0.00000000E+0 6.00000000E+2 1.12180850E+6 0.00000000E+0 5.71322262E+2 2.65865412E-2 -5.96631000E+2 3.86897408E-3 3.12324762E+0 5.50243124E-3 5.17243147E+0 1.58429904E-2
08 07 2014 14 48 30 305 0.00000000E+0 0.00000000E+0 6.50000000E+2 1.12181300E+6 0.00000000E+0 5.71305871E+2 3.70910416E-2 -5.93428378E+2 3.63207343E-3 2.88920999E+0 3.75431574E-3 5.91916442E+0 1.35953327E-2
08 07 2014 14 48 34 309 0.00000000E+0 0.00000000E+0 7.00000000E+2 1.12181750E+6 0.00000000E+0 5.71295142E+2 3.23149885E-2 -5.88328328E+2 3.33237376E-3 2.49013305E+0 3.56452143E-3 6.86802864E+0 1.00740926E-2
08 07 2014 14 48 39 314 0.00000000E+0 0.00000000E+0 7.50000000E+2 1.12182200E+6 0.00000000E+0 5.71300030E+2 2.85777945E-2 -5.80205722E+2 4.55183729E-3 2.08573341E+0 3.08720687E-3 8.27526450E+0 1.81112852E-2
08 07 2014 14 48 43 318 0.00000000E+0 0.00000000E+0 8.00000000E+2 1.12182650E+6 0.00000000E+0 5.71301818E+2 3.30477918E-2 -5.67239416E+2 4.47162727E-3 1.82858109E+0 2.94777487E-3 1.02130175E+1 1.58594343E-2
08 07 2014 14 48 48 323 0.00000000E+0 0.00000000E+0 8.50000000E+2 1.12183110E+6 0.00000000E+0 5.71291223E+2 3.55481455E-2 -5.46807244E+2 2.60933314E-3 1.64358318E+0 4.25937644E-3 1.28363296E+1 3.38744188E-2
08 07 2014 14 48 52 327 0.00000000E+0 0.00000000E+0 9.00000000E+2 1.12183560E+6 0.00000000E+0 5.71295977E+2 2.40156465E-2 -5.15276020E+2 3.54737683E-3 1.80718899E+0 4.48325035E-3 1.60545170E+1 3.42802884E-2
08 07 2014 14 48 57 332 0.00000000E+0 0.00000000E+0 9.50000000E+2 1.12184010E+6 0.00000000E+0 5.71290925E+2 3.00160335E-2 -4.68556443E+2 3.32936699E-3 2.25032866E+0 2.98670225E-3 1.99213997E+1 3.91417966E-2
08 07 2014 14 49 01 337 0.00000000E+0 0.00000000E+0 1.00000000E+3 1.12184460E+6 0.00000000E+0 5.71278214E+2 3.84105576E-2 -4.04011793E+2 3.05396866E-3 2.69935727E+0 6.36065773E-3 2.39432156E+1 6.47744490E-2
08 07 2014 14 49 06 341 0.00000000E+0 0.00000000E+0 1.05000000E+3 1.12184910E+6 0.00000000E+0 5.71298152E+2 2.64271159E-2 -3.22605491E+2 2.48115744E-3 3.32639366E+0 2.70624123E-3 2.74976119E+1 1.98941563E-2
08 07 2014 14 49 10 346 0.00000000E+0 0.00000000E+0 1.10000000E+3 1.12185370E+6 0.00000000E+0 5.71283042E+2 2.50009897E-2 -2.32649851E+2 3.27415187E-3 4.21041846E+0 2.79663517E-3 2.95444608E+1 2.57110656E-2
08 07 2014 14 49 15 350 0.00000000E+0 0.00000000E+0 1.15000000E+3 1.12185820E+6 0.00000000E+0 5.71281433E+2 2.38525216E-2 -1.48189354E+2 3.49513231E-3 5.05572557E+0 3.24318922E-3 2.97537923E+1 3.79566236E-2
08 07 2014 14 49 19 355 0.00000000E+0 0.00000000E+0 1.20000000E+3 1.12186270E+6 0.00000000E+0 5.71287870E+2 3.02889891E-2 -8.00503016E+1 4.59493643E-3 5.88352084E+0 2.19861252E-3 2.89165020E+1 2.05237811E-2
08 07 2014 14 49 24 359 0.00000000E+0 0.00000000E+0 1.25000000E+3 1.12186720E+6 0.00000000E+0 5.71290433E+2 2.77510338E-2 -3.03719282E+1 3.50799114E-3 6.84205294E+0 2.49669366E-3 2.80677855E+1 7.20198134E-3
08 07 2014 14 49 30 365 -1.00000000E+2 0.00000000E+0 1.25000000E+3 1.12187350E+6 0.00000000E+0 5.71299911E+2 2.72413442E-2 -1.02664530E+1 3.65117123E-2 8.78826380E+0 1.41097572E-2 -6.10669255E+1 6.38193856E-2
08 07 2014 14 49 35 370 -1.00000000E+2 0.00000000E+0 1.20000000E+3 1.12187800E+6 0.00000000E+0 5.71286500E+2 3.09129249E-2 -5.28282166E+1 1.32033214E-2 7.95216560E+0 1.21019077E-2 -1.00656658E+2 2.51059368E-2
08 07 2014 14 49 39 374 -1.00000000E+2 0.00000000E+0 1.15000000E+3 1.12188260E+6 0.00000000E+0 5.71281195E+2 2.88637333E-2 -1.21112365E+2 2.72053880E-2 6.16743565E+0 1.15134595E-2 -1.45856500E+2 7.45772020E-2
08 07 2014 14 49 44 379 -1.00000000E+2 0.00000000E+0 1.10000000E+3 1.12188710E+6 0.00000000E+0 5.71290925E+2 3.20758470E-2 -2.23875433E+2 9.58890360E-3 3.61528993E+0 2.38756100E-3 -1.67720228E+2 7.53320655E-2
08 07 2014 14 49 48 383 -1.00000000E+2 0.00000000E+0 1.05000000E+3 1.12189160E+6 0.00000000E+0 5.71295083E+2 2.95147701E-2 -3.38058186E+2 5.72170604E-3 1.70888901E+0 4.43848329E-3 -1.48360670E+2 4.03958811E-2
08 07 2014 14 49 53 388 -1.00000000E+2 0.00000000E+0 1.00000000E+3 1.12189610E+6 0.00000000E+0 5.71298972E+2 2.39675655E-2 -4.29472438E+2 2.04773458E-2 1.00552291E+0 8.28854326E-3 -1.10687084E+2 7.61241933E-2
08 07 2014 14 49 57 393 -1.00000000E+2 0.00000000E+0 9.50000000E+2 1.12190060E+6 0.00000000E+0 5.71298957E+2 2.28457282E-2 -4.92230937E+2 1.60857278E-2 8.12011957E-1 3.02427153E-3 -7.47264802E+1 4.65217336E-2
08 07 2014 14 50 02 397 -1.00000000E+2 0.00000000E+0 9.00000000E+2 1.12190510E+6 0.00000000E+0 5.71308970E+2 2.62918400E-2 -5.33205662E+2 1.15022582E-2 6.53594732E-1 2.43750819E-3 -4.68068898E+1 2.80805246E-2
08 07 2014 14 50 06 402 -1.00000000E+2 0.00000000E+0 8.50000000E+2 1.12190970E+6 0.00000000E+0 5.71328521E+2 3.12632799E-2 -5.58812797E+2 5.08990825E-3 6.84285164E-1 2.01363622E-3 -2.73410201E+1 1.72515806E-2
08 07 2014 14 50 11 406 -1.00000000E+2 0.00000000E+0 8.00000000E+2 1.12191420E+6 0.00000000E+0 5.71312904E+2 2.88626967E-2 -5.74542770E+2 4.74609895E-3 1.09671950E+0 2.51203703E-3 -1.49872065E+1 1.04356321E-2
08 07 2014 14 50 15 411 -1.00000000E+2 0.00000000E+0 7.50000000E+2 1.12191870E+6 0.00000000E+0 5.71302116E+2 2.94488093E-2 -5.84311430E+2 4.30854624E-3 1.56887770E+0 2.86835955E-3 -7.40146041E+0 7.32086602E-3
08 07 2014 14 50 20 415 -1.00000000E+2 0.00000000E+0 7.00000000E+2 1.12192320E+6 0.00000000E+0 5.71326673E+2 2.65138606E-2 -5.90492055E+2 4.30037817E-3 2.11195350E+0 2.88893108E-3 -2.77154446E+0 1.17062002E-2
08 07 2014 14 50 24 420 -1.00000000E+2 0.00000000E+0 6.50000000E+2 1.12192770E+6 0.00000000E+0 5.71317255E+2 2.35523509E-2 -5.94393981E+2 4.44685720E-3 2.69038081E+0 2.67972608E-3 8.10444355E-2 1.06271500E-2
08 07 2014 14 50 29 424 -1.00000000E+2 0.00000000E+0 6.00000000E+2 1.12193220E+6 0.00000000E+0 5.71304798E+2 2.87265879E-2 -5.96872587E+2 3.56454430E-3 3.07192206E+0 4.61294878E-3 1.83656812E+0 1.06270515E-2
08 07 2014 14 50 33 429 -1.00000000E+2 0.00000000E+0 5.50000000E+2 1.12193680E+6 0.00000000E+0 5.71900010E+2 5.48829005E-2 -5.98550987E+2 3.77752150E-3 3.09313834E+0 2.99303959E-3 3.07471305E+0 9.05320781E-3
08 07 2014 14 50 38 433 -1.00000000E+2 0.00000000E+0 5.00000000E+2 1.12194130E+6 0.00000000E+0 5.72569907E+2 2.99174819E-2 -5.99544270E+2 4.00579885E-3 2.96852589E+0 5.16728649E-3 4.03429866E+0 1.47172610E-2
08 07 2014 14 50 42 438 -1.00000000E+2 0.00000000E+0 4.50000000E+2 1.12194580E+6 0.00000000E+0 5.71916923E+2 2.96212697E-2 -5.99934095E+2 3.49292576E-3 2.76431441E+0 3.15743381E-3 4.72042710E+0 3.08092165E-2
08 07 2014 14 50 47 442 -1.00000000E+2 0.00000000E+0 4.00000000E+2 1.12195030E+6 0.00000000E+0 5.70834577E+2 3.36127810E-2 -5.99869740E+2 3.73473801E-3 2.70407200E+0 3.41372219E-3 4.98654246E+0 3.54753680E-2
08 07 2014 14 50 51 447 -1.00000000E+2 0.00000000E+0 3.50000000E+2 1.12195480E+6 0.00000000E+0 5.69878280E+2 3.63693230E-2 -5.99678876E+2 3.21523213E-3 2.63924599E+0 3.54675184E-3 4.87158895E+0 1.47656136E-2
08 07 2014 14 50 56 451 -1.00000000E+2 0.00000000E+0 3.00000000E+2 1.12195930E+6 0.00000000E+0 5.69741189E+2 2.51203703E-2 -5.99476085E+2 3.73407227E-3 2.56469846E+0 2.44608479E-3 4.74078059E+0 7.18463795E-3
08 07 2014 14 51 00 456 -1.00000000E+2 0.00000000E+0 2.50000000E+2 1.12196390E+6 0.00000000E+0 5.69922090E+2 3.97449827E-2 -5.99259517E+2 3.83673361E-3 2.52050161E+0 3.73874918E-3 4.60754633E+0 2.01947751E-2
08 07 2014 14 51 05 460 -1.00000000E+2 0.00000000E+0 2.00000000E+2 1.12196840E+6 0.00000000E+0 5.69894075E+2 4.63532242E-2 -5.99083002E+2 5.04573635E-3 2.63863206E+0 3.71103445E-3 4.28918004E+0 2.57418529E-2
08 07 2014 14 51 09 465 -1.00000000E+2 0.00000000E+0 1.50000000E+2 1.12197290E+6 0.00000000E+0 5.69814622E+2 5.94391219E-2 -5.99131875E+2 3.93297939E-3 2.74549127E+0 3.52323984E-3 3.99039984E+0 2.13709796E-2
08 07 2014 14 51 14 469 -1.00000000E+2 0.00000000E+0 1.00000000E+2 1.12197740E+6 0.00000000E+0 5.70765376E+2 5.84491611E-2 -5.99365654E+2 4.15004359E-3 2.71503925E+0 4.61037410E-3 4.12244201E+0 3.14734739E-2
08 07 2014 14 51 18 474 -1.00000000E+2 0.00000000E+0 5.00000000E+1 1.12198190E+6 0.00000000E+0 5.71130753E+2 3.35007240E-2 -5.99548736E+2 4.22773567E-3 2.66215205E+0 3.86105524E-3 4.23815846E+0 4.34418616E-2
08 07 2014 14 51 23 478 -1.00000000E+2 0.00000000E+0 0.00000000E+0 1.12198650E+6 0.00000000E+0 5.71179986E+2 2.85273251E-2 -5.99676988E+2 3.58262955E-3 2.77173519E+0 3.35738737E-3 4.32097167E+0 3.37790544E-2
08 07 2014 14 51 29 485 0.00000000E+0 0.00000000E+0 0.00000000E+0 1.12199280E+6 0.00000000E+0 5.71138784E+2 4.08164176E-2 -5.99945962E+2 3.26506388E-3 2.10777670E+0 5.67127572E-3 4.84786183E+0 1.05991689E-1
