Month Day Year Hour Minute Second Time_s x y z Current CurrentError 1Axis 1AxisError Bx BxError By ByError Bz BzError
07 18 2014 15 59 21 9 1.00000000E+2 0.00000000E+0 0.00000000E+0 1.48836220E+6 0.00000000E+0 0.00000000E+0 -0.00000000E+0 5.94007093E+2 5.44344053E-3 -1.47434609E+0 3.08976997E-3 1.93788381E+0 5.50556529E-3
07 18 2014 15 59 24 12 1.00000000E+2 0.00000000E+0 5.00000000E+1 1.48836570E+6 0.00000000E+0 0.00000000E+0 -0.00000000E+0 5.93919015E+2 5.43810760E-2 -1.49502683E+0 1.72063568E-2 1.33201080E+0 3.14812082E-1
07 18 2014 15 59 28 16 1.00000000E+2 0.00000000E+0 1.00000000E+2 1.48836930E+6 0.00000000E+0 0.00000000E+0 -0.00000000E+0 5.93762251E+2 6.79433523E-2 -1.56449369E+0 4.06588474E-2 1.17676728E+0 1.49485404E-1
07 18 2014 15 59 31 19 1.00000000E+2 0.00000000E+0 1.50000000E+2 1.48837280E+6 0.00000000E+0 0.00000000E+0 -0.00000000E+0 5.93593652E+2 6.80913349E-2 -1.61866821E+0 2.12975958E-2 1.37615738E+0 1.82136704E-1
07 18 2014 15 59 35 23 1.00000000E+2 0.00000000E+0 2.00000000E+2 1.48837630E+6 0.00000000E+0 0.00000000E+0 -0.00000000E+0 5.93442212E+2 5.32331886E-2 -1.52121907E+0 6.92331777E-2 1.56425006E+0 1.02997103E-1
07 18 2014 15 59 38 26 1.00000000E+2 0.00000000E+0 2.50000000E+2 1.48837980E+6 0.00000000E+0 0.00000000E+0 -0.00000000E+0 5.93297650E+2 5.89325543E-2 -1.42492643E+0 2.60966241E-2 1.70058813E+0 8.15190093E-2
07 18 2014 15 59 42 30 1.00000000E+2 0.00000000E+0 3.00000000E+2 1.48838330E+6 0.00000000E+0 0.00000000E+0 -0.00000000E+0 5.93179054E+2 3.94737999E-2 -1.41079498E+0 1.33654971E-2 1.83334134E+0 6.99434348E-2
07 18 2014 15 59 45 33 1.00000000E+2 0.00000000E+0 3.50000000E+2 1.48838680E+6 0.00000000E+0 0.00000000E+0 -0.00000000E+0 5.93074646E+2 4.52373628E-2 -1.45252783E+0 2.42553797E-2 1.82276875E+0 5.45862013E-2
07 18 2014 15 59 49 37 1.00000000E+2 0.00000000E+0 4.00000000E+2 1.48839040E+6 0.00000000E+0 0.00000000E+0 -0.00000000E+0 5.92936598E+2 6.32503397E-2 -1.42856854E+0 3.61778933E-2 1.68673316E+0 6.91144159E-2
07 18 2014 15 59 52 40 1.00000000E+2 0.00000000E+0 4.50000000E+2 1.48839390E+6 0.00000000E+0 0.00000000E+0 -0.00000000E+0 5.92710633E+2 1.04619821E-1 -1.34876593E+0 2.98872272E-2 1.46201297E+0 1.17809054E-1
07 18 2014 15 59 56 44 1.00000000E+2 0.00000000E+0 5.00000000E+2 1.48839740E+6 0.00000000E+0 0.00000000E+0 -0.00000000E+0 5.92336264E+2 1.78136251E-1 -1.34394240E+0 1.48960775E-2 1.09060309E+0 1.76170159E-1
07 18 2014 15 59 59 47 1.00000000E+2 0.00000000E+0 5.50000000E+2 1.48840090E+6 0.00000000E+0 0.00000000E+0 -0.00000000E+0 5.91705128E+2 3.00269953E-1 -1.42343658E+0 4.34946001E-2 5.03135450E-1 2.70455525E-1
07 18 2014 16 00 03 51 1.00000000E+2 0.00000000E+0 6.00000000E+2 1.48840440E+6 0.00000000E+0 0.00000000E+0 -0.00000000E+0 5.90650374E+2 5.07944608E-1 -1.53476623E+0 5.13150553E-2 -4.01681928E-1 4.34760079E-1
07 18 2014 16 00 07 54 1.00000000E+2 0.00000000E+0 6.50000000E+2 1.48840790E+6 0.00000000E+0 0.00000000E+0 -0.00000000E+0 5.88894014E+2 8.34543004E-1 -1.57435439E+0 8.72377017E-3 -1.96975381E+0 7.48507602E-1
07 18 2014 16 00 10 58 1.00000000E+2 0.00000000E+0 7.00000000E+2 1.48841150E+6 0.00000000E+0 0.00000000E+0 -0.00000000E+0 5.85954828E+2 1.39451703E+0 -1.56864479E+0 1.40963195E-2 -4.59958190E+0 1.23722737E+0
07 18 2014 16 00 14 62 1.00000000E+2 0.00000000E+0 7.50000000E+2 1.48841500E+6 0.00000000E+0 0.00000000E+0 -0.00000000E+0 5.81033146E+2 2.32378473E+0 -1.51915515E+0 2.50385868E-2 -8.89671383E+0 2.00847304E+0
07 18 2014 16 00 17 65 1.00000000E+2 0.00000000E+0 8.00000000E+2 1.48841850E+6 0.00000000E+0 0.00000000E+0 -0.00000000E+0 5.72835729E+2 3.86799803E+0 -1.38633721E+0 6.72842476E-2 -1.58244498E+1 3.22244404E+0
07 18 2014 16 00 21 69 1.00000000E+2 0.00000000E+0 8.50000000E+2 1.48842200E+6 0.00000000E+0 0.00000000E+0 -0.00000000E+0 5.59297423E+2 6.46307722E+0 -1.13205056E+0 1.29574702E-1 -2.65607460E+1 5.02348859E+0
07 18 2014 16 00 24 72 1.00000000E+2 0.00000000E+0 9.00000000E+2 1.48842550E+6 0.00000000E+0 0.00000000E+0 -0.00000000E+0 5.36983984E+2 1.04870010E+1 -8.25531447E-1 1.08321584E-1 -4.25063799E+1 7.15458972E+0
07 18 2014 16 00 28 76 1.00000000E+2 0.00000000E+0 9.50000000E+2 1.48842900E+6 0.00000000E+0 0.00000000E+0 -0.00000000E+0 5.01637778E+2 1.62802186E+1 -5.75839584E-1 1.18721552E-1 -6.36112832E+1 8.99703175E+0
07 18 2014 16 00 31 79 1.00000000E+2 0.00000000E+0 1.00000000E+3 1.48843250E+6 0.00000000E+0 0.00000000E+0 -0.00000000E+0 4.49880492E+2 2.31670689E+1 -1.54041883E-1 2.08619038E-1 -8.67869908E+1 9.07165304E+0
07 18 2014 16 00 35 83 1.00000000E+2 0.00000000E+0 1.05000000E+3 1.48843610E+6 0.00000000E+0 0.00000000E+0 -0.00000000E+0 3.82329532E+2 2.91503061E+1 5.22515667E-1 2.85443205E-1 -1.05078825E+2 5.89594481E+0
07 18 2014 16 00 38 86 1.00000000E+2 0.00000000E+0 1.10000000E+3 1.48843960E+6 0.00000000E+0 0.00000000E+0 -0.00000000E+0 3.06069927E+2 3.03417092E+1 1.23313826E+0 2.98261900E-1 -1.10224158E+2 1.10561713E+0
07 18 2014 16 00 42 90 1.00000000E+2 0.00000000E+0 1.15000000E+3 1.48844310E+6 0.00000000E+0 0.00000000E+0 -0.00000000E+0 2.35210066E+2 2.60997663E+1 2.15475773E+0 4.28552410E-1 -9.79039651E+1 7.45420038E+0
07 18 2014 16 00 45 93 1.00000000E+2 0.00000000E+0 1.20000000E+3 1.48844660E+6 0.00000000E+0 0.00000000E+0 -0.00000000E+0 1.79861318E+2 1.88818752E+1 3.58859105E+0 6.23745461E-1 -7.28679273E+1 1.10967862E+1
07 18 2014 16 00 49 97 1.00000000E+2 0.00000000E+0 1.25000000E+3 1.48845010E+6 0.00000000E+0 0.00000000E+0 -0.00000000E+0 1.42764962E+2 1.19986433E+1 5.22390640E+0 6.62311974E-1 -4.45024678E+1 1.10256274E+1
