Month Day Year Hour Minute Second Time_s x y z Current CurrentError 1Axis 1AxisError Bx BxError By ByError Bz BzError
08 07 2014 15 23 40 11 1.00000000E+2 0.00000000E+0 0.00000000E+0 1.12392360E+6 0.00000000E+0 5.69710374E+2 3.20785041E-2 -6.00238752E+2 3.64352465E-3 2.20749378E+0 3.64640563E-3 3.31347585E+0 6.45406612E-3
08 07 2014 15 23 45 16 1.00000000E+2 0.00000000E+0 5.00000000E+1 1.12392810E+6 0.00000000E+0 5.71206629E+2 2.93439831E-2 -6.00410020E+2 4.21599431E-3 2.07132697E+0 3.62395311E-3 3.51305008E+0 5.15421395E-3
08 07 2014 15 23 49 20 1.00000000E+2 0.00000000E+0 1.00000000E+2 1.12393260E+6 0.00000000E+0 5.70709288E+2 3.26474385E-2 -6.00490398E+2 5.35238098E-3 2.18536854E+0 4.38098514E-3 3.72918844E+0 5.59757451E-3
08 07 2014 15 23 54 25 1.00000000E+2 0.00000000E+0 1.50000000E+2 1.12393720E+6 0.00000000E+0 5.70940733E+2 2.84071668E-2 -6.00280178E+2 3.93833021E-3 2.31261849E+0 2.66174687E-3 3.94229293E+0 4.85283849E-3
08 07 2014 15 23 58 30 1.00000000E+2 0.00000000E+0 2.00000000E+2 1.12394170E+6 0.00000000E+0 5.71588159E+2 2.95386445E-2 -6.00218508E+2 2.76151904E-3 2.23062634E+0 3.14121508E-3 3.96605134E+0 4.88203426E-3
08 07 2014 15 24 03 34 1.00000000E+2 0.00000000E+0 2.50000000E+2 1.12394620E+6 0.00000000E+0 5.71792200E+2 3.07873040E-2 -6.00453603E+2 4.05681666E-3 2.05167383E+0 3.25122257E-3 3.91309708E+0 3.26670251E-3
08 07 2014 15 24 07 39 1.00000000E+2 0.00000000E+0 3.00000000E+2 1.12395070E+6 0.00000000E+0 5.72459579E+2 3.17617087E-2 -6.00714869E+2 4.09834460E-3 2.10670233E+0 3.67633246E-3 4.02345657E+0 6.80407044E-3
08 07 2014 15 24 12 43 1.00000000E+2 0.00000000E+0 3.50000000E+2 1.12395520E+6 0.00000000E+0 5.71880117E+2 3.12174170E-2 -6.00753266E+2 3.57222327E-3 2.37067789E+0 2.40622457E-3 4.34892625E+0 6.25138315E-3
08 07 2014 15 24 16 48 1.00000000E+2 0.00000000E+0 4.00000000E+2 1.12395970E+6 0.00000000E+0 5.70427477E+2 3.68908175E-2 -6.00795689E+2 3.65587303E-3 2.62973905E+0 2.78961937E-3 4.69511151E+0 4.75147589E-3
08 07 2014 15 24 21 52 1.00000000E+2 0.00000000E+0 4.50000000E+2 1.12396430E+6 0.00000000E+0 5.70319057E+2 2.93358893E-2 -6.00880070E+2 3.75918732E-3 2.81926990E+0 3.15395170E-3 5.37925363E+0 5.49064377E-3
08 07 2014 15 24 25 57 1.00000000E+2 0.00000000E+0 5.00000000E+2 1.12396880E+6 0.00000000E+0 5.70315838E+2 2.90419811E-2 -6.00688248E+2 4.35606091E-3 3.17267776E+0 4.83647374E-3 6.67357445E+0 5.04399817E-3
08 07 2014 15 24 30 61 1.00000000E+2 0.00000000E+0 5.50000000E+2 1.12397330E+6 0.00000000E+0 5.70297241E+2 3.27406049E-2 -5.99927585E+2 4.46226141E-3 3.48242521E+0 3.46044282E-3 8.14579725E+0 3.95786558E-3
08 07 2014 15 24 34 66 1.00000000E+2 0.00000000E+0 6.00000000E+2 1.12397780E+6 0.00000000E+0 5.70297718E+2 2.44196106E-2 -5.98871050E+2 4.71315538E-3 3.54696512E+0 3.19542227E-3 9.72225666E+0 5.23058665E-3
08 07 2014 15 24 39 70 1.00000000E+2 0.00000000E+0 6.50000000E+2 1.12398230E+6 0.00000000E+0 5.70300400E+2 3.62680015E-2 -5.97362320E+2 3.56366711E-3 3.39246988E+0 3.34321127E-3 1.23531520E+1 6.28633090E-3
08 07 2014 15 24 43 75 1.00000000E+2 0.00000000E+0 7.00000000E+2 1.12398680E+6 0.00000000E+0 5.70299268E+2 3.64712347E-2 -5.94850082E+2 4.84800105E-3 3.02441120E+0 1.97152052E-3 1.69727564E+1 4.62077751E-3
08 07 2014 15 24 48 79 1.00000000E+2 0.00000000E+0 7.50000000E+2 1.12399140E+6 0.00000000E+0 5.70288658E+2 2.90373450E-2 -5.90236552E+2 5.16006213E-3 2.74218917E+0 2.95775495E-3 2.43579984E+1 5.37425250E-3
08 07 2014 15 24 52 84 1.00000000E+2 0.00000000E+0 8.00000000E+2 1.12399590E+6 0.00000000E+0 5.69708571E+2 2.50215301E-2 -5.82371050E+2 6.61822663E-3 2.46594846E+0 3.11616974E-3 3.57614011E+1 1.34189547E-2
08 07 2014 15 24 57 88 1.00000000E+2 0.00000000E+0 8.50000000E+2 1.12400040E+6 0.00000000E+0 5.69547355E+2 3.27873455E-2 -5.68911467E+2 7.24035221E-3 2.10838914E+0 4.48172777E-3 5.34592807E+1 1.34009524E-2
08 07 2014 15 25 01 93 1.00000000E+2 0.00000000E+0 9.00000000E+2 1.12400490E+6 0.00000000E+0 5.69626540E+2 3.05785964E-2 -5.45458931E+2 1.14714887E-2 2.02407688E+0 4.46702913E-3 7.98497349E+1 2.59077698E-2
08 07 2014 15 25 06 97 1.00000000E+2 0.00000000E+0 9.50000000E+2 1.12400940E+6 0.00000000E+0 5.69733143E+2 2.52780510E-2 -5.05769246E+2 2.66818957E-2 2.28113532E+0 4.30953058E-3 1.16473901E+2 6.30863127E-2
08 07 2014 15 25 10 102 1.00000000E+2 0.00000000E+0 1.00000000E+3 1.12401390E+6 0.00000000E+0 5.69927871E+2 3.07989982E-2 -4.42591443E+2 2.19933155E-2 2.42865682E+0 3.69244577E-3 1.62011045E+2 6.61376236E-2
08 07 2014 15 25 15 106 1.00000000E+2 0.00000000E+0 1.05000000E+3 1.12401850E+6 0.00000000E+0 5.70051074E+2 2.87965409E-2 -3.46150523E+2 1.12945260E-2 2.91807652E+0 5.62852851E-3 2.10035658E+2 8.99105413E-2
08 07 2014 15 25 20 111 1.00000000E+2 0.00000000E+0 1.10000000E+3 1.12402300E+6 0.00000000E+0 5.70151746E+2 2.03428442E-2 -2.20022923E+2 4.96530962E-3 4.36178446E+0 5.55801727E-3 2.35358089E+2 2.82050520E-2
08 07 2014 15 25 24 115 1.00000000E+2 0.00000000E+0 1.15000000E+3 1.12402750E+6 0.00000000E+0 5.70148408E+2 2.61840158E-2 -1.10871530E+2 7.84435456E-3 5.94524741E+0 6.63157381E-3 2.09304547E+2 1.88450561E-2
08 07 2014 15 25 29 120 1.00000000E+2 0.00000000E+0 1.20000000E+3 1.12403200E+6 0.00000000E+0 5.70156991E+2 3.41873039E-2 -4.45918679E+1 8.11223606E-3 6.79441094E+0 5.25094861E-3 1.57852054E+2 1.17694491E-2
08 07 2014 15 25 33 124 1.00000000E+2 0.00000000E+0 1.25000000E+3 1.12403650E+6 0.00000000E+0 5.70154041E+2 2.82432109E-2 -5.40593266E+0 5.34194194E-3 7.38494098E+0 5.41510740E-3 1.15858711E+2 9.15381619E-3
08 07 2014 15 27 35 246 0.00000000E+0 0.00000000E+0 0.00000000E+0 1.12415800E+6 0.00000000E+0 5.70240468E+2 1.90778320E-2 -5.99869096E+2 4.93310261E-3 2.28553265E+0 3.62860460E-3 4.71524149E+0 1.20554799E-1
08 07 2014 15 27 39 250 0.00000000E+0 0.00000000E+0 5.00000000E+1 1.12416250E+6 0.00000000E+0 5.70452094E+2 4.89314794E-2 -5.99801652E+2 4.53158465E-3 2.11151242E+0 7.20478480E-3 4.56203818E+0 7.42002120E-2
08 07 2014 15 27 44 255 0.00000000E+0 0.00000000E+0 1.00000000E+2 1.12416700E+6 0.00000000E+0 5.71669698E+2 2.78286138E-2 -5.99728968E+2 3.55227176E-3 2.07607746E+0 5.41988773E-3 4.35108542E+0 4.57011211E-2
08 07 2014 15 27 48 259 0.00000000E+0 0.00000000E+0 1.50000000E+2 1.12417150E+6 0.00000000E+0 5.71434796E+2 3.12416811E-2 -5.99675119E+2 4.83889566E-3 2.12855339E+0 4.56242927E-3 4.12455201E+0 3.07898021E-2
08 07 2014 15 27 53 264 0.00000000E+0 0.00000000E+0 2.00000000E+2 1.12417610E+6 0.00000000E+0 5.72059035E+2 3.14659760E-2 -5.99716740E+2 3.77725750E-3 2.01398134E+0 4.64288388E-3 3.74086499E+0 4.86858567E-2
08 07 2014 15 27 57 268 0.00000000E+0 0.00000000E+0 2.50000000E+2 1.12418060E+6 0.00000000E+0 5.72767019E+2 3.42426643E-2 -5.99884970E+2 3.22280861E-3 1.90869570E+0 3.51937940E-3 3.47341895E+0 1.18038600E-2
08 07 2014 15 28 02 273 0.00000000E+0 0.00000000E+0 3.00000000E+2 1.12418510E+6 0.00000000E+0 5.71055889E+2 3.51007998E-2 -6.00128634E+2 3.62159313E-3 1.94252133E+0 3.11712167E-3 3.16280127E+0 1.65440262E-2
08 07 2014 15 28 06 277 0.00000000E+0 0.00000000E+0 3.50000000E+2 1.12418960E+6 0.00000000E+0 5.70635498E+2 4.94021476E-2 -6.00366175E+2 4.46697426E-3 2.11387873E+0 2.58659436E-3 2.91123241E+0 1.45192947E-2
08 07 2014 15 28 11 282 0.00000000E+0 0.00000000E+0 4.00000000E+2 1.12419410E+6 0.00000000E+0 5.70589542E+2 3.03472097E-2 -6.00479913E+2 4.17057876E-3 2.39065886E+0 3.45156971E-3 2.39739418E+0 1.65449800E-2
08 07 2014 15 28 15 286 0.00000000E+0 0.00000000E+0 4.50000000E+2 1.12419860E+6 0.00000000E+0 5.70559278E+2 2.80254887E-2 -6.00347620E+2 3.74215916E-3 2.69195437E+0 2.50679875E-3 2.72005796E+0 1.29477606E-2
08 07 2014 15 28 20 291 0.00000000E+0 0.00000000E+0 5.00000000E+2 1.12420320E+6 0.00000000E+0 5.70544481E+2 3.27323799E-2 -5.99795907E+2 4.67247338E-3 2.92359591E+0 3.49908898E-3 3.47454548E+0 7.08715334E-3
08 07 2014 15 28 24 296 0.00000000E+0 0.00000000E+0 5.50000000E+2 1.12420770E+6 0.00000000E+0 5.70523366E+2 2.73773981E-2 -5.98615026E+2 3.78950063E-3 3.07993591E+0 4.38238059E-3 4.29140031E+0 8.77582000E-3
08 07 2014 15 28 29 300 0.00000000E+0 0.00000000E+0 6.00000000E+2 1.12421220E+6 0.00000000E+0 5.70512652E+2 2.29860736E-2 -5.96608407E+2 4.11060109E-3 3.10662985E+0 5.88139999E-3 5.08660078E+0 1.62753829E-2
08 07 2014 15 28 33 305 0.00000000E+0 0.00000000E+0 6.50000000E+2 1.12421670E+6 0.00000000E+0 5.70508420E+2 2.84063111E-2 -5.93406043E+2 4.63205800E-3 2.91271806E+0 2.61640129E-3 5.95442653E+0 1.32745438E-2
08 07 2014 15 28 38 309 0.00000000E+0 0.00000000E+0 7.00000000E+2 1.12422120E+6 0.00000000E+0 5.70496798E+2 3.50175986E-2 -5.88302402E+2 4.20082441E-3 2.54679918E+0 3.81604989E-3 6.94971085E+0 1.86543304E-2
08 07 2014 15 28 42 314 0.00000000E+0 0.00000000E+0 7.50000000E+2 1.12422580E+6 0.00000000E+0 5.70489228E+2 3.31661154E-2 -5.80151234E+2 4.62470203E-3 2.20437050E+0 5.27781863E-3 8.34776759E+0 2.34603880E-2
08 07 2014 15 28 47 318 0.00000000E+0 0.00000000E+0 8.00000000E+2 1.12423030E+6 0.00000000E+0 5.70498765E+2 2.82378257E-2 -5.67175307E+2 4.64977294E-3 1.95580721E+0 3.29875355E-3 1.03434861E+1 1.53250375E-2
08 07 2014 15 28 51 323 0.00000000E+0 0.00000000E+0 8.50000000E+2 1.12423480E+6 0.00000000E+0 5.70502281E+2 2.95414297E-2 -5.46724701E+2 4.62347015E-3 1.76203847E+0 3.75571003E-3 1.29865229E+1 3.94454169E-2
08 07 2014 15 28 56 327 0.00000000E+0 0.00000000E+0 9.00000000E+2 1.12423930E+6 0.00000000E+0 5.70492074E+2 3.16386897E-2 -5.15167338E+2 5.55493459E-3 1.90538913E+0 4.11918697E-3 1.62349120E+1 3.36016491E-2
08 07 2014 15 29 00 332 0.00000000E+0 0.00000000E+0 9.50000000E+2 1.12424380E+6 0.00000000E+0 5.70478261E+2 3.59281994E-2 -4.68440251E+2 4.80589159E-3 2.36041546E+0 3.99389044E-3 2.01565146E+1 3.65472573E-2
08 07 2014 15 29 05 336 0.00000000E+0 0.00000000E+0 1.00000000E+3 1.12424830E+6 0.00000000E+0 5.70484698E+2 3.46692096E-2 -4.03863761E+2 3.57033846E-3 2.81644613E+0 1.07529571E-2 2.41778120E+1 2.42416409E-2
08 07 2014 15 29 09 341 0.00000000E+0 0.00000000E+0 1.05000000E+3 1.12425290E+6 0.00000000E+0 5.70499659E+2 3.01295436E-2 -3.22416699E+2 4.51342839E-3 3.42136621E+0 6.29009248E-3 2.77099013E+1 7.27269796E-2
08 07 2014 15 29 14 345 0.00000000E+0 0.00000000E+0 1.10000000E+3 1.12425740E+6 0.00000000E+0 5.70501462E+2 2.88105901E-2 -2.32433662E+2 3.95081839E-3 4.32053208E+0 4.22041293E-3 2.96190158E+1 7.79654116E-2
08 07 2014 15 29 18 350 0.00000000E+0 0.00000000E+0 1.15000000E+3 1.12426190E+6 0.00000000E+0 5.70494533E+2 2.37648750E-2 -1.47978401E+2 3.60037400E-3 5.10864854E+0 3.55371985E-3 2.98619151E+1 3.59338280E-2
08 07 2014 15 29 23 354 0.00000000E+0 0.00000000E+0 1.20000000E+3 1.12426640E+6 0.00000000E+0 5.70494354E+2 2.48473456E-2 -7.98514545E+1 2.29905472E-3 5.90636134E+0 2.49284869E-3 2.90743113E+1 1.65784171E-2
08 07 2014 15 29 27 359 0.00000000E+0 0.00000000E+0 1.25000000E+3 1.12427090E+6 0.00000000E+0 5.70516646E+2 2.88198425E-2 -3.01447570E+1 2.58511199E-3 6.85185194E+0 2.47817131E-3 2.82745838E+1 1.35664152E-2
08 07 2014 15 29 34 365 -1.00000000E+2 0.00000000E+0 1.25000000E+3 1.12427720E+6 0.00000000E+0 5.70520282E+2 2.83050891E-2 -9.98061299E+0 3.35005560E-2 8.67096186E+0 8.12706654E-3 -6.08804584E+1 5.80234751E-2
08 07 2014 15 29 38 370 -1.00000000E+2 0.00000000E+0 1.20000000E+3 1.12428180E+6 0.00000000E+0 5.70492268E+2 2.52182114E-2 -5.25520861E+1 2.65926108E-2 7.78481960E+0 1.03465943E-2 -1.00483876E+2 5.04624605E-2
08 07 2014 15 29 43 374 -1.00000000E+2 0.00000000E+0 1.15000000E+3 1.12428630E+6 0.00000000E+0 5.70504069E+2 3.68636905E-2 -1.20857638E+2 3.09525981E-2 5.94755411E+0 1.31203834E-2 -1.45777017E+2 8.15110427E-2
08 07 2014 15 29 47 379 -1.00000000E+2 0.00000000E+0 1.10000000E+3 1.12429080E+6 0.00000000E+0 5.70502222E+2 1.90675053E-2 -2.23655635E+2 8.73213453E-3 3.34609747E+0 2.89839772E-3 -1.67690420E+2 6.68341912E-2
08 07 2014 15 29 52 383 -1.00000000E+2 0.00000000E+0 1.05000000E+3 1.12429530E+6 0.00000000E+0 5.70516810E+2 3.30684041E-2 -3.37888390E+2 4.58431667E-3 1.35500729E+0 3.36721405E-3 -1.48381099E+2 3.05182883E-2
08 07 2014 15 29 56 388 -1.00000000E+2 0.00000000E+0 1.00000000E+3 1.12429980E+6 0.00000000E+0 5.70494890E+2 2.78917024E-2 -4.29358397E+2 2.70032730E-2 5.80519438E-1 7.08973583E-3 -1.10696644E+2 1.01551150E-1
08 07 2014 15 30 01 392 -1.00000000E+2 0.00000000E+0 9.50000000E+2 1.12430440E+6 0.00000000E+0 5.70513234E+2 2.19259502E-2 -4.92150980E+2 9.03354751E-3 3.87832522E-1 3.35198632E-3 -7.47215375E+1 1.79319577E-2
08 07 2014 15 30 05 397 -1.00000000E+2 0.00000000E+0 9.00000000E+2 1.12430890E+6 0.00000000E+0 5.70538580E+2 3.23510172E-2 -5.33132765E+2 1.98074498E-2 1.93625689E-1 7.09869733E-3 -4.67638731E+1 5.34441996E-2
08 07 2014 15 30 10 401 -1.00000000E+2 0.00000000E+0 8.50000000E+2 1.12431340E+6 0.00000000E+0 5.70522547E+2 3.56034864E-2 -5.58748347E+2 8.56218402E-3 2.50980258E-1 3.48120382E-3 -2.73021758E+1 2.83174468E-2
08 07 2014 15 30 14 406 -1.00000000E+2 0.00000000E+0 8.00000000E+2 1.12431790E+6 0.00000000E+0 5.70517123E+2 2.65279616E-2 -5.74484625E+2 5.40980663E-3 6.55895472E-1 2.62131357E-3 -1.49478614E+1 9.05436281E-3
08 07 2014 15 30 19 410 -1.00000000E+2 0.00000000E+0 7.50000000E+2 1.12432240E+6 0.00000000E+0 5.70518970E+2 2.88937764E-2 -5.84255764E+2 5.44714797E-3 1.11525059E+0 1.83475532E-3 -7.38477111E+0 7.71542203E-3
08 07 2014 15 30 23 415 -1.00000000E+2 0.00000000E+0 7.00000000E+2 1.12432690E+6 0.00000000E+0 5.70533812E+2 2.48960621E-2 -5.90450075E+2 4.25300465E-3 1.66575909E+0 3.98582966E-3 -2.75899172E+0 1.61127341E-2
08 07 2014 15 30 28 419 -1.00000000E+2 0.00000000E+0 6.50000000E+2 1.12433150E+6 0.00000000E+0 5.70541501E+2 2.77554131E-2 -5.94348974E+2 4.48745650E-3 2.24142075E+0 3.87662266E-3 6.61730766E-2 2.11673011E-2
08 07 2014 15 30 33 424 -1.00000000E+2 0.00000000E+0 6.00000000E+2 1.12433600E+6 0.00000000E+0 5.70526302E+2 2.13748151E-2 -5.96837907E+2 4.65115737E-3 2.65328288E+0 4.24126888E-3 1.76765323E+0 1.05941609E-2
08 07 2014 15 30 37 428 -1.00000000E+2 0.00000000E+0 5.50000000E+2 1.12434050E+6 0.00000000E+0 5.70530951E+2 5.15901130E-2 -5.98515372E+2 4.19582190E-3 2.73190737E+0 6.84935191E-3 3.01440358E+0 1.75421847E-2
08 07 2014 15 30 42 433 -1.00000000E+2 0.00000000E+0 5.00000000E+2 1.12434500E+6 0.00000000E+0 5.71573898E+2 3.27842705E-2 -5.99524873E+2 4.52246381E-3 2.57409364E+0 5.51780965E-3 3.96467745E+0 1.44962859E-2
08 07 2014 15 30 46 437 -1.00000000E+2 0.00000000E+0 4.50000000E+2 1.12434950E+6 0.00000000E+0 5.70760965E+2 2.40386819E-2 -5.99931953E+2 5.74359840E-3 2.35999227E+0 5.35674062E-3 4.64770794E+0 2.96973740E-2
08 07 2014 15 30 51 442 -1.00000000E+2 0.00000000E+0 4.00000000E+2 1.12435400E+6 0.00000000E+0 5.69543764E+2 3.50658234E-2 -5.99865669E+2 4.50745652E-3 2.26082653E+0 4.68604601E-3 4.88833338E+0 4.13526634E-2
08 07 2014 15 30 55 446 -1.00000000E+2 0.00000000E+0 3.50000000E+2 1.12435860E+6 0.00000000E+0 5.68935215E+2 2.28174736E-2 -5.99683912E+2 4.31015690E-3 2.18409896E+0 4.09378162E-3 4.75558043E+0 1.22462053E-2
08 07 2014 15 31 00 451 -1.00000000E+2 0.00000000E+0 3.00000000E+2 1.12436310E+6 0.00000000E+0 5.68132773E+2 2.53656108E-2 -5.99485621E+2 5.09532634E-3 2.07950920E+0 3.28153208E-3 4.62224334E+0 8.94024305E-3
08 07 2014 15 31 04 455 -1.00000000E+2 0.00000000E+0 2.50000000E+2 1.12436760E+6 0.00000000E+0 5.68297803E+2 2.57130320E-2 -5.99273703E+2 4.87422097E-3 2.01466084E+0 3.99935502E-3 4.49109077E+0 9.70998380E-3
08 07 2014 15 31 09 460 -1.00000000E+2 0.00000000E+0 2.00000000E+2 1.12437210E+6 0.00000000E+0 5.68599164E+2 1.04298878E-1 -5.99082165E+2 4.26289556E-3 2.13773847E+0 3.35379321E-3 4.19992805E+0 1.99230102E-2
08 07 2014 15 31 13 464 -1.00000000E+2 0.00000000E+0 1.50000000E+2 1.12437660E+6 0.00000000E+0 5.68781435E+2 9.13410590E-2 -5.99117916E+2 5.52995381E-3 2.24751234E+0 2.76382134E-3 3.91312838E+0 1.44258588E-2
08 07 2014 15 31 18 469 -1.00000000E+2 0.00000000E+0 1.00000000E+2 1.12438110E+6 0.00000000E+0 5.70125461E+2 7.80720501E-2 -5.99324701E+2 4.87961935E-3 2.20260024E+0 7.29706363E-3 4.06696796E+0 2.44359486E-2
08 07 2014 15 31 22 474 -1.00000000E+2 0.00000000E+0 5.00000000E+1 1.12438570E+6 0.00000000E+0 5.70297360E+2 2.66332700E-2 -5.99476371E+2 4.37422882E-3 2.17001438E+0 2.66150099E-3 4.16523218E+0 5.38717221E-2
08 07 2014 15 31 27 478 -1.00000000E+2 0.00000000E+0 0.00000000E+0 1.12439020E+6 0.00000000E+0 5.70339024E+2 3.53916786E-2 -5.99583902E+2 4.02425821E-3 2.32512355E+0 4.77878710E-3 4.23840880E+0 3.38395342E-2
08 07 2014 15 31 32 484 -6.99544765E+1 -7.00453858E+1 0.00000000E+0 1.12439570E+6 0.00000000E+0 5.70754945E+2 2.14523558E-2 -5.99686067E+2 4.42601676E-3 2.71180272E+0 6.71090571E-3 4.16143537E+0 1.73711220E-1
08 07 2014 15 31 37 488 -6.99544765E+1 -7.00453858E+1 5.00000000E+1 1.12440020E+6 0.00000000E+0 5.67477345E+2 6.63419271E-2 -5.99563475E+2 4.24779385E-3 2.32796073E+0 5.27454048E-3 3.79301310E+0 7.26209585E-2
08 07 2014 15 31 41 493 -6.99544765E+1 -7.00453858E+1 1.00000000E+2 1.12440470E+6 0.00000000E+0 5.66816151E+2 5.21421329E-2 -5.99438686E+2 4.82352633E-3 2.21005678E+0 4.47999599E-3 3.77166867E+0 2.36915088E-2
08 07 2014 15 31 46 497 -6.99544765E+1 -7.00453858E+1 1.50000000E+2 1.12440920E+6 0.00000000E+0 5.67066312E+2 3.49485411E-2 -5.99186354E+2 3.88197178E-3 2.02426910E+0 8.42205516E-3 3.27216387E+0 2.55409653E-2
08 07 2014 15 31 50 502 -6.99544765E+1 -7.00453858E+1 2.00000000E+2 1.12441380E+6 0.00000000E+0 5.67347586E+2 3.55472995E-2 -5.99077702E+2 5.75678303E-3 1.71070099E+0 6.34300969E-3 3.43809724E+0 2.96791512E-2
08 07 2014 15 31 55 506 -6.99544765E+1 -7.00453858E+1 2.50000000E+2 1.12441830E+6 0.00000000E+0 5.68083227E+2 3.71925342E-2 -5.99319774E+2 4.63884791E-3 1.54302269E+0 4.42183851E-3 3.84466350E+0 3.20413600E-2
08 07 2014 15 31 59 511 -6.99544765E+1 -7.00453858E+1 3.00000000E+2 1.12442280E+6 0.00000000E+0 5.68030894E+2 2.43456068E-2 -5.99666314E+2 6.04365469E-3 1.81428790E+0 2.94939830E-3 4.28359509E+0 1.28449061E-2
08 07 2014 15 32 04 515 -6.99544765E+1 -7.00453858E+1 3.50000000E+2 1.12442730E+6 0.00000000E+0 5.67387342E+2 3.13016144E-2 -6.00001094E+2 7.55426989E-3 2.34233588E+0 3.39093159E-3 4.67866659E+0 8.09172660E-3
08 07 2014 15 32 08 520 -6.99544765E+1 -7.00453858E+1 4.00000000E+2 1.12443180E+6 0.00000000E+0 5.66492975E+2 3.72740410E-2 -6.00312731E+2 9.00813120E-3 2.88358927E+0 5.25775634E-3 5.04860282E+0 1.05715875E-2
08 07 2014 15 32 13 524 -6.99544765E+1 -7.00453858E+1 4.50000000E+2 1.12443630E+6 0.00000000E+0 5.64768553E+2 2.20409121E-2 -6.00473337E+2 5.09680473E-3 3.43644619E+0 6.67336699E-3 5.06988764E+0 1.86163501E-2
08 07 2014 15 32 17 529 -6.99544765E+1 -7.00453858E+1 5.00000000E+2 1.12444090E+6 0.00000000E+0 5.65211952E+2 2.46175120E-2 -6.00098596E+2 5.62019000E-3 4.05799150E+0 6.60270860E-3 4.34562564E+0 7.35230634E-3
08 07 2014 15 32 22 533 -6.99544765E+1 -7.00453858E+1 5.50000000E+2 1.12444540E+6 0.00000000E+0 5.65368116E+2 3.45939979E-2 -5.98941236E+2 8.44546632E-3 4.40084338E+0 6.86533903E-3 3.19272280E+0 1.52969990E-2
08 07 2014 15 32 26 538 -6.99544765E+1 -7.00453858E+1 6.00000000E+2 1.12444990E+6 0.00000000E+0 5.66596270E+2 2.64147309E-2 -5.96929440E+2 6.14412540E-3 4.21998501E+0 5.79382708E-3 1.87014341E+0 5.49818862E-3
08 07 2014 15 32 31 542 -6.99544765E+1 -7.00453858E+1 6.50000000E+2 1.12445440E+6 0.00000000E+0 5.69796026E+2 5.83984333E-2 -5.93886731E+2 5.80251057E-3 3.64292860E+0 4.95330850E-3 4.55373526E-1 1.10020127E-2
08 07 2014 15 32 35 547 -6.99544765E+1 -7.00453858E+1 7.00000000E+2 1.12445890E+6 0.00000000E+0 5.69918990E+2 2.56029165E-2 -5.89342585E+2 5.79419576E-3 3.00022364E+0 3.36088311E-3 -1.43786073E+0 1.12322918E-2
08 07 2014 15 32 40 551 -6.99544765E+1 -7.00453858E+1 7.50000000E+2 1.12446350E+6 0.00000000E+0 5.69980204E+2 2.19691093E-2 -5.82294583E+2 6.89457030E-3 2.62687802E+0 2.87049044E-3 -4.51698899E+0 1.14489190E-2
08 07 2014 15 32 45 556 -6.99544765E+1 -7.00453858E+1 8.00000000E+2 1.12446800E+6 0.00000000E+0 5.70021495E+2 3.28917383E-2 -5.71369663E+2 5.11735272E-3 2.62910128E+0 3.00728913E-3 -9.47182626E+0 9.72726072E-3
08 07 2014 15 32 49 560 -6.99544765E+1 -7.00453858E+1 8.50000000E+2 1.12447250E+6 0.00000000E+0 5.70050895E+2 2.10610871E-2 -5.54160600E+2 8.32673926E-3 3.24483514E+0 5.90046689E-3 -1.76464379E+1 2.45781346E-2
08 07 2014 15 32 54 565 -6.99544765E+1 -7.00453858E+1 9.00000000E+2 1.12447700E+6 0.00000000E+0 5.70067689E+2 3.43548095E-2 -5.26673141E+2 5.89606061E-3 4.84883785E+0 5.73857886E-3 -3.10960039E+1 1.92338056E-2
08 07 2014 15 32 58 569 -6.99544765E+1 -7.00453858E+1 9.50000000E+2 1.12448150E+6 0.00000000E+0 5.70071042E+2 3.09409784E-2 -4.83681867E+2 1.49576410E-2 6.97679520E+0 6.38086554E-3 -5.09015024E+1 3.80815647E-2
08 07 2014 15 33 03 574 -6.99544765E+1 -7.00453858E+1 1.00000000E+3 1.12448600E+6 0.00000000E+0 5.70078269E+2 2.67224536E-2 -4.19983321E+2 1.74378149E-2 8.56520236E+0 1.23850650E-2 -7.65180662E+1 4.09644118E-2
08 07 2014 15 33 07 578 -6.99544765E+1 -7.00453858E+1 1.05000000E+3 1.12449060E+6 0.00000000E+0 5.70087790E+2 1.74820802E-2 -3.31531256E+2 1.11505301E-2 8.28257203E+0 7.78062042E-3 -1.03108352E+2 1.02243893E-1
08 07 2014 15 33 12 583 -6.99544765E+1 -7.00453858E+1 1.10000000E+3 1.12449510E+6 0.00000000E+0 5.70105255E+2 2.59694726E-2 -2.25560927E+2 9.59581975E-3 3.77559662E+0 3.31063569E-3 -1.16118151E+2 5.29799028E-2
08 07 2014 15 33 16 587 -6.99544765E+1 -7.00453858E+1 1.15000000E+3 1.12449960E+6 0.00000000E+0 5.70101380E+2 3.22552184E-2 -1.29368383E+2 1.45564501E-2 -3.24879289E+0 1.33566646E-2 -9.92214918E+1 2.75887976E-2
08 07 2014 15 33 21 592 -6.99544765E+1 -7.00453858E+1 1.20000000E+3 1.12450410E+6 0.00000000E+0 5.70124984E+2 2.75677629E-2 -6.12797260E+1 1.91944843E-2 -5.16344309E+0 8.82631044E-3 -6.58262312E+1 4.55959802E-2
08 07 2014 15 33 25 596 -6.99544765E+1 -7.00453858E+1 1.25000000E+3 1.12450860E+6 0.00000000E+0 5.70154250E+2 3.24110722E-2 -1.66080773E+1 9.23523003E-3 -2.14891434E+0 6.24185697E-3 -3.67842078E+1 1.75105549E-2
08 07 2014 15 33 33 604 6.99544765E+1 -7.00453858E+1 1.25000000E+3 1.12451640E+6 0.00000000E+0 5.70175409E+2 2.33780776E-2 -1.58596814E+1 1.66292866E-2 1.49731696E+1 7.83356095E-3 8.64798307E+1 4.70600851E-2
08 07 2014 15 33 37 609 6.99544765E+1 -7.00453858E+1 1.20000000E+3 1.12452090E+6 0.00000000E+0 5.70281863E+2 3.38611375E-2 -5.97931206E+1 3.96250693E-3 1.63395464E+1 3.24110722E-3 1.13623506E+2 6.26303930E-3
08 07 2014 15 33 42 613 6.99544765E+1 -7.00453858E+1 1.15000000E+3 1.12452540E+6 0.00000000E+0 5.69591820E+2 2.36050078E-2 -1.27443480E+2 3.31569244E-3 1.19873226E+1 4.14480278E-3 1.45436400E+2 1.06716917E-2
08 07 2014 15 33 46 618 6.99544765E+1 -7.00453858E+1 1.10000000E+3 1.12452990E+6 0.00000000E+0 5.69610238E+2 3.55721714E-2 -2.25557691E+2 8.71799021E-3 6.14112616E-1 4.40072333E-3 1.61733663E+2 4.74474742E-2
08 07 2014 15 33 51 622 6.99544765E+1 -7.00453858E+1 1.05000000E+3 1.12453440E+6 0.00000000E+0 5.69613814E+2 4.94033588E-2 -3.35055602E+2 6.30866221E-3 -7.39281774E+0 3.51158722E-3 1.41983414E+2 1.27176403E-2
08 07 2014 15 33 55 627 6.99544765E+1 -7.00453858E+1 1.00000000E+3 1.12453890E+6 0.00000000E+0 5.69598675E+2 5.37914445E-2 -4.25867686E+2 2.00035222E-2 -9.41421837E+0 5.39413254E-3 1.13228410E+2 5.53932531E-2
08 07 2014 15 34 00 631 6.99544765E+1 -7.00453858E+1 9.50000000E+2 1.12454350E+6 0.00000000E+0 5.69449306E+2 5.07947618E-2 -4.89770732E+2 7.08818919E-3 -8.34881663E+0 4.57766204E-3 8.18340600E+1 5.36327113E-3
08 07 2014 15 34 05 636 6.99544765E+1 -7.00453858E+1 9.00000000E+2 1.12454800E+6 0.00000000E+0 5.69702834E+2 2.78513825E-2 -5.32468340E+2 4.72407328E-3 -6.55154884E+0 2.21736756E-3 5.65246046E+1 6.03556998E-3
08 07 2014 15 34 09 640 6.99544765E+1 -7.00453858E+1 8.50000000E+2 1.12455250E+6 0.00000000E+0 5.69728732E+2 3.08708574E-2 -5.59460802E+2 5.97379899E-3 -4.51585650E+0 2.70401031E-3 3.78508449E+1 5.33385241E-3
08 07 2014 15 34 14 645 6.99544765E+1 -7.00453858E+1 8.00000000E+2 1.12455700E+6 0.00000000E+0 5.69737852E+2 2.55248961E-2 -5.75903425E+2 4.07332520E-3 -2.33676285E+0 3.08971185E-3 2.51458958E+1 5.96467009E-3
08 07 2014 15 34 18 649 6.99544765E+1 -7.00453858E+1 7.50000000E+2 1.12456150E+6 0.00000000E+0 5.69741964E+2 2.65283140E-2 -5.85909870E+2 4.56490007E-3 -7.91627169E-1 4.65330703E-3 1.71326280E+1 4.71900495E-3
08 07 2014 15 34 23 654 6.99544765E+1 -7.00453858E+1 7.00000000E+2 1.12456600E+6 0.00000000E+0 5.69760561E+2 3.17916012E-2 -5.92123370E+2 4.64587990E-3 3.43286991E-1 2.85633963E-3 1.20233655E+1 4.84262859E-3
08 07 2014 15 34 27 658 6.99544765E+1 -7.00453858E+1 6.50000000E+2 1.12457060E+6 0.00000000E+0 5.69759905E+2 2.90560778E-2 -5.95853360E+2 4.91032067E-3 1.22829676E+0 2.19030477E-3 8.92561674E+0 4.86764650E-3
08 07 2014 15 34 32 663 6.99544765E+1 -7.00453858E+1 6.00000000E+2 1.12457510E+6 0.00000000E+0 5.69779336E+2 1.95172222E-2 -5.98190746E+2 5.55573935E-3 1.74031854E+0 3.13000413E-3 7.28308558E+0 6.58428377E-3
08 07 2014 15 34 36 667 6.99544765E+1 -7.00453858E+1 5.50000000E+2 1.12457960E+6 0.00000000E+0 5.69782436E+2 2.68719583E-2 -5.99718761E+2 5.55983904E-3 1.78013444E+0 4.01925534E-3 6.40951395E+0 7.66030086E-3
08 07 2014 15 34 41 672 6.99544765E+1 -7.00453858E+1 5.00000000E+2 1.12458410E+6 0.00000000E+0 5.69800556E+2 2.60924486E-2 -6.00782127E+2 5.47066866E-3 1.44511461E+0 3.19696673E-3 5.49886227E+0 6.59508061E-3
08 07 2014 15 34 45 676 6.99544765E+1 -7.00453858E+1 4.50000000E+2 1.12458860E+6 0.00000000E+0 5.69801703E+2 2.85429918E-2 -6.01200369E+2 5.85665182E-3 1.34836137E+0 4.03833382E-3 4.59741801E+0 8.62474267E-3
08 07 2014 15 34 50 681 6.99544765E+1 -7.00453858E+1 4.00000000E+2 1.12459310E+6 0.00000000E+0 5.69796741E+2 2.28364776E-2 -6.01105199E+2 6.16485313E-3 1.45637393E+0 3.97739056E-3 4.09208536E+0 9.71983068E-3
08 07 2014 15 34 54 686 6.99544765E+1 -7.00453858E+1 3.50000000E+2 1.12459770E+6 0.00000000E+0 5.69797233E+2 2.61354643E-2 -6.00817192E+2 3.47018221E-3 1.40262395E+0 3.45514199E-3 3.81112844E+0 5.83881677E-3
08 07 2014 15 34 59 690 6.99544765E+1 -7.00453858E+1 3.00000000E+2 1.12460220E+6 0.00000000E+0 5.69814622E+2 2.65189378E-2 -6.00556228E+2 4.52744198E-3 1.26017928E+0 3.49232250E-3 3.30351591E+0 7.91840471E-3
08 07 2014 15 35 03 695 6.99544765E+1 -7.00453858E+1 2.50000000E+2 1.12460670E+6 0.00000000E+0 5.69838107E+2 2.38489937E-2 -6.00138144E+2 4.51241477E-3 1.25027895E+0 4.90749523E-3 2.85550356E+0 2.23796896E-2
08 07 2014 15 35 08 699 6.99544765E+1 -7.00453858E+1 2.00000000E+2 1.12461120E+6 0.00000000E+0 5.69897771E+2 2.99560198E-2 -5.99767849E+2 5.16525909E-3 1.29519701E+0 3.17546433E-3 2.12466121E+0 1.30379432E-2
08 07 2014 15 35 12 704 6.99544765E+1 -7.00453858E+1 1.50000000E+2 1.12461570E+6 0.00000000E+0 5.70061624E+2 3.00018632E-2 -5.99675891E+2 5.46911696E-3 1.48399472E+0 5.44520319E-3 7.58922100E-1 9.49761401E-3
08 07 2014 15 35 17 708 6.99544765E+1 -7.00453858E+1 1.00000000E+2 1.12462030E+6 0.00000000E+0 5.70280135E+2 2.93210343E-2 -5.99907746E+2 3.74929619E-3 1.67864561E+0 3.52837876E-3 2.00362802E+0 4.12849388E-3
08 07 2014 15 35 21 713 6.99544765E+1 -7.00453858E+1 5.00000000E+1 1.12462480E+6 0.00000000E+0 5.69565952E+2 2.81821477E-2 -6.00017207E+2 4.03823053E-3 2.01368332E+0 2.45131551E-3 2.56459117E+0 3.91900569E-3
08 07 2014 15 35 26 717 6.99544765E+1 -7.00453858E+1 0.00000000E+0 1.12462930E+6 0.00000000E+0 5.69334269E+2 2.36579427E-2 -6.00003502E+2 3.21765051E-3 2.38834620E+0 6.51983562E-3 3.12529802E+0 8.91878555E-3
08 07 2014 15 35 32 723 0.00000000E+0 0.00000000E+0 0.00000000E+0 1.12463540E+6 0.00000000E+0 5.69800258E+2 2.34078124E-2 -5.99890425E+2 3.51811596E-3 2.26975083E+0 1.26688437E-2 4.70331907E+0 1.15292541E-1
