#Field Shape
#<B> = (2.0106 -3.75943e-08 0.00145786)
#<B^2> = (5.16396 0.000471052 0.0481547)
#sigmaBx/Bx0 = 0.5267
#<dBx/dx>/Bx0 = -6.44216e-15
#8th order polynomial (133 terms) fit to Bx centered at <	0,	0,	0.75	>, rms residual = 0.0454484
         2.713996605	 0 0 0
       -0.5162522869	 0 0 1
        -4.487237501	 0 0 2
        -19.06456008	 0 0 3
        -13.13413686	 0 0 4
         59.13203189	 0 0 5
         69.41428561	 0 0 6
         -52.7752823	 0 0 7
        -70.24880575	 0 0 8
         1.971468306	 0 2 0
         7.806639776	 0 2 1
        -22.86435215	 0 2 2
        -68.13540221	 0 2 3
         41.77807871	 0 2 4
         103.0053401	 0 2 5
        -10.71971844	 0 2 6
    -3.534783511e-11	 0 3 3
     9.843016791e-13	 0 3 5
         3.752798713	 0 4 0
        -4.329335894	 0 4 1
        -47.43745842	 0 4 2
         6.003982256	 0 4 3
         91.74651011	 0 4 4
    -2.181087118e-09	 0 5 0
     1.553236053e-08	 0 5 1
     3.095250768e-09	 0 5 2
    -4.469836582e-09	 0 5 3
          34.1383593	 0 6 0
         35.88827425	 0 6 1
        -24.99037424	 0 6 2
     1.005805738e-07	 0 7 0
    -8.627755187e-07	 0 7 1
        -1318.198656	 0 8 0
     6.516184594e-06	 1 1 0
     2.991147822e-05	 1 1 1
    -4.457187296e-05	 1 1 2
    -0.0002191543295	 1 1 3
     2.959645626e-06	 1 1 4
      0.000317187765	 1 1 5
     0.0001199165339	 1 1 6
    -1.929807566e-09	 1 2 3
     2.399112356e-09	 1 2 5
     0.0007729119636	 1 3 0
    -0.0003269467268	 1 3 1
    -0.0003590119913	 1 3 2
      0.001009077106	 1 3 3
     0.0002100711374	 1 3 4
    -5.971120117e-09	 1 4 0
     6.728917751e-08	 1 4 1
      9.13281605e-09	 1 4 2
    -1.219628591e-09	 1 4 3
       -0.1549380808	 1 5 0
     -0.003181640268	 1 5 1
      0.007800125955	 1 5 2
     2.201054825e-07	 1 6 0
    -2.728052974e-06	 1 6 1
         6.818951342	 1 7 0
          5.70883363	 2 0 0
         22.56748753	 2 0 1
        -67.86133871	 2 0 2
        -196.8067698	 2 0 3
         123.6932652	 2 0 4
         297.4173434	 2 0 5
        -30.67629918	 2 0 6
    -2.425019262e-09	 2 1 3
     3.026953513e-09	 2 1 5
         6.649399919	 2 2 0
        -6.719059598	 2 2 1
        -232.0448234	 2 2 2
         33.71151488	 2 2 3
         469.4636265	 2 2 4
     6.571254461e-09	 2 3 0
    -1.396583631e-08	 2 3 1
    -1.430020177e-08	 2 3 2
      5.51199437e-08	 2 3 3
          194.763357	 2 4 0
        -169.9773977	 2 4 1
        -250.0121747	 2 4 2
    -1.809594056e-07	 2 5 0
     5.367718577e-07	 2 5 1
         -2363.06438	 2 6 0
    -3.241562926e-10	 3 0 3
     3.421057917e-10	 3 0 5
    -0.0009224373765	 3 1 0
    -3.740210559e-05	 3 1 1
     0.0001495541534	 3 1 2
    -0.0008503609762	 3 1 3
    -0.0002028912164	 3 1 4
     1.692823771e-08	 3 2 0
    -6.915275975e-08	 3 2 1
    -2.901044816e-08	 3 2 2
     1.001798389e-07	 3 2 3
        0.1048248195	 3 3 0
      0.001116777208	 3 3 1
       0.03344434881	 3 3 2
    -2.670519348e-07	 3 4 0
     1.392757117e-07	 3 4 1
        -2.387565641	 3 5 0
         14.51977351	 4 0 0
         -13.1695094	 4 0 1
        -216.3966609	 4 0 2
         28.49618138	 4 0 3
         416.6812916	 4 0 4
     3.900050903e-09	 4 1 0
     2.757110717e-08	 4 1 1
    -2.708757846e-09	 4 1 2
     4.315621088e-08	 4 1 3
        -218.6891967	 4 2 0
          149.244296	 4 2 1
         250.1233152	 4 2 2
    -2.293510938e-07	 4 3 0
    -4.887473902e-07	 4 3 1
         5739.926274	 4 4 0
    -2.431213889e-09	 5 0 0
     2.321241503e-08	 5 0 1
     4.646797476e-09	 5 0 2
    -8.855216748e-10	 5 0 3
       0.04606733247	 5 1 0
       0.01273808228	 5 1 1
      -0.02747308308	 5 1 2
    -6.251123954e-07	 5 2 0
     2.559569164e-06	 5 2 1
        -4.703931997	 5 3 0
         6.863019283	 6 0 0
         4.364762131	 6 0 1
           17.095003	 6 0 2
    -2.518576338e-07	 6 1 0
    -8.961792934e-07	 6 1 1
        -1444.204294	 6 2 0
     1.007803008e-07	 7 0 0
    -1.270877786e-06	 7 0 1
        0.7536008292	 7 1 0
         105.8168611	 8 0 0
#8th order polynomial (99 terms) fit to By centered at <	0,	0,	0.75	>, rms residual = 0.01752549638
     1.696543553e-07	 0 0 0
     1.071965638e-06	 0 0 1
     1.072359072e-06	 0 0 2
        -1.41691e-05	 0 0 3
    -3.018000535e-05	 0 0 4
     4.040356293e-05	 0 0 5
      9.78865507e-05	 0 0 6
    -3.492788292e-05	 0 0 7
    -8.902869759e-05	 0 0 8
     1.164629324e-05	 0 2 0
     8.531108498e-06	 0 2 1
    -1.895845223e-05	 0 2 2
    -0.0001481078134	 0 2 3
    -0.0001236992703	 0 2 4
     0.0002526308677	 0 2 5
     0.0002679592338	 0 2 6
     -0.002460152625	 0 4 0
      0.001015979029	 0 4 1
      0.002326303626	 0 4 2
     -0.001808946882	 0 4 3
     -0.002669037921	 0 4 4
        0.2389785857	 0 6 0
      -0.01734636295	 0 6 1
      -0.06253967484	 0 6 2
     6.578874454e-10	 0 7 0
     1.125663516e-08	 0 7 1
        -7.651641494	 0 8 0
         3.943487937	 1 1 0
         15.18960265	 1 1 1
        -46.01835214	 1 1 2
        -133.3230919	 1 1 3
         85.40438394	 1 1 4
         201.6864254	 1 1 5
        -23.79282112	 1 1 6
         16.89605856	 1 3 0
        -15.00436282	 1 3 1
        -193.8658111	 1 3 2
         24.12051789	 1 3 3
         362.8919848	 1 3 4
        -85.28148268	 1 5 0
         92.96126874	 1 5 1
          157.850387	 1 5 2
    -5.931788794e-09	 1 6 0
     4.216642562e-09	 1 6 1
         573.6853466	 1 7 0
     2.274610567e-06	 2 0 0
      -7.3202252e-07	 2 0 1
    -8.688616087e-06	 2 0 2
    -3.698030481e-05	 2 0 3
      6.21528784e-06	 2 0 4
     7.493576253e-05	 2 0 5
     2.469442693e-05	 2 0 6
    -0.0006205310986	 2 2 0
     0.0001593934888	 2 2 1
     -0.002255524411	 2 2 2
     0.0003913521624	 2 2 3
      0.002948795159	 2 2 4
       0.08130441746	 2 4 0
       0.01498581361	 2 4 1
         0.101578911	 2 4 2
     1.072164449e-10	 2 5 1
        -4.366185165	 2 6 0
         4.233138744	 3 1 0
        -4.215467743	 3 1 1
        -157.2893275	 3 1 2
         22.64656276	 3 1 3
         318.1969303	 3 1 4
         275.0168514	 3 3 0
         -208.963621	 3 3 1
        -262.6988084	 3 3 2
     7.629249809e-09	 3 4 0
    -6.164134679e-09	 3 4 1
        -4593.908781	 3 5 0
    -0.0002827420298	 4 0 0
     0.0004481205819	 4 0 1
      0.002229052102	 4 0 2
    -0.0006711941362	 4 0 3
     -0.002373807979	 4 0 4
       0.08345891538	 4 2 0
      -0.02960435782	 4 2 1
       -0.0377236044	 4 2 2
    -7.476651995e-09	 4 3 1
       -0.5596609858	 4 4 0
        -69.15765893	 5 1 0
         38.57648187	 5 1 1
         75.23536075	 5 1 2
    -3.658227941e-09	 5 2 0
     2.746294757e-09	 5 2 1
         3529.365649	 5 3 0
       -0.0318027024	 6 0 0
     -0.005360212514	 6 0 1
      -0.05317829523	 6 0 2
     4.833050483e-10	 6 1 0
     1.001916345e-08	 6 1 1
        -3.443852271	 6 2 0
    -3.719822595e-09	 7 0 0
     2.853522287e-09	 7 0 1
        -450.2072892	 7 1 0
         2.596700108	 8 0 0
#8th order polynomial (114 terms) fit to Bz centered at <	0,	0,	0.75	>, rms residual = 0.05371103038
     3.810041176e-08	 0 1 0
     -5.34311104e-06	 0 1 1
     -5.26060322e-05	 0 1 2
    -6.461499586e-05	 0 1 3
     0.0002270802817	 0 1 4
     0.0003513907891	 0 1 5
    -0.0002450391498	 0 1 6
    -0.0004006949854	 0 1 7
     9.059375277e-05	 0 3 0
     0.0001419709904	 0 3 1
     0.0001669153825	 0 3 2
     0.0005698220917	 0 3 3
    -0.0001257384366	 0 3 4
    -0.0008499924348	 0 3 5
      -0.01117791233	 0 5 0
      -0.02318484602	 0 5 1
     -0.005028797009	 0 5 2
     -0.001616942041	 0 5 3
     3.785597474e-08	 0 6 0
     3.285614375e-09	 0 6 1
    -1.627755984e-08	 0 6 2
        0.3781296916	 0 7 0
        0.7640880633	 0 7 1
    -2.369978018e-06	 0 8 0
       -0.7130010592	 1 0 0
        -12.09210243	 1 0 1
        -46.37262412	 1 0 2
         10.01738455	 1 0 3
         219.5491663	 1 0 4
         125.2186684	 1 0 5
        -247.2424081	 1 0 6
        -192.8699481	 1 0 7
          2.03970171	 1 2 0
        -69.54624124	 1 2 1
        -65.06658992	 1 2 2
          401.776476	 1 2 3
         153.3138043	 1 2 4
        -495.2347635	 1 2 5
        -4.130257272	 1 4 0
         -29.1374611	 1 4 1
         18.60132456	 1 4 2
         89.48111008	 1 4 3
     5.071882903e-09	 1 5 0
     9.013698197e-10	 1 5 1
    -1.730229685e-10	 1 5 2
         27.78450158	 1 6 0
         36.87980232	 1 6 1
    -2.883069147e-07	 1 7 0
     5.303242989e-05	 2 1 0
    -4.439406632e-05	 2 1 1
     -0.000231564123	 2 1 2
     5.810489699e-05	 2 1 3
     0.0005652472531	 2 1 4
     0.0004771248244	 2 1 5
     8.769649737e-10	 2 2 2
     -1.32494886e-09	 2 2 4
     -0.009052977763	 2 3 0
      -0.01287227668	 2 3 1
      0.000923387712	 2 3 2
      0.005101837192	 2 3 3
    -7.962473109e-09	 2 4 0
    -1.685634447e-09	 2 4 1
    -1.519736992e-08	 2 4 2
        0.4052720607	 2 5 0
        0.5728043938	 2 5 1
     7.650296039e-07	 2 6 0
         2.078011655	 3 0 0
        -68.36590258	 3 0 1
        -64.77359664	 3 0 2
         393.7692899	 3 0 3
         152.5482324	 3 0 4
        -483.5466845	 3 0 5
     6.763052137e-11	 3 1 2
        -0.898090405	 3 2 0
        -25.83453889	 3 2 1
         26.35088625	 3 2 2
         109.1964133	 3 2 3
    -1.078985412e-08	 3 3 0
    -2.283055808e-09	 3 3 1
    -1.884677217e-09	 3 3 2
        -46.28140649	 3 4 0
        -114.2548274	 3 4 1
     2.927523147e-07	 3 5 0
     1.717490448e-10	 4 0 2
      -0.00407371207	 4 1 0
       0.00174072971	 4 1 1
     -0.002470562298	 4 1 2
      -0.01610453782	 4 1 3
    -3.297540862e-08	 4 2 0
    -4.420120289e-09	 4 2 1
    -1.549769379e-09	 4 2 2
        0.1458312212	 4 3 0
        0.1184268682	 4 3 1
    -7.776188411e-09	 4 4 0
        -3.691683734	 5 0 0
        -23.31639662	 5 0 1
         16.24432047	 5 0 2
         71.96174536	 5 0 3
      2.33550078e-09	 5 1 0
     6.306725292e-10	 5 1 1
    -4.933383776e-09	 5 1 2
       -0.2811852576	 5 2 0
         2.383738753	 5 2 1
     4.787367558e-07	 5 3 0
     2.610455328e-08	 6 0 0
     7.327774914e-09	 6 0 1
    -1.705344837e-08	 6 0 2
        0.1478247306	 6 1 0
       0.09456959632	 6 1 1
     1.867989635e-06	 6 2 0
         53.67665829	 7 0 0
         81.67025911	 7 0 1
    -1.402787358e-07	 7 1 0
    -1.625848087e-06	 8 0 0
