Month Day Year Hour Minute Second Time_s x y z Current CurrentError 1Axis 1AxisError Bx BxError By ByError Bz BzError
09 17 2014 05 01 48 16 -6.49468892E+1 -2.49621785E+1 -1.00000000E+2 1.00294120E+6 0.00000000E+0 7.31840730E+1 4.37081846E-1 3.26559186E+1 3.28889858E-3 1.60872936E-2 2.03722363E-3 -1.82503462E-1 4.47253960E-3
09 17 2014 05 01 51 19 -5.49317147E+1 -2.49621785E+1 -1.00000000E+2 1.00294440E+6 0.00000000E+0 7.32274055E+1 4.43073405E-1 3.26614261E+1 2.42521100E-3 2.25245953E-2 2.73224248E-3 -1.90091133E-1 1.11805082E-2
09 17 2014 05 01 54 22 -4.50682853E+1 -2.49621785E+1 -1.00000000E+2 1.00294760E+6 0.00000000E+0 7.32054114E+1 4.25425076E-1 3.26607227E+1 2.84240125E-3 2.97427177E-2 2.34033386E-3 -1.91551447E-1 7.97369271E-3
09 17 2014 05 01 58 26 -3.50531108E+1 -2.49621785E+1 -1.00000000E+2 1.00295080E+6 0.00000000E+0 7.33321905E+1 4.49795253E-1 3.26616541E+1 2.51009165E-3 3.75211239E-2 2.48249350E-3 -1.92649662E-1 1.03098204E-2
09 17 2014 05 02 01 29 -2.50379363E+1 -2.49621785E+1 -1.00000000E+2 1.00295400E+6 0.00000000E+0 7.32025504E+1 4.39016539E-1 3.26607168E+1 2.88042669E-3 4.63962555E-2 2.41925152E-3 -1.95980072E-1 9.98800281E-3
09 17 2014 05 02 05 33 0.00000000E+0 -2.49621785E+1 -1.00000000E+2 1.00295780E+6 0.00000000E+0 7.32163787E+1 4.26344623E-1 3.26632679E+1 2.79577922E-3 6.71386719E-2 2.69701008E-3 -2.10690498E-1 6.89348973E-3
09 17 2014 05 02 08 36 2.50379363E+1 -2.49621785E+1 -1.00000000E+2 1.00296160E+6 0.00000000E+0 7.32692480E+1 4.40455524E-1 3.26574802E+1 2.86327031E-3 8.33988190E-2 2.18219674E-3 -2.22796202E-1 5.26719002E-3
09 17 2014 05 02 12 40 3.50531108E+1 -2.49621785E+1 -1.00000000E+2 1.00296490E+6 0.00000000E+0 7.31714964E+1 4.80759030E-1 3.26521873E+1 2.46118147E-3 8.31246376E-2 2.39110870E-3 -2.24727392E-1 1.16563777E-2
09 17 2014 05 02 15 43 4.50682853E+1 -2.49621785E+1 -1.00000000E+2 1.00296810E+6 0.00000000E+0 7.32184052E+1 4.46078797E-1 3.26477051E+1 2.66464657E-3 8.71121883E-2 1.90140833E-3 -2.20495462E-1 4.67207494E-3
09 17 2014 05 02 18 46 5.49317147E+1 -2.49621785E+1 -1.00000000E+2 1.00297130E+6 0.00000000E+0 7.31950998E+1 4.54911886E-1 3.26404691E+1 1.93185652E-3 9.60648060E-2 2.21109597E-3 -2.20906734E-1 8.95084675E-3
09 17 2014 05 02 21 49 6.49468892E+1 -2.49621785E+1 -1.00000000E+2 1.00297450E+6 0.00000000E+0 7.32002854E+1 4.44798947E-1 3.26323450E+1 2.22532503E-3 9.45031643E-2 2.24220067E-3 -2.25156546E-1 8.10179011E-3
09 17 2014 05 02 29 57 -6.49468892E+1 -1.25567322E+1 -1.00000000E+2 1.00298180E+6 0.00000000E+0 7.31992722E+1 4.68023786E-1 3.26478064E+1 2.60551574E-3 1.35838985E-2 2.39122600E-3 -1.90854073E-1 6.66776071E-3
09 17 2014 05 02 32 60 -5.49317147E+1 -1.25567322E+1 -1.00000000E+2 1.00298500E+6 0.00000000E+0 7.31499791E+1 4.46042042E-1 3.26500118E+1 2.86109484E-3 2.51412392E-2 2.60512100E-3 -1.92975998E-1 1.54926510E-2
09 17 2014 05 02 35 63 -4.50682853E+1 -1.25567322E+1 -1.00000000E+2 1.00298820E+6 0.00000000E+0 7.31647760E+1 4.51855201E-1 3.26488912E+1 2.25155181E-3 3.59714031E-2 2.90163018E-3 -1.93767250E-1 9.39824636E-3
09 17 2014 05 02 38 66 -3.50531108E+1 -1.25567322E+1 -1.00000000E+2 1.00299150E+6 0.00000000E+0 7.32260942E+1 4.46436632E-1 3.26486945E+1 2.02449008E-3 4.10795212E-2 1.74961930E-3 -1.96546316E-1 9.53139882E-3
09 17 2014 05 02 41 69 -2.50379363E+1 -1.25567322E+1 -1.00000000E+2 1.00299470E+6 0.00000000E+0 7.31150508E+1 4.46249753E-1 3.26500237E+1 2.77364760E-3 4.32789326E-2 2.27189230E-3 -2.00778246E-1 1.14017855E-2
09 17 2014 05 02 45 73 0.00000000E+0 -1.25567322E+1 -1.00000000E+2 1.00299850E+6 0.00000000E+0 7.31858015E+1 4.35770326E-1 3.26529026E+1 2.16326357E-3 6.85989857E-2 3.19040347E-3 -2.14344263E-1 7.46192570E-3
09 17 2014 05 02 49 77 2.50379363E+1 -1.25567322E+1 -1.00000000E+2 1.00300230E+6 0.00000000E+0 7.31692314E+1 4.24008736E-1 3.26468110E+1 2.41259539E-3 8.67187977E-2 1.60378531E-3 -2.26461887E-1 4.60951421E-3
09 17 2014 05 02 52 80 3.50531108E+1 -1.25567322E+1 -1.00000000E+2 1.00300550E+6 0.00000000E+0 7.31056184E+1 4.35782591E-1 3.26403305E+1 3.24356443E-3 8.30590725E-2 2.87275426E-3 -2.27913260E-1 1.23830759E-2
09 17 2014 05 02 55 84 4.50682853E+1 -1.25567322E+1 -1.00000000E+2 1.00300870E+6 0.00000000E+0 7.31859207E+1 4.34276849E-1 3.26376796E+1 2.10106873E-3 9.07182693E-2 2.01341334E-3 -2.24125385E-1 5.17224887E-3
09 17 2014 05 02 59 87 5.49317147E+1 -1.25567322E+1 -1.00000000E+2 1.00301190E+6 0.00000000E+0 7.31401443E+1 4.45173622E-1 3.26338351E+1 2.19111562E-3 9.47833061E-2 2.79327005E-3 -2.20000744E-1 7.51237590E-3
09 17 2014 05 03 02 90 6.49468892E+1 -1.25567322E+1 -1.00000000E+2 1.00301520E+6 0.00000000E+0 7.31921792E+1 4.36042349E-1 3.26315045E+1 2.40072362E-3 9.19282436E-2 1.76742967E-3 -2.28261948E-1 7.24808166E-3
09 17 2014 05 03 09 97 -6.49468892E+1 0.00000000E+0 -1.00000000E+2 1.00302250E+6 0.00000000E+0 7.31895566E+1 4.46779241E-1 3.26422095E+1 2.35803594E-3 1.11937523E-2 2.74873380E-3 -1.91426277E-1 7.76847230E-3
09 17 2014 05 03 12 100 -5.49317147E+1 0.00000000E+0 -1.00000000E+2 1.00302570E+6 0.00000000E+0 7.31514692E+1 4.40855722E-1 3.26398551E+1 2.37522040E-3 2.24709511E-2 1.48967686E-3 -1.94388628E-1 1.43596627E-2
09 17 2014 05 03 16 104 -4.50682853E+1 0.00000000E+0 -1.00000000E+2 1.00302890E+6 0.00000000E+0 7.32790679E+1 4.31446613E-1 3.26417834E+1 3.45278480E-3 2.82227993E-2 1.75390318E-3 -1.98274851E-1 1.01540847E-2
09 17 2014 05 03 19 107 -3.50531108E+1 0.00000000E+0 -1.00000000E+2 1.00303210E+6 0.00000000E+0 7.31720924E+1 4.16188727E-1 3.26463580E+1 2.61675145E-3 3.45170498E-2 2.52332587E-3 -2.02637911E-1 6.71139608E-3
09 17 2014 05 03 22 110 -2.50379363E+1 0.00000000E+0 -1.00000000E+2 1.00303530E+6 0.00000000E+0 7.31490254E+1 4.30082804E-1 3.26458693E+1 2.59951645E-3 4.30464745E-2 2.60942401E-3 -2.06124783E-1 1.13618332E-2
09 17 2014 05 03 26 114 0.00000000E+0 0.00000000E+0 -1.00000000E+2 1.00303910E+6 0.00000000E+0 7.31875896E+1 4.40878404E-1 3.26446474E+1 2.42347562E-3 6.75082207E-2 1.81578299E-3 -2.15917826E-1 7.46447122E-3
09 17 2014 05 03 30 118 2.50379363E+1 0.00000000E+0 -1.00000000E+2 1.00304300E+6 0.00000000E+0 7.31623769E+1 4.53171021E-1 3.26422155E+1 3.18533566E-3 8.07642937E-2 2.50608257E-3 -2.27862597E-1 4.22770365E-3
09 17 2014 05 03 33 121 3.50531108E+1 0.00000000E+0 -1.00000000E+2 1.00304620E+6 0.00000000E+0 7.32451677E+1 4.30786813E-1 3.26378495E+1 2.76225356E-3 8.15391541E-2 1.68980307E-3 -2.27637589E-1 1.10111334E-2
09 17 2014 05 03 36 124 4.50682853E+1 0.00000000E+0 -1.00000000E+2 1.00304940E+6 0.00000000E+0 7.31693506E+1 4.25221549E-1 3.26366365E+1 2.57699814E-3 8.88407230E-2 1.73393503E-3 -2.27063894E-1 7.04422642E-3
09 17 2014 05 03 39 127 5.49317147E+1 0.00000000E+0 -1.00000000E+2 1.00305260E+6 0.00000000E+0 7.31735229E+1 4.43510738E-1 3.26315463E+1 2.47526468E-3 9.73105431E-2 2.00227533E-3 -2.26807594E-1 5.19598215E-3
09 17 2014 05 03 43 131 6.49468892E+1 0.00000000E+0 -1.00000000E+2 1.00305580E+6 0.00000000E+0 7.31413960E+1 4.33567536E-1 3.26266229E+1 1.94057700E-3 9.66310501E-2 2.13297158E-3 -2.32332945E-1 7.86975929E-3
09 17 2014 05 03 50 138 -6.49468892E+1 1.25567322E+1 -1.00000000E+2 1.00306310E+6 0.00000000E+0 7.31705427E+1 4.37608073E-1 3.26359212E+1 2.67888862E-3 8.18371773E-3 2.69802905E-3 -1.94615126E-1 8.56199618E-3
09 17 2014 05 03 53 141 -5.49317147E+1 1.25567322E+1 -1.00000000E+2 1.00306630E+6 0.00000000E+0 7.32141733E+1 4.55296452E-1 3.26388299E+1 2.32680018E-3 2.21729279E-2 2.75691194E-3 -2.01648474E-1 1.36112226E-2
09 17 2014 05 03 56 144 -4.50682853E+1 1.25567322E+1 -1.00000000E+2 1.00306960E+6 0.00000000E+0 7.31200725E+1 4.25176599E-1 3.26379091E+1 2.52726505E-3 2.84314156E-2 2.45273898E-3 -2.04220414E-1 7.84404070E-3
09 17 2014 05 04 00 148 -3.50531108E+1 1.25567322E+1 -1.00000000E+2 1.00307280E+6 0.00000000E+0 7.31504560E+1 4.20987022E-1 3.26376677E+1 1.83923402E-3 3.36527824E-2 2.57136865E-3 -2.06571817E-1 9.88732142E-3
09 17 2014 05 04 03 151 -2.50379363E+1 1.25567322E+1 -1.00000000E+2 1.00307600E+6 0.00000000E+0 7.31887817E+1 4.32940727E-1 3.26398909E+1 2.21434095E-3 4.39524651E-2 2.37289692E-3 -2.09730864E-1 8.18924164E-3
09 17 2014 05 04 07 155 0.00000000E+0 1.25567322E+1 -1.00000000E+2 1.00307980E+6 0.00000000E+0 7.31500983E+1 4.54206722E-1 3.26371610E+1 3.36069951E-3 6.61969185E-2 2.70545518E-3 -2.22456455E-1 6.69807933E-3
09 17 2014 05 04 10 158 2.50379363E+1 1.25567322E+1 -1.00000000E+2 1.00308360E+6 0.00000000E+0 7.31588155E+1 4.43374476E-1 3.26367393E+1 2.65249599E-3 8.19042325E-2 1.77642842E-3 -2.33963132E-1 5.25817479E-3
09 17 2014 05 04 14 162 3.50531108E+1 1.25567322E+1 -1.00000000E+2 1.00308680E+6 0.00000000E+0 7.32120872E+1 4.51045263E-1 3.26349139E+1 2.95932867E-3 8.33809376E-2 2.01841281E-3 -2.35235691E-1 1.08542901E-2
09 17 2014 05 04 17 165 4.50682853E+1 1.25567322E+1 -1.00000000E+2 1.00309000E+6 0.00000000E+0 7.31454492E+1 4.45329992E-1 3.26353431E+1 2.54029021E-3 9.12427902E-2 2.36667932E-3 -2.33680010E-1 6.49846025E-3
09 17 2014 05 04 20 168 5.49317147E+1 1.25567322E+1 -1.00000000E+2 1.00309330E+6 0.00000000E+0 7.31801391E+1 4.36886827E-1 3.26297820E+1 2.98072786E-3 9.81450081E-2 2.23559451E-3 -2.34156847E-1 4.66448063E-3
09 17 2014 05 04 23 171 6.49468892E+1 1.25567322E+1 -1.00000000E+2 1.00309650E+6 0.00000000E+0 7.32287765E+1 4.23455940E-1 3.26268375E+1 2.98626607E-3 9.81912017E-2 2.23559799E-3 -2.34872103E-1 7.87641796E-3
09 17 2014 05 04 31 179 -6.49468892E+1 2.49621785E+1 -1.00000000E+2 1.00310380E+6 0.00000000E+0 7.31691718E+1 4.49990220E-1 3.26264560E+1 2.41426114E-3 4.74452972E-3 2.21120590E-3 -2.01588869E-1 8.65789983E-3
09 17 2014 05 04 34 182 -5.49317147E+1 2.49621785E+1 -1.00000000E+2 1.00310700E+6 0.00000000E+0 7.31091946E+1 4.35362808E-1 3.26248258E+1 2.07249387E-3 1.66743994E-2 2.99651941E-3 -2.02715397E-1 1.34260218E-2
09 17 2014 05 04 37 185 -4.50682853E+1 2.49621785E+1 -1.00000000E+2 1.00311020E+6 0.00000000E+0 7.31943250E+1 4.27142613E-1 3.26278865E+1 3.30033465E-3 2.24590302E-2 1.95015997E-3 -2.02417374E-1 9.38782367E-3
09 17 2014 05 04 40 188 -3.50531108E+1 2.49621785E+1 -1.00000000E+2 1.00311350E+6 0.00000000E+0 7.31810331E+1 4.33053783E-1 3.26310456E+1 2.98849641E-3 3.21328640E-2 2.53780841E-3 -2.04050541E-1 8.66840042E-3
09 17 2014 05 04 43 191 -2.50379363E+1 2.49621785E+1 -1.00000000E+2 1.00311670E+6 0.00000000E+0 7.31876493E+1 4.17947672E-1 3.26288819E+1 3.01501406E-3 4.05013561E-2 1.41889631E-3 -2.08610296E-1 1.05902208E-2
09 17 2014 05 04 47 195 0.00000000E+0 2.49621785E+1 -1.00000000E+2 1.00312050E+6 0.00000000E+0 7.32338428E+1 4.80135991E-1 3.26265022E+1 2.23464430E-3 6.66975975E-2 2.79672209E-3 -2.18883157E-1 6.95183701E-3
09 17 2014 05 04 51 199 2.50379363E+1 2.49621785E+1 -1.00000000E+2 1.00312430E+6 0.00000000E+0 7.31372088E+1 4.38847477E-1 3.26280594E+1 2.45351137E-3 8.57487321E-2 2.54662545E-3 -2.30088830E-1 4.45803961E-3
09 17 2014 05 04 54 202 3.50531108E+1 2.49621785E+1 -1.00000000E+2 1.00312750E+6 0.00000000E+0 7.30981231E+1 4.41212598E-1 3.26220334E+1 3.05752534E-3 8.65399837E-2 2.21217816E-3 -2.31027603E-1 1.15596460E-2
09 17 2014 05 04 57 206 4.50682853E+1 2.49621785E+1 -1.00000000E+2 1.00313070E+6 0.00000000E+0 7.30749369E+1 4.53192745E-1 3.26215982E+1 2.88227620E-3 9.65893269E-2 1.59976959E-3 -2.35104561E-1 6.31561771E-3
09 17 2014 05 05 01 209 5.49317147E+1 2.49621785E+1 -1.00000000E+2 1.00313390E+6 0.00000000E+0 7.30226189E+1 4.76916271E-1 3.26205045E+1 1.90529862E-3 1.03339553E-1 2.42041832E-3 -2.30476260E-1 3.60999506E-3
09 17 2014 05 05 04 212 6.49468892E+1 2.49621785E+1 -1.00000000E+2 1.00313720E+6 0.00000000E+0 7.30736256E+1 4.36966585E-1 3.26170504E+1 2.52119081E-3 1.05589628E-1 2.07375660E-3 -2.30389833E-1 8.80674564E-3
09 17 2014 05 05 12 220 -6.49468892E+1 -2.49621785E+1 -5.00000000E+1 1.00314500E+6 0.00000000E+0 7.31078982E+1 4.56784618E-1 3.26714337E+1 3.76978329E-3 3.04400921E-2 2.19513987E-3 -2.21937895E-1 4.13891585E-3
09 17 2014 05 05 15 223 -5.49317147E+1 -2.49621785E+1 -5.00000000E+1 1.00314820E+6 0.00000000E+0 7.30422735E+1 4.62823523E-1 3.26687336E+1 3.13557287E-3 3.58462334E-2 2.02049612E-3 -2.20209360E-1 1.49889107E-2
09 17 2014 05 05 18 226 -4.50682853E+1 -2.49621785E+1 -5.00000000E+1 1.00315140E+6 0.00000000E+0 7.30908513E+1 4.67229101E-1 3.26660872E+1 2.66896570E-3 4.00424004E-2 2.25484914E-3 -2.19494104E-1 1.14264893E-2
09 17 2014 05 05 21 229 -3.50531108E+1 -2.49621785E+1 -5.00000000E+1 1.00315460E+6 0.00000000E+0 7.30787963E+1 4.60221039E-1 3.26697156E+1 2.84174169E-3 4.57540154E-2 1.98962590E-3 -2.15463340E-1 1.03608321E-2
09 17 2014 05 05 25 233 -2.50379363E+1 -2.49621785E+1 -5.00000000E+1 1.00315780E+6 0.00000000E+0 7.30418563E+1 4.31628694E-1 3.26669872E+1 3.01441243E-3 5.09321690E-2 2.41871816E-3 -2.19821930E-1 1.14745073E-2
09 17 2014 05 05 28 236 0.00000000E+0 -2.49621785E+1 -5.00000000E+1 1.00316160E+6 0.00000000E+0 7.30516315E+1 4.33581820E-1 3.26644182E+1 2.56084663E-3 7.32898712E-2 1.75354777E-3 -2.22909451E-1 5.75617756E-3
09 17 2014 05 05 32 240 2.50379363E+1 -2.49621785E+1 -5.00000000E+1 1.00316550E+6 0.00000000E+0 7.30898380E+1 4.36217981E-1 3.26665044E+1 2.56011636E-3 9.08792019E-2 1.82817014E-3 -2.22474337E-1 6.32346159E-3
09 17 2014 05 05 35 243 3.50531108E+1 -2.49621785E+1 -5.00000000E+1 1.00316870E+6 0.00000000E+0 7.30566382E+1 4.60206252E-1 3.26668024E+1 2.28683067E-3 9.02056694E-2 2.46109030E-3 -2.20960379E-1 1.06486786E-2
09 17 2014 05 05 39 247 4.50682853E+1 -2.49621785E+1 -5.00000000E+1 1.00317190E+6 0.00000000E+0 7.30179250E+1 4.40586498E-1 3.26668248E+1 2.44547381E-3 9.61869955E-2 2.11905480E-3 -2.09823251E-1 7.89076355E-3
09 17 2014 05 05 42 250 5.49317147E+1 -2.49621785E+1 -5.00000000E+1 1.00317510E+6 0.00000000E+0 7.30979443E+1 4.22934951E-1 3.26651990E+1 2.65589573E-3 1.04039907E-1 2.64613391E-3 -1.99007988E-1 6.62413995E-3
09 17 2014 05 05 45 253 6.49468892E+1 -2.49621785E+1 -5.00000000E+1 1.00317830E+6 0.00000000E+0 7.30725527E+1 4.34087272E-1 3.26607525E+1 2.07303513E-3 9.74178314E-2 2.19422824E-3 -1.93572044E-1 8.95240920E-3
09 17 2014 05 05 52 260 -6.49468892E+1 -1.25567322E+1 -5.00000000E+1 1.00318560E+6 0.00000000E+0 7.30541945E+1 4.66746952E-1 3.26600671E+1 2.35212885E-3 2.35438347E-2 2.59032184E-3 -2.23577023E-1 9.94180498E-3
09 17 2014 05 05 56 264 -5.49317147E+1 -1.25567322E+1 -5.00000000E+1 1.00318880E+6 0.00000000E+0 7.30563402E+1 4.30577912E-1 3.26582134E+1 3.13220177E-3 3.29375267E-2 3.02546458E-3 -2.23100185E-1 1.71369860E-2
09 17 2014 05 05 59 267 -4.50682853E+1 -1.25567322E+1 -5.00000000E+1 1.00319210E+6 0.00000000E+0 7.31150806E+1 4.46577766E-1 3.26588005E+1 2.69489467E-3 3.88547778E-2 2.46486407E-3 -2.18063593E-1 1.60883084E-2
09 17 2014 05 06 02 270 -3.50531108E+1 -1.25567322E+1 -5.00000000E+1 1.00319530E+6 0.00000000E+0 7.30686784E+1 4.32842741E-1 3.26565981E+1 2.20062721E-3 4.12702560E-2 2.31885494E-3 -2.13915110E-1 7.31667603E-3
09 17 2014 05 06 05 273 -2.50379363E+1 -1.25567322E+1 -5.00000000E+1 1.00319850E+6 0.00000000E+0 7.30400681E+1 4.62718044E-1 3.26580167E+1 2.02751727E-3 5.11288643E-2 2.56140150E-3 -2.14153528E-1 1.28166386E-2
09 17 2014 05 06 09 277 0.00000000E+0 -1.25567322E+1 -5.00000000E+1 1.00320230E+6 0.00000000E+0 7.30832219E+1 4.44996146E-1 3.26585591E+1 2.58273843E-3 7.04348087E-2 2.24932782E-3 -2.24232674E-1 7.69460255E-3
09 17 2014 05 06 13 281 2.50379363E+1 -1.25567322E+1 -5.00000000E+1 1.00320610E+6 0.00000000E+0 7.30881095E+1 4.51882559E-1 3.26578617E+1 2.45192567E-3 8.66949558E-2 2.10419015E-3 -2.18552351E-1 5.39358683E-3
09 17 2014 05 06 16 284 3.50531108E+1 -1.25567322E+1 -5.00000000E+1 1.00320930E+6 0.00000000E+0 7.30025768E+1 4.62636903E-1 3.26548368E+1 2.41257730E-3 8.53613019E-2 2.26035766E-3 -2.24970281E-1 1.03898008E-2
09 17 2014 05 06 19 287 4.50682853E+1 -1.25567322E+1 -5.00000000E+1 1.00321260E+6 0.00000000E+0 7.30939507E+1 4.60877631E-1 3.26553464E+1 2.76717496E-3 9.16540623E-2 1.86703253E-3 -2.08055973E-1 6.62805681E-3
09 17 2014 05 06 23 291 5.49317147E+1 -1.25567322E+1 -5.00000000E+1 1.00321580E+6 0.00000000E+0 7.30701685E+1 4.42359738E-1 3.26575160E+1 2.86882887E-3 9.95516777E-2 2.16965044E-3 -2.02488899E-1 8.96883602E-3
09 17 2014 05 06 26 294 6.49468892E+1 -1.25567322E+1 -5.00000000E+1 1.00321900E+6 0.00000000E+0 7.31031895E+1 4.35379558E-1 3.26577306E+1 2.59072605E-3 9.52303410E-2 1.92540921E-3 -1.91867352E-1 5.66800272E-3
09 17 2014 05 06 33 301 -6.49468892E+1 0.00000000E+0 -5.00000000E+1 1.00322640E+6 0.00000000E+0 7.30850548E+1 4.29977231E-1 3.26533094E+1 2.70973973E-3 1.01849437E-2 2.06520991E-3 -2.19501555E-1 9.93719550E-3
09 17 2014 05 06 36 304 -5.49317147E+1 0.00000000E+0 -5.00000000E+1 1.00322960E+6 0.00000000E+0 7.30919242E+1 4.62782696E-1 3.26499045E+1 2.68290605E-3 1.91509724E-2 2.49344868E-3 -2.14332342E-1 1.35197528E-2
09 17 2014 05 06 40 308 -4.50682853E+1 0.00000000E+0 -5.00000000E+1 1.00323280E+6 0.00000000E+0 7.30378032E+1 4.45120204E-1 3.26519310E+1 2.89038055E-3 2.74240971E-2 2.31235457E-3 -2.07185745E-1 1.45675816E-2
09 17 2014 05 06 43 311 -3.50531108E+1 0.00000000E+0 -5.00000000E+1 1.00323600E+6 0.00000000E+0 7.30851293E+1 4.35032657E-1 3.26536417E+1 2.55306582E-3 3.19778919E-2 3.34163928E-3 -2.12740898E-1 8.51477465E-3
09 17 2014 05 06 46 314 -2.50379363E+1 0.00000000E+0 -5.00000000E+1 1.00323930E+6 0.00000000E+0 7.29779154E+1 4.46740630E-1 3.26525494E+1 2.13779131E-3 3.80054116E-2 2.42914828E-3 -2.18018889E-1 1.33722061E-2
09 17 2014 05 06 50 318 0.00000000E+0 0.00000000E+0 -5.00000000E+1 1.00324310E+6 0.00000000E+0 7.30296969E+1 4.43100325E-1 3.26492190E+1 2.47666180E-3 6.38723373E-2 2.11154405E-3 -2.18814611E-1 8.04979604E-3
09 17 2014 05 06 54 322 2.50379363E+1 0.00000000E+0 -5.00000000E+1 1.00324690E+6 0.00000000E+0 7.30972886E+1 4.70812514E-1 3.26475799E+1 2.93964429E-3 8.11576843E-2 1.59542736E-3 -2.17866898E-1 6.06673027E-3
09 17 2014 05 06 57 325 3.50531108E+1 0.00000000E+0 -5.00000000E+1 1.00325010E+6 0.00000000E+0 7.30645657E+1 4.51645663E-1 3.26489806E+1 2.20134083E-3 8.17000866E-2 2.13187549E-3 -2.21502781E-1 1.07125736E-2
09 17 2014 05 07 00 328 4.50682853E+1 0.00000000E+0 -5.00000000E+1 1.00325330E+6 0.00000000E+0 7.30926394E+1 4.42184093E-1 3.26523304E+1 2.41423791E-3 8.89897346E-2 1.71817289E-3 -2.10231543E-1 6.96871156E-3
09 17 2014 05 07 03 331 5.49317147E+1 0.00000000E+0 -5.00000000E+1 1.00325650E+6 0.00000000E+0 7.29998946E+1 4.27960685E-1 3.26513201E+1 2.54370576E-3 9.80198383E-2 3.07720103E-3 -2.02313066E-1 4.24757158E-3
09 17 2014 05 07 06 335 6.49468892E+1 0.00000000E+0 -5.00000000E+1 1.00325970E+6 0.00000000E+0 7.31146932E+1 4.35157734E-1 3.26535821E+1 2.88183502E-3 9.52601433E-2 2.29886765E-3 -1.95121765E-1 8.26599583E-3
09 17 2014 05 07 14 342 -6.49468892E+1 1.25567322E+1 -5.00000000E+1 1.00326700E+6 0.00000000E+0 7.31281936E+1 4.33843398E-1 3.26467678E+1 2.17404486E-3 6.98119402E-3 2.14398661E-3 -2.19441950E-1 1.14808072E-2
09 17 2014 05 07 17 345 -5.49317147E+1 1.25567322E+1 -5.00000000E+1 1.00327030E+6 0.00000000E+0 7.30462074E+1 4.34889337E-1 3.26442361E+1 2.46746407E-3 1.75833702E-2 2.90782712E-3 -2.15363503E-1 1.69767986E-2
09 17 2014 05 07 20 348 -4.50682853E+1 1.25567322E+1 -5.00000000E+1 1.00327350E+6 0.00000000E+0 7.31055737E+1 4.67878082E-1 3.26459527E+1 3.08926549E-3 2.64286995E-2 1.60361041E-3 -2.12693214E-1 1.17312321E-2
09 17 2014 05 07 23 351 -3.50531108E+1 1.25567322E+1 -5.00000000E+1 1.00327670E+6 0.00000000E+0 7.30578899E+1 4.26352539E-1 3.26445580E+1 2.28434364E-3 3.26812267E-2 2.71350880E-3 -2.14576721E-1 1.13078634E-2
09 17 2014 05 07 27 355 -2.50379363E+1 1.25567322E+1 -5.00000000E+1 1.00327990E+6 0.00000000E+0 7.29858130E+1 4.38570413E-1 3.26433927E+1 2.39325824E-3 3.94731760E-2 2.53624592E-3 -2.15664506E-1 1.10842739E-2
09 17 2014 05 07 30 359 0.00000000E+0 1.25567322E+1 -5.00000000E+1 1.00328370E+6 0.00000000E+0 7.30833411E+1 4.26859132E-1 3.26399148E+1 3.17866014E-3 6.31749630E-2 1.71467596E-3 -2.20346451E-1 7.66552273E-3
09 17 2014 05 07 34 362 2.50379363E+1 1.25567322E+1 -5.00000000E+1 1.00328750E+6 0.00000000E+0 7.30819702E+1 4.50839848E-1 3.26407433E+1 2.61957962E-3 8.00788403E-2 2.35955002E-3 -2.23398209E-1 7.76600717E-3
09 17 2014 05 07 37 366 3.50531108E+1 1.25567322E+1 -5.00000000E+1 1.00329070E+6 0.00000000E+0 7.30650425E+1 4.54311032E-1 3.26374531E+1 2.13619518E-3 7.93695450E-2 2.11720390E-3 -2.21449137E-1 1.00239777E-2
09 17 2014 05 07 41 369 4.50682853E+1 1.25567322E+1 -5.00000000E+1 1.00329400E+6 0.00000000E+0 7.30970502E+1 4.53712609E-1 3.26402128E+1 2.58742556E-3 8.73148441E-2 2.59146934E-3 -2.14195251E-1 7.41780501E-3
09 17 2014 05 07 44 372 5.49317147E+1 1.25567322E+1 -5.00000000E+1 1.00329720E+6 0.00000000E+0 7.31275976E+1 4.49834823E-1 3.26428562E+1 3.12770132E-3 9.47937369E-2 2.50593645E-3 -2.09696591E-1 5.41503633E-3
09 17 2014 05 07 47 375 6.49468892E+1 1.25567322E+1 -5.00000000E+1 1.00330040E+6 0.00000000E+0 7.30698705E+1 4.51479612E-1 3.26500416E+1 2.54249748E-3 9.83357430E-2 1.61976015E-3 -2.03686953E-1 7.82064155E-3
09 17 2014 05 07 54 382 -6.49468892E+1 2.49621785E+1 -5.00000000E+1 1.00330770E+6 0.00000000E+0 7.30829686E+1 4.48627912E-1 3.26400846E+1 2.92969613E-3 2.19047070E-3 2.20021082E-3 -2.21699476E-1 8.32128660E-3
09 17 2014 05 07 58 386 -5.49317147E+1 2.49621785E+1 -5.00000000E+1 1.00331090E+6 0.00000000E+0 7.31177330E+1 4.59769203E-1 3.26400220E+1 2.81284869E-3 1.34289265E-2 2.66174687E-3 -2.17038393E-1 1.47946605E-2
09 17 2014 05 08 01 389 -4.50682853E+1 2.49621785E+1 -5.00000000E+1 1.00331410E+6 0.00000000E+0 7.30410814E+1 4.65239173E-1 3.26388896E+1 2.72560978E-3 2.41935253E-2 2.18838311E-3 -2.15297937E-1 1.45328054E-2
09 17 2014 05 08 04 392 -3.50531108E+1 2.49621785E+1 -5.00000000E+1 1.00331740E+6 0.00000000E+0 7.30992109E+1 4.27293826E-1 3.26351076E+1 3.29554938E-3 3.13296914E-2 3.64949689E-3 -2.20835209E-1 8.85985169E-3
09 17 2014 05 08 07 395 -2.50379363E+1 2.49621785E+1 -5.00000000E+1 1.00332060E+6 0.00000000E+0 7.31110573E+1 4.53432630E-1 3.26350927E+1 2.78175922E-3 3.73959541E-2 2.23793520E-3 -2.17401981E-1 1.23475373E-2
09 17 2014 05 08 11 399 0.00000000E+0 2.49621785E+1 -5.00000000E+1 1.00332440E+6 0.00000000E+0 7.30658174E+1 4.40195701E-1 3.26358020E+1 1.97723128E-3 6.85334206E-2 1.63263823E-3 -2.21925974E-1 9.60296264E-3
09 17 2014 05 08 15 403 2.50379363E+1 2.49621785E+1 -5.00000000E+1 1.00332820E+6 0.00000000E+0 7.31101632E+1 4.54016159E-1 3.26356649E+1 2.53578141E-3 8.67545605E-2 3.03602078E-3 -2.25776434E-1 6.87829119E-3
09 17 2014 05 08 18 406 3.50531108E+1 2.49621785E+1 -5.00000000E+1 1.00333140E+6 0.00000000E+0 7.30617046E+1 4.25786058E-1 3.26360524E+1 3.06753847E-3 8.66889954E-2 1.78483189E-3 -2.26026773E-1 1.01603566E-2
09 17 2014 05 08 21 409 4.50682853E+1 2.49621785E+1 -5.00000000E+1 1.00333460E+6 0.00000000E+0 7.30668008E+1 4.52174706E-1 3.26400772E+1 2.69184985E-3 9.53525305E-2 2.38095502E-3 -2.13772058E-1 8.21714397E-3
09 17 2014 05 08 25 413 5.49317147E+1 2.49621785E+1 -5.00000000E+1 1.00333780E+6 0.00000000E+0 7.31457472E+1 4.52682953E-1 3.26363742E+1 2.66472376E-3 1.04218721E-1 2.66865042E-3 -2.05183029E-1 6.76659261E-3
09 17 2014 05 08 28 416 6.49468892E+1 2.49621785E+1 -5.00000000E+1 1.00334110E+6 0.00000000E+0 7.30813742E+1 4.26431562E-1 3.26412916E+1 3.23660992E-3 1.06638670E-1 2.46150813E-3 -2.05749273E-1 9.16565874E-3
09 17 2014 05 08 36 424 -6.49468892E+1 -2.49621785E+1 0.00000000E+0 1.00334890E+6 0.00000000E+0 7.31284022E+1 4.49175307E-1 3.26944113E+1 2.72536966E-3 7.05122948E-3 3.18519477E-3 -2.25257874E-1 6.94192730E-3
09 17 2014 05 08 39 427 -5.49317147E+1 -2.49621785E+1 0.00000000E+0 1.00335210E+6 0.00000000E+0 7.32018054E+1 4.38531616E-1 3.26863676E+1 3.06652236E-3 1.50948763E-2 2.23524041E-3 -2.23629177E-1 1.61640335E-2
09 17 2014 05 08 42 430 -4.50682853E+1 -2.49621785E+1 0.00000000E+0 1.00335530E+6 0.00000000E+0 7.30820298E+1 4.32180040E-1 3.26843619E+1 2.59827895E-3 2.50935555E-2 3.62911429E-3 -2.20769644E-1 1.53286487E-2
09 17 2014 05 08 45 433 -3.50531108E+1 -2.49621785E+1 0.00000000E+0 1.00335850E+6 0.00000000E+0 7.31339455E+1 4.30186496E-1 3.26794326E+1 2.13510075E-3 3.10122967E-2 2.47598977E-3 -2.20650434E-1 1.24167837E-2
09 17 2014 05 08 48 437 -2.50379363E+1 -2.49621785E+1 0.00000000E+0 1.00336170E+6 0.00000000E+0 7.30752349E+1 4.30868351E-1 3.26761723E+1 2.24936939E-3 3.97920609E-2 2.33011674E-3 -2.21180916E-1 1.05302257E-2
09 17 2014 05 08 52 440 0.00000000E+0 -2.49621785E+1 0.00000000E+0 1.00336560E+6 0.00000000E+0 7.30786920E+1 4.22719194E-1 3.26746106E+1 2.51323516E-3 6.59227371E-2 2.37727418E-3 -2.30163336E-1 8.49273997E-3
09 17 2014 05 08 56 444 2.50379363E+1 -2.49621785E+1 0.00000000E+0 1.00336940E+6 0.00000000E+0 7.31734186E+1 4.52899655E-1 3.26779112E+1 2.02549119E-3 8.42213631E-2 1.12588110E-3 -2.30841339E-1 7.10204204E-3
09 17 2014 05 08 59 447 3.50531108E+1 -2.49621785E+1 0.00000000E+0 1.00337260E+6 0.00000000E+0 7.31383562E+1 4.41288811E-1 3.26785803E+1 1.63387468E-3 8.66591930E-2 2.05003315E-3 -2.31325626E-1 1.35762857E-2
09 17 2014 05 09 03 451 4.50682853E+1 -2.49621785E+1 0.00000000E+0 1.00337580E+6 0.00000000E+0 7.30812550E+1 4.65279507E-1 3.26830983E+1 2.23459060E-3 9.63985920E-2 1.70145176E-3 -2.30008364E-1 1.53228899E-2
09 17 2014 05 09 06 454 5.49317147E+1 -2.49621785E+1 0.00000000E+0 1.00337900E+6 0.00000000E+0 7.31383562E+1 4.54266662E-1 3.26856911E+1 1.72771237E-3 1.10268593E-1 1.78038438E-3 -2.26527452E-1 9.57696012E-3
09 17 2014 05 09 09 457 6.49468892E+1 -2.49621785E+1 0.00000000E+0 1.00338220E+6 0.00000000E+0 7.31147081E+1 4.37682545E-1 3.26938108E+1 2.69000149E-3 1.11490488E-1 1.94497546E-3 -2.22481787E-1 6.97358636E-3
09 17 2014 05 09 16 464 -6.49468892E+1 -1.25567322E+1 0.00000000E+0 1.00338960E+6 0.00000000E+0 7.31073618E+1 4.60135813E-1 3.26876342E+1 2.14467767E-3 5.02467155E-3 2.01685586E-3 -2.21788883E-1 9.65866314E-3
09 17 2014 05 09 20 468 -5.49317147E+1 -1.25567322E+1 0.00000000E+0 1.00339280E+6 0.00000000E+0 7.31510669E+1 4.47413066E-1 3.26805413E+1 2.63395886E-3 1.89989805E-2 2.64629408E-3 -2.20991671E-1 1.45728968E-2
09 17 2014 05 09 23 471 -4.50682853E+1 -1.25567322E+1 0.00000000E+0 1.00339600E+6 0.00000000E+0 7.31732249E+1 4.59729651E-1 3.26726854E+1 2.78666854E-3 2.25484371E-2 2.44590132E-3 -2.14451551E-1 1.67608286E-2
09 17 2014 05 09 26 474 -3.50531108E+1 -1.25567322E+1 0.00000000E+0 1.00339920E+6 0.00000000E+0 7.31326342E+1 4.35262640E-1 3.26697290E+1 3.06314649E-3 3.08513641E-2 1.85470331E-3 -2.16394663E-1 1.40380544E-2
09 17 2014 05 09 29 477 -2.50379363E+1 -1.25567322E+1 0.00000000E+0 1.00340240E+6 0.00000000E+0 7.31797218E+1 4.51556958E-1 3.26685846E+1 3.11424100E-3 3.77893448E-2 2.67652137E-3 -2.17539072E-1 1.23462758E-2
09 17 2014 05 09 33 481 0.00000000E+0 -1.25567322E+1 0.00000000E+0 1.00340620E+6 0.00000000E+0 7.32226670E+1 4.55156382E-1 3.26698646E+1 2.67153621E-3 6.56917691E-2 2.23337207E-3 -2.21870840E-1 1.10071964E-2
09 17 2014 05 09 37 485 2.50379363E+1 -1.25567322E+1 0.00000000E+0 1.00341000E+6 0.00000000E+0 7.31146336E+1 4.61130542E-1 3.26745808E+1 2.72969317E-3 8.42884183E-2 1.90111410E-3 -2.29045749E-1 9.71916440E-3
09 17 2014 05 09 40 488 3.50531108E+1 -1.25567322E+1 0.00000000E+0 1.00341320E+6 0.00000000E+0 7.31383562E+1 4.63180497E-1 3.26808453E+1 2.95252215E-3 8.55326653E-2 1.86471761E-3 -2.28363276E-1 1.54756324E-2
09 17 2014 05 09 43 491 4.50682853E+1 -1.25567322E+1 0.00000000E+0 1.00341650E+6 0.00000000E+0 7.31777549E+1 4.42657789E-1 3.26808095E+1 2.15775920E-3 9.65118408E-2 2.18253946E-3 -2.28303671E-1 1.61159541E-2
09 17 2014 05 09 46 494 5.49317147E+1 -1.25567322E+1 0.00000000E+0 1.00341970E+6 0.00000000E+0 7.31194764E+1 4.67462874E-1 3.26877683E+1 2.36658714E-3 1.07109547E-1 1.95784096E-3 -2.14457512E-1 7.11843511E-3
09 17 2014 05 09 50 498 6.49468892E+1 -1.25567322E+1 0.00000000E+0 1.00342290E+6 0.00000000E+0 7.31456280E+1 4.32880845E-1 3.26964378E+1 1.62414095E-3 1.05559826E-1 2.19283024E-3 -2.19148397E-1 8.05980596E-3
09 17 2014 05 09 57 505 -6.49468892E+1 0.00000000E+0 0.00000000E+0 1.00343020E+6 0.00000000E+0 7.31854886E+1 4.62587542E-1 3.26821730E+1 1.90161237E-3 8.00192356E-3 3.03734259E-3 -2.14494765E-1 5.60946423E-3
09 17 2014 05 10 00 508 -5.49317147E+1 0.00000000E+0 0.00000000E+0 1.00343340E+6 0.00000000E+0 7.31744766E+1 4.55322259E-1 3.26758206E+1 3.18355063E-3 1.77919865E-2 2.61800165E-3 -2.10356712E-1 1.52023347E-2
09 17 2014 05 10 03 511 -4.50682853E+1 0.00000000E+0 0.00000000E+0 1.00343660E+6 0.00000000E+0 7.31282234E+1 4.34859582E-1 3.26627135E+1 2.62605290E-3 2.65121460E-2 2.06092215E-3 -2.07191706E-1 1.75010860E-2
09 17 2014 05 10 07 515 -3.50531108E+1 0.00000000E+0 0.00000000E+0 1.00343990E+6 0.00000000E+0 7.31368661E+1 4.43202165E-1 3.26624215E+1 2.33469435E-3 3.47137451E-2 2.00954625E-3 -2.02625990E-1 1.24554794E-2
09 17 2014 05 10 10 518 -2.50379363E+1 0.00000000E+0 0.00000000E+0 1.00344310E+6 0.00000000E+0 7.30802119E+1 4.58970292E-1 3.26555222E+1 2.27264937E-3 4.22149897E-2 1.52032744E-3 -2.00405717E-1 1.33312643E-2
09 17 2014 05 10 14 522 1.06221548E+0 0.00000000E+0 0.00000000E+0 1.00344690E+6 0.00000000E+0 7.31211156E+1 4.28649149E-1 3.26573476E+1 2.23220522E-3 6.37993217E-2 2.50253161E-3 -2.01702118E-1 8.49653706E-3
09 17 2014 05 10 17 525 2.50379363E+1 0.00000000E+0 0.00000000E+0 1.00345070E+6 0.00000000E+0 7.32241273E+1 4.62319558E-1 3.26585591E+1 1.98960005E-3 8.17418098E-2 1.83951866E-3 -2.03984976E-1 9.23684964E-3
09 17 2014 05 10 21 529 3.50531108E+1 0.00000000E+0 0.00000000E+0 1.00345390E+6 0.00000000E+0 7.30931759E+1 4.46614603E-1 3.26637506E+1 2.60181722E-3 8.85725021E-2 2.09461558E-3 -2.00742483E-1 1.52125192E-2
09 17 2014 05 10 24 532 4.50682853E+1 0.00000000E+0 0.00000000E+0 1.00345710E+6 0.00000000E+0 7.31885433E+1 4.28807352E-1 3.26729119E+1 2.97152980E-3 9.85682011E-2 2.95091945E-3 -1.89542770E-1 1.22631053E-2
09 17 2014 05 10 27 535 5.49317147E+1 0.00000000E+0 0.00000000E+0 1.00346030E+6 0.00000000E+0 7.31547922E+1 4.41502398E-1 3.26854512E+1 2.50886469E-3 1.08197331E-1 2.14438703E-3 -1.63689256E-1 5.51530338E-3
09 17 2014 05 10 30 538 6.49468892E+1 0.00000000E+0 0.00000000E+0 1.00346360E+6 0.00000000E+0 7.30983615E+1 4.68635655E-1 3.26961458E+1 3.30911603E-3 1.11699104E-1 2.24090769E-3 -1.44988298E-1 7.92189645E-3
09 17 2014 05 10 38 546 -6.49468892E+1 1.25567322E+1 0.00000000E+0 1.00347090E+6 0.00000000E+0 7.31518865E+1 4.41115717E-1 3.26930061E+1 2.87167195E-3 1.56238675E-2 1.81494267E-3 -1.10395253E-1 6.64392186E-3
09 17 2014 05 10 41 549 -5.49317147E+1 1.25567322E+1 0.00000000E+0 1.00347410E+6 0.00000000E+0 7.31693506E+1 4.31257609E-1 3.26828361E+1 3.05116465E-3 2.42471695E-2 1.31807222E-3 -1.01429224E-1 1.63031059E-2
09 17 2014 05 10 44 552 -4.50682853E+1 1.25567322E+1 0.00000000E+0 1.00347730E+6 0.00000000E+0 7.31264949E+1 4.64270905E-1 3.26786637E+1 2.50190078E-3 3.15368176E-2 2.55864788E-3 -9.44375992E-2 1.85775997E-2
09 17 2014 05 10 47 555 -3.50531108E+1 1.25567322E+1 0.00000000E+0 1.00348050E+6 0.00000000E+0 7.31922388E+1 4.36928328E-1 3.26753139E+1 2.25235999E-3 3.97920609E-2 1.90758390E-3 -8.54671001E-2 1.44724137E-2
09 17 2014 05 10 50 559 -2.50379363E+1 1.25567322E+1 0.00000000E+0 1.00348370E+6 0.00000000E+0 7.32038170E+1 4.56044995E-1 3.26711982E+1 2.60588889E-3 4.69908118E-2 1.93849541E-3 -8.16807151E-2 1.29431661E-2
09 17 2014 05 10 54 562 0.00000000E+0 1.25567322E+1 0.00000000E+0 1.00348750E+6 0.00000000E+0 7.31368065E+1 4.34309881E-1 3.26715171E+1 2.39965633E-3 7.47680664E-2 2.36326374E-3 -8.46743584E-2 1.17371918E-2
09 17 2014 05 10 58 566 2.50379363E+1 1.25567322E+1 0.00000000E+0 1.00349140E+6 0.00000000E+0 7.31348991E+1 4.33337785E-1 3.26685309E+1 3.06583732E-3 9.07123089E-2 2.50219224E-3 -9.36925411E-2 8.77246992E-3
09 17 2014 05 11 01 569 3.50531108E+1 1.25567322E+1 0.00000000E+0 1.00349460E+6 0.00000000E+0 7.31875896E+1 4.66480308E-1 3.26760173E+1 2.78420489E-3 9.44077969E-2 2.23002552E-3 -9.31322575E-2 1.38726597E-2
09 17 2014 05 11 05 573 4.50682853E+1 1.25567322E+1 0.00000000E+0 1.00349780E+6 0.00000000E+0 7.31520653E+1 4.52262181E-1 3.26802790E+1 3.15741210E-3 1.01828575E-1 2.50073461E-3 -9.06825066E-2 1.15670262E-2
09 17 2014 05 11 08 576 5.49317147E+1 1.25567322E+1 0.00000000E+0 1.00350100E+6 0.00000000E+0 7.32418150E+1 4.52216784E-1 3.26881930E+1 2.82837490E-3 1.10656023E-1 2.49391608E-3 -8.40947032E-2 9.09976065E-3
09 17 2014 05 11 11 579 6.49468892E+1 1.25567322E+1 0.00000000E+0 1.00350420E+6 0.00000000E+0 7.31894374E+1 4.37310404E-1 3.26968014E+1 2.81258277E-3 1.13964081E-1 2.65801404E-3 -7.79271126E-2 4.97383191E-3
09 17 2014 05 11 18 586 -6.49468892E+1 2.49621785E+1 0.00000000E+0 1.00351150E+6 0.00000000E+0 7.30896741E+1 4.12028067E-1 3.26918811E+1 3.12315447E-3 1.76280737E-2 1.96598973E-3 -7.73295760E-2 8.46847206E-3
09 17 2014 05 11 21 590 -5.49317147E+1 2.49621785E+1 0.00000000E+0 1.00351480E+6 0.00000000E+0 7.31840730E+1 4.49887489E-1 3.26865077E+1 3.04247458E-3 2.39431858E-2 2.34919361E-3 -7.78079033E-2 1.53086119E-2
09 17 2014 05 11 25 593 -4.50682853E+1 2.49621785E+1 0.00000000E+0 1.00351800E+6 0.00000000E+0 7.31587410E+1 4.44226815E-1 3.26784968E+1 2.91178555E-3 3.33070755E-2 2.55306582E-3 -7.90476799E-2 1.77535245E-2
09 17 2014 05 11 28 596 -3.50531108E+1 2.49621785E+1 0.00000000E+0 1.00352120E+6 0.00000000E+0 7.31114298E+1 4.29029959E-1 3.26742008E+1 2.84690445E-3 3.93763185E-2 2.58209220E-3 -7.67484307E-2 1.18682986E-2
09 17 2014 05 11 31 599 -2.50379363E+1 2.49621785E+1 0.00000000E+0 1.00352440E+6 0.00000000E+0 7.31780529E+1 4.69047133E-1 3.26687932E+1 2.92414030E-3 4.77015972E-2 2.46842629E-3 -7.72178173E-2 1.28781393E-2
09 17 2014 05 11 35 603 0.00000000E+0 2.49621785E+1 0.00000000E+0 1.00352820E+6 0.00000000E+0 7.31176734E+1 4.38596655E-1 3.26684237E+1 2.90754417E-3 7.15315342E-2 1.92509842E-3 -8.47041607E-2 1.03670228E-2
09 17 2014 05 11 39 607 2.50379363E+1 2.49621785E+1 0.00000000E+0 1.00353200E+6 0.00000000E+0 7.32059479E+1 4.46772231E-1 3.26696873E+1 2.62391591E-3 8.81731510E-2 1.81832476E-3 -8.94486904E-2 9.83087944E-3
09 17 2014 05 11 42 610 3.50531108E+1 2.49621785E+1 0.00000000E+0 1.00353520E+6 0.00000000E+0 7.31211901E+1 4.25660460E-1 3.26734841E+1 2.19248060E-3 9.08017159E-2 2.15171942E-3 -8.79347324E-2 1.59139185E-2
09 17 2014 05 11 45 613 4.50682853E+1 2.49621785E+1 0.00000000E+0 1.00353850E+6 0.00000000E+0 7.31208920E+1 4.54546027E-1 3.26754674E+1 2.48943659E-3 1.03935599E-1 2.04070845E-3 -7.97137618E-2 1.51016242E-2
09 17 2014 05 11 48 616 5.49317147E+1 2.49621785E+1 0.00000000E+0 1.00354170E+6 0.00000000E+0 7.31984973E+1 4.56972389E-1 3.26848388E+1 2.81678791E-3 1.14202499E-1 2.43693278E-3 -6.96063042E-2 6.42251711E-3
09 17 2014 05 11 52 620 6.49468892E+1 2.49621785E+1 0.00000000E+0 1.00354490E+6 0.00000000E+0 7.30985999E+1 4.90285752E-1 3.26922536E+1 2.68530945E-3 1.17117167E-1 2.11433165E-3 -6.25133514E-2 9.40640056E-3
09 17 2014 05 11 59 627 -6.49468892E+1 -2.49621785E+1 5.00000000E+1 1.00355270E+6 0.00000000E+0 7.32269287E+1 4.32827556E-1 3.26947331E+1 2.63657000E-3 3.08156013E-3 1.79138850E-3 -1.94549561E-2 7.57396082E-3
09 17 2014 05 12 03 631 -5.49317147E+1 -2.49621785E+1 5.00000000E+1 1.00355590E+6 0.00000000E+0 7.31830299E+1 4.60461910E-1 3.26895416E+1 3.43865941E-3 2.67922878E-2 2.38557616E-3 -2.26721168E-2 1.55267201E-2
09 17 2014 05 12 06 634 -4.50682853E+1 -2.49621785E+1 5.00000000E+1 1.00355910E+6 0.00000000E+0 7.31527805E+1 4.37256889E-1 3.26807678E+1 2.49614688E-3 3.95476818E-2 2.03443148E-3 -2.93135643E-2 1.44994393E-2
09 17 2014 05 12 09 637 -3.50531108E+1 -2.49621785E+1 5.00000000E+1 1.00356230E+6 0.00000000E+0 7.32041597E+1 4.45847256E-1 3.26694429E+1 2.35428221E-3 5.37693501E-2 2.66376927E-3 -4.70757484E-2 1.51416743E-2
09 17 2014 05 12 12 640 -2.50379363E+1 -2.49621785E+1 5.00000000E+1 1.00356560E+6 0.00000000E+0 7.31574893E+1 4.23082498E-1 3.26828837E+1 2.76230546E-3 -6.30021095E-3 4.35953664E-3 -4.51862812E-2 1.11490274E-2
09 17 2014 05 12 16 644 0.00000000E+0 -2.49621785E+1 5.00000000E+1 1.00356940E+6 0.00000000E+0 7.32053518E+1 4.84229327E-1 3.26771855E+1 2.29724032E-3 2.11119652E-2 2.08276278E-3 -3.52203846E-2 8.93190646E-3
09 17 2014 05 12 20 648 2.50379363E+1 -2.49621785E+1 5.00000000E+1 1.00357320E+6 0.00000000E+0 7.31545687E+1 4.63173004E-1 3.26593220E+1 4.39041177E-3 6.03735447E-2 5.45908608E-3 -3.40521336E-2 1.13738325E-2
09 17 2014 05 12 23 651 3.50531108E+1 -2.49621785E+1 5.00000000E+1 1.00357640E+6 0.00000000E+0 7.31725246E+1 4.41151253E-1 3.25997695E+1 5.33612503E-3 1.33335590E-1 6.79011760E-3 -2.70977616E-2 1.94637155E-2
09 17 2014 05 12 26 654 4.50682853E+1 -2.49621785E+1 5.00000000E+1 1.00357960E+6 0.00000000E+0 7.31677413E+1 4.55710070E-1 3.24939311E+1 1.55384790E-2 2.82222033E-1 2.69025848E-2 -6.56425953E-2 2.59961219E-2
09 17 2014 05 12 30 658 5.49317147E+1 -2.49621785E+1 5.00000000E+1 1.00358280E+6 0.00000000E+0 7.31171370E+1 4.39781846E-1 3.21708679E+1 2.03781133E-2 6.76244497E-1 1.23592090E-2 -9.30368900E-2 2.36094426E-2
09 17 2014 05 12 33 661 6.49468892E+1 -2.49621785E+1 5.00000000E+1 1.00358600E+6 0.00000000E+0 7.32500851E+1 4.69341951E-1 3.20887491E+1 2.71087577E-3 6.99669123E-1 2.41282272E-3 -5.93736768E-2 1.62844409E-2
09 17 2014 05 12 40 668 -6.49468892E+1 -1.25567322E+1 5.00000000E+1 1.00359330E+6 0.00000000E+0 7.31257796E+1 4.41708332E-1 3.21673155E+1 3.88983555E-3 6.21390343E-1 4.94083546E-3 1.14065409E-1 1.28002181E-2
09 17 2014 05 12 43 671 -5.49317147E+1 -1.25567322E+1 5.00000000E+1 1.00359660E+6 0.00000000E+0 7.31836259E+1 4.42688984E-1 3.21467742E+1 3.46971227E-3 6.79060817E-1 3.36974531E-3 1.03577971E-1 1.57034354E-2
09 17 2014 05 12 47 675 -4.50682853E+1 -1.25567322E+1 5.00000000E+1 1.00359980E+6 0.00000000E+0 7.31681585E+1 4.66233211E-1 3.21383834E+1 2.42588939E-3 7.14516640E-1 3.19371313E-3 9.13619995E-2 1.59690528E-2
09 17 2014 05 12 50 678 -3.50531108E+1 -1.25567322E+1 5.00000000E+1 1.00360300E+6 0.00000000E+0 7.30994344E+1 4.69736014E-1 3.21420312E+1 2.88676199E-3 7.45141506E-1 3.22575371E-3 7.88390636E-2 1.32574042E-2
09 17 2014 05 12 53 681 -2.50379363E+1 -1.25567322E+1 5.00000000E+1 1.00360620E+6 0.00000000E+0 7.31784701E+1 4.44957856E-1 3.21457982E+1 3.71446417E-3 7.68512487E-1 2.89270853E-3 6.43432140E-2 1.08531721E-2
09 17 2014 05 12 57 685 0.00000000E+0 -1.25567322E+1 5.00000000E+1 1.00361000E+6 0.00000000E+0 7.30704665E+1 4.55602226E-1 3.21485400E+1 2.64715834E-3 8.18842649E-1 2.84647038E-3 3.38315964E-2 9.22545167E-3
09 17 2014 05 13 01 689 2.50379363E+1 -1.25567322E+1 5.00000000E+1 1.00361380E+6 0.00000000E+0 7.31688738E+1 4.55474552E-1 3.21444198E+1 2.85255608E-3 8.50737095E-1 2.93264544E-3 4.08291817E-3 1.00151413E-2
09 17 2014 05 13 04 692 3.50531108E+1 -1.25567322E+1 5.00000000E+1 1.00361710E+6 0.00000000E+0 7.31529593E+1 4.39498992E-1 3.21529984E+1 4.44072394E-3 8.59725475E-1 2.45950948E-3 -4.25577164E-3 1.83866502E-2
09 17 2014 05 13 07 695 4.50682853E+1 -1.25567322E+1 5.00000000E+1 1.00362030E+6 0.00000000E+0 7.31160641E+1 4.44720636E-1 3.21635604E+1 2.55485224E-3 8.63236189E-1 2.36790361E-3 -1.05142593E-2 2.66039522E-2
09 17 2014 05 13 10 698 5.49317147E+1 -1.25567322E+1 5.00000000E+1 1.00362350E+6 0.00000000E+0 7.31483698E+1 4.28144223E-1 3.21531355E+1 3.46937409E-3 8.74274969E-1 2.76164877E-3 -2.07662582E-2 2.24516451E-2
09 17 2014 05 13 13 701 6.49468892E+1 -1.25567322E+1 5.00000000E+1 1.00362670E+6 0.00000000E+0 7.30804354E+1 4.17623273E-1 3.21480110E+1 2.24564009E-3 8.75629485E-1 2.39477933E-3 -2.41771340E-2 1.43679734E-2
09 17 2014 05 13 21 709 -6.49468892E+1 0.00000000E+0 5.00000000E+1 1.00363400E+6 0.00000000E+0 7.31985569E+1 4.43161176E-1 3.21899295E+1 2.90283284E-3 7.20340014E-1 2.12695811E-3 1.10810995E-1 1.10664748E-2
09 17 2014 05 13 24 712 -5.49317147E+1 0.00000000E+0 5.00000000E+1 1.00363720E+6 0.00000000E+0 7.32423365E+1 4.48904235E-1 3.21912616E+1 2.50807393E-3 7.42182136E-1 2.31109276E-3 1.00634992E-1 1.51311119E-2
09 17 2014 05 13 27 715 -4.50682853E+1 0.00000000E+0 5.00000000E+1 1.00364040E+6 0.00000000E+0 7.31579661E+1 4.37537031E-1 3.21882427E+1 2.87106361E-3 7.58844614E-1 4.05740861E-3 9.55700874E-2 1.60058102E-2
09 17 2014 05 13 30 718 -3.50531108E+1 0.00000000E+0 5.00000000E+1 1.00364360E+6 0.00000000E+0 7.31838942E+1 4.39447530E-1 3.21893692E+1 2.85316945E-3 7.73525238E-1 2.61220284E-3 8.54492188E-2 1.53154748E-2
09 17 2014 05 13 34 722 -2.50379363E+1 0.00000000E+0 5.00000000E+1 1.00364690E+6 0.00000000E+0 7.31233358E+1 4.82353672E-1 3.21900070E+1 2.32100695E-3 7.87121058E-1 2.00607255E-3 8.14616680E-2 1.01379387E-2
09 17 2014 05 13 37 725 0.00000000E+0 0.00000000E+0 5.00000000E+1 1.00365070E+6 0.00000000E+0 7.30916858E+1 4.37221908E-1 3.21324617E+1 6.14806814E-3 8.41341913E-1 3.72923007E-3 6.67944551E-2 9.69103523E-3
09 17 2014 05 13 41 729 2.50379363E+1 0.00000000E+0 5.00000000E+1 1.00365450E+6 0.00000000E+0 7.31825829E+1 4.48775716E-1 3.20682973E+1 4.66409043E-3 8.91745090E-1 3.72345402E-3 5.58942556E-2 9.99841933E-3
09 17 2014 05 13 44 732 3.50531108E+1 0.00000000E+0 5.00000000E+1 1.00365770E+6 0.00000000E+0 7.31440783E+1 4.68796156E-1 3.20522487E+1 2.76311087E-3 9.02569294E-1 2.68101666E-3 5.69462776E-2 1.76860826E-2
09 17 2014 05 13 48 736 4.50682853E+1 0.00000000E+0 5.00000000E+1 1.00366090E+6 0.00000000E+0 7.31676221E+1 4.65788723E-1 3.20383728E+1 3.13382513E-3 9.16141272E-1 2.23498385E-3 5.48124313E-2 2.34094611E-2
09 17 2014 05 13 51 739 5.49317147E+1 0.00000000E+0 5.00000000E+1 1.00366410E+6 0.00000000E+0 7.31023550E+1 4.43070654E-1 3.20347369E+1 2.23264007E-3 9.25648212E-1 1.93919863E-3 4.29093838E-2 2.24396449E-2
09 17 2014 05 13 54 742 6.49468892E+1 0.00000000E+0 5.00000000E+1 1.00366730E+6 0.00000000E+0 7.31731951E+1 4.68298411E-1 3.20280939E+1 3.23051309E-3 9.26159322E-1 2.44159668E-3 3.25068831E-2 1.54996356E-2
09 17 2014 05 14 01 749 -6.49468892E+1 1.25567322E+1 5.00000000E+1 1.00367470E+6 0.00000000E+0 7.31508732E+1 4.42861164E-1 3.20077598E+1 2.35656849E-3 7.63750076E-1 2.72761911E-3 1.50656700E-1 9.24739649E-3
09 17 2014 05 14 05 753 -5.49317147E+1 1.25567322E+1 5.00000000E+1 1.00367790E+6 0.00000000E+0 7.30543584E+1 4.29274173E-1 3.20059136E+1 3.89736446E-3 7.89202750E-1 1.91415068E-3 1.35883689E-1 1.58693118E-2
09 17 2014 05 14 08 756 -4.50682853E+1 1.25567322E+1 5.00000000E+1 1.00368110E+6 0.00000000E+0 7.31438994E+1 4.30347095E-1 3.20098937E+1 2.80598005E-3 8.06993246E-1 2.60872883E-3 1.32429600E-1 1.65269464E-2
09 17 2014 05 14 11 759 -3.50531108E+1 1.25567322E+1 5.00000000E+1 1.00368430E+6 0.00000000E+0 7.31229782E+1 4.46967488E-1 3.20081115E+1 2.78081801E-3 8.20761919E-1 3.16309220E-3 1.23149157E-1 1.17904953E-2
09 17 2014 05 14 14 762 -2.50379363E+1 1.25567322E+1 5.00000000E+1 1.00368750E+6 0.00000000E+0 7.31691718E+1 4.58415440E-1 3.20079684E+1 2.46200185E-3 8.39728117E-1 2.32615720E-3 1.16002560E-1 1.08819419E-2
09 17 2014 05 14 18 766 0.00000000E+0 1.25567322E+1 5.00000000E+1 1.00369130E+6 0.00000000E+0 7.32495636E+1 4.41639388E-1 3.20085362E+1 2.32563800E-3 8.77685845E-1 2.80786805E-3 9.32663679E-2 1.06702081E-2
09 17 2014 05 14 22 770 2.50379363E+1 1.25567322E+1 5.00000000E+1 1.00369510E+6 0.00000000E+0 7.30670244E+1 4.47282292E-1 3.20064053E+1 3.00294447E-3 9.09358263E-1 2.83991791E-3 6.31138682E-2 1.17686374E-2
09 17 2014 05 14 25 773 3.50531108E+1 1.25567322E+1 5.00000000E+1 1.00369840E+6 0.00000000E+0 7.31620789E+1 4.31360216E-1 3.20041895E+1 3.22396785E-3 9.13155079E-1 1.91044399E-3 6.07073307E-2 1.68762933E-2
09 17 2014 05 14 28 776 4.50682853E+1 1.25567322E+1 5.00000000E+1 1.00370160E+6 0.00000000E+0 7.31759071E+1 4.06961728E-1 3.19971800E+1 2.29160083E-3 9.21136141E-1 2.57728836E-3 5.27858734E-2 2.30201685E-2
09 17 2014 05 14 32 780 5.49317147E+1 1.25567322E+1 5.00000000E+1 1.00370480E+6 0.00000000E+0 7.31750727E+1 4.34381292E-1 3.19927335E+1 2.93776726E-3 9.27567482E-1 1.95766267E-3 3.84151936E-2 1.93246379E-2
09 17 2014 05 14 35 783 6.49468892E+1 1.25567322E+1 5.00000000E+1 1.00370800E+6 0.00000000E+0 7.32244551E+1 4.31469978E-1 3.19868177E+1 2.80209459E-3 9.28401947E-1 2.20112564E-3 2.46763229E-2 1.69406984E-2
09 17 2014 05 14 42 790 -6.49468892E+1 2.49621785E+1 5.00000000E+1 1.00371530E+6 0.00000000E+0 7.31226802E+1 4.89579295E-1 3.19365263E+1 2.72471093E-3 7.71760941E-1 2.54267398E-3 1.43623352E-1 1.37298991E-2
09 17 2014 05 14 45 793 -5.49317147E+1 2.49621785E+1 5.00000000E+1 1.00371850E+6 0.00000000E+0 7.31606483E+1 4.40293206E-1 3.19398940E+1 2.48581797E-3 7.94172287E-1 2.31898396E-3 1.26510859E-1 1.44428948E-2
09 17 2014 05 14 48 797 -4.50682853E+1 2.49621785E+1 5.00000000E+1 1.00372170E+6 0.00000000E+0 7.31669664E+1 4.51327577E-1 3.19451392E+1 2.87429212E-3 8.11141729E-1 2.60953149E-3 1.26159191E-1 1.28574017E-2
09 17 2014 05 14 52 800 -3.50531108E+1 2.49621785E+1 5.00000000E+1 1.00372500E+6 0.00000000E+0 7.31782317E+1 4.55159554E-1 3.19354475E+1 3.10750903E-3 8.27580690E-1 3.00083443E-3 1.14923716E-1 1.44258782E-2
09 17 2014 05 14 55 803 -2.50379363E+1 2.49621785E+1 5.00000000E+1 1.00372820E+6 0.00000000E+0 7.32265413E+1 4.72776262E-1 3.19156796E+1 2.48339971E-3 8.54656100E-1 2.90077299E-3 1.07012689E-1 8.26373134E-3
09 17 2014 05 14 59 807 0.00000000E+0 2.49621785E+1 5.00000000E+1 1.00373200E+6 0.00000000E+0 7.30991364E+1 4.41833865E-1 3.19147035E+1 2.66896395E-3 9.00693238E-1 2.83339484E-3 9.08151269E-2 9.70837202E-3
09 17 2014 05 15 03 811 2.50379363E+1 2.49621785E+1 5.00000000E+1 1.00373580E+6 0.00000000E+0 7.31903315E+1 4.49509381E-1 3.19035590E+1 3.36007629E-3 9.38832760E-1 2.74617483E-3 6.83367252E-2 1.03211373E-2
09 17 2014 05 15 06 814 3.50531108E+1 2.49621785E+1 5.00000000E+1 1.00373900E+6 0.00000000E+0 7.31604695E+1 4.42042833E-1 3.19001257E+1 2.39335199E-3 9.47993994E-1 2.51911333E-3 6.87479973E-2 1.64637935E-2
09 17 2014 05 15 09 817 4.50682853E+1 2.49621785E+1 5.00000000E+1 1.00374220E+6 0.00000000E+0 7.32061863E+1 4.47249963E-1 3.19291353E+1 4.51175437E-3 9.55557823E-1 2.70061286E-3 6.22928143E-2 2.12340693E-2
09 17 2014 05 15 12 820 5.49317147E+1 2.49621785E+1 5.00000000E+1 1.00374540E+6 0.00000000E+0 7.31410086E+1 4.59906468E-1 3.19575816E+1 3.78299369E-3 9.52057540E-1 2.17382697E-3 5.75557351E-2 1.73207019E-2
09 17 2014 05 15 15 823 6.49468892E+1 2.49621785E+1 5.00000000E+1 1.00374870E+6 0.00000000E+0 7.31599331E+1 4.50936491E-1 3.19964767E+1 4.35002591E-3 9.44119692E-1 2.61382723E-3 4.67300415E-2 1.60414669E-2
09 17 2014 05 15 23 831 -6.49468892E+1 -2.49621785E+1 1.00000000E+2 1.00375650E+6 0.00000000E+0 7.31229186E+1 4.14422886E-1 3.21175396E+1 4.53531177E-3 7.59214163E-1 2.86986502E-3 1.82336569E-1 9.22900808E-3
09 17 2014 05 15 26 834 -5.49317147E+1 -2.49621785E+1 1.00000000E+2 1.00375970E+6 0.00000000E+0 7.31783509E+1 4.33250868E-1 3.21714163E+1 3.33458697E-3 7.71981478E-1 2.51822245E-3 1.71047449E-1 1.48049701E-2
09 17 2014 05 15 30 838 -4.50682853E+1 -2.49621785E+1 1.00000000E+2 1.00376290E+6 0.00000000E+0 7.31573999E+1 4.73780346E-1 3.22097093E+1 3.20726163E-3 7.78451562E-1 2.75435379E-3 1.64434314E-1 1.54295616E-2
09 17 2014 05 15 33 841 -3.50531108E+1 -2.49621785E+1 1.00000000E+2 1.00376610E+6 0.00000000E+0 7.31188655E+1 4.55368067E-1 3.22350442E+1 3.60009873E-3 7.80397654E-1 3.39528460E-3 1.57082081E-1 1.16059515E-2
09 17 2014 05 15 36 844 -2.50379363E+1 -2.49621785E+1 1.00000000E+2 1.00376930E+6 0.00000000E+0 7.31519461E+1 4.47406547E-1 3.22507679E+1 2.84015713E-3 7.84474611E-1 2.34122055E-3 1.44809484E-1 8.88172368E-3
09 17 2014 05 15 40 848 0.00000000E+0 -2.49621785E+1 1.00000000E+2 1.00377320E+6 0.00000000E+0 7.30932951E+1 4.51595963E-1 3.22642684E+1 2.69187474E-3 8.09729099E-1 2.39435962E-3 1.24996901E-1 1.13211818E-2
09 17 2014 05 15 44 852 2.50379363E+1 -2.49621785E+1 1.00000000E+2 1.00377700E+6 0.00000000E+0 7.31640458E+1 4.52800342E-1 3.22487533E+1 2.36853526E-3 8.27014446E-1 2.47998152E-3 1.08253956E-1 1.03351158E-2
09 17 2014 05 15 47 855 3.50531108E+1 -2.49621785E+1 1.00000000E+2 1.00378020E+6 0.00000000E+0 7.30679184E+1 4.45158032E-1 3.22287604E+1 2.74163009E-3 8.32967460E-1 2.77869967E-3 1.02348626E-1 1.87955398E-2
09 17 2014 05 15 50 858 4.50682853E+1 -2.49621785E+1 1.00000000E+2 1.00378340E+6 0.00000000E+0 7.31256604E+1 4.15176848E-1 3.22055161E+1 3.65784859E-3 8.42684507E-1 2.94335666E-3 1.10638142E-1 3.20594704E-2
09 17 2014 05 15 53 861 5.49317147E+1 -2.49621785E+1 1.00000000E+2 1.00378660E+6 0.00000000E+0 7.31250644E+1 4.30056822E-1 3.21711540E+1 3.36655316E-3 8.52966309E-1 3.11811129E-3 1.11758709E-1 2.72832785E-2
09 17 2014 05 15 57 865 6.49468892E+1 -2.49621785E+1 1.00000000E+2 1.00378980E+6 0.00000000E+0 7.31617808E+1 4.30345531E-1 3.21381986E+1 2.77957377E-3 8.56357813E-1 2.41605732E-3 1.09350681E-1 1.86647401E-2
09 17 2014 05 16 04 872 -6.49468892E+1 -1.25567322E+1 1.00000000E+2 1.00379720E+6 0.00000000E+0 7.31869340E+1 4.42459176E-1 3.21918130E+1 2.66574104E-3 7.38358498E-1 2.58803976E-3 2.32243538E-1 5.82742282E-3
09 17 2014 05 16 07 875 -5.49317147E+1 -1.25567322E+1 1.00000000E+2 1.00380040E+6 0.00000000E+0 7.31200576E+1 4.63343978E-1 3.21876943E+1 3.24041484E-3 7.57563114E-1 1.90259787E-3 2.22128630E-1 1.42813198E-2
09 17 2014 05 16 10 878 -4.50682853E+1 -1.25567322E+1 1.00000000E+2 1.00380360E+6 0.00000000E+0 7.32045621E+1 4.63468991E-1 3.21905985E+1 1.91810612E-3 7.72438943E-1 3.45082068E-3 2.19717622E-1 1.29682230E-2
09 17 2014 05 16 14 882 -3.50531108E+1 -1.25567322E+1 1.00000000E+2 1.00380680E+6 0.00000000E+0 7.31515288E+1 4.43908564E-1 3.21938217E+1 3.04300922E-3 7.84945488E-1 2.21620635E-3 2.15983391E-1 1.36349473E-2
09 17 2014 05 16 17 885 -2.50379363E+1 -1.25567322E+1 1.00000000E+2 1.00381000E+6 0.00000000E+0 7.31675029E+1 4.42969893E-1 3.21953058E+1 2.31045350E-3 8.00406933E-1 2.20392154E-3 2.11817026E-1 8.94803658E-3
09 17 2014 05 16 21 889 0.00000000E+0 -1.25567322E+1 1.00000000E+2 1.00381380E+6 0.00000000E+0 7.32004046E+1 4.19302958E-1 3.21878791E+1 3.52668253E-3 8.36318731E-1 2.42662153E-3 1.96218491E-1 1.01790024E-2
09 17 2014 05 16 24 892 2.50379363E+1 -1.25567322E+1 1.00000000E+2 1.00381760E+6 0.00000000E+0 7.31631517E+1 4.48585064E-1 3.21742117E+1 2.63292930E-3 8.55016708E-1 2.30747336E-3 1.74045563E-1 1.03725423E-2
09 17 2014 05 16 28 896 3.50531108E+1 -1.25567322E+1 1.00000000E+2 1.00382090E+6 0.00000000E+0 7.32358545E+1 4.51610716E-1 3.21707651E+1 2.28536728E-3 8.57770443E-1 2.60920425E-3 1.66498125E-1 2.10728721E-2
09 17 2014 05 16 31 899 4.50682853E+1 -1.25567322E+1 1.00000000E+2 1.00382410E+6 0.00000000E+0 7.31304884E+1 4.13443835E-1 3.21592391E+1 3.75917360E-3 8.65256786E-1 2.73788266E-3 1.76852942E-1 2.96940714E-2
09 17 2014 05 16 34 902 5.49317147E+1 -1.25567322E+1 1.00000000E+2 1.00382730E+6 0.00000000E+0 7.31518269E+1 4.27570932E-1 3.21508169E+1 3.75071308E-3 8.70239735E-1 2.62343129E-3 1.74403191E-1 2.95813297E-2
09 17 2014 05 16 37 905 6.49468892E+1 -1.25567322E+1 1.00000000E+2 1.00383050E+6 0.00000000E+0 7.32139498E+1 4.51082180E-1 3.21386829E+1 3.19611903E-3 8.61428678E-1 2.39616356E-3 1.67846680E-1 1.72586070E-2
09 17 2014 05 16 45 913 -6.49468892E+1 0.00000000E+0 1.00000000E+2 1.00383790E+6 0.00000000E+0 7.32127577E+1 4.55726313E-1 3.21892500E+1 2.99022905E-3 7.43865967E-1 2.00281067E-3 2.86228955E-1 5.41573610E-3
09 17 2014 05 16 48 916 -5.49317147E+1 0.00000000E+0 1.00000000E+2 1.00384110E+6 0.00000000E+0 7.31225610E+1 4.54850189E-1 3.21897268E+1 2.56959372E-3 7.63267279E-1 3.23866017E-3 2.80964375E-1 1.25792277E-2
09 17 2014 05 16 51 919 -4.50682853E+1 0.00000000E+0 1.00000000E+2 1.00384430E+6 0.00000000E+0 7.31784105E+1 4.64267043E-1 3.21883559E+1 2.94132942E-3 7.77232647E-1 3.04905578E-3 2.82448530E-1 1.61697924E-2
09 17 2014 05 16 54 922 -3.50531108E+1 0.00000000E+0 1.00000000E+2 1.00384760E+6 0.00000000E+0 7.31628537E+1 4.60752199E-1 3.21905673E+1 2.53721891E-3 7.92866945E-1 2.52154678E-3 2.78204679E-1 1.74050236E-2
09 17 2014 05 16 58 926 -2.50379363E+1 0.00000000E+0 1.00000000E+2 1.00385080E+6 0.00000000E+0 7.31713772E+1 4.30519978E-1 3.21915925E+1 1.96044017E-3 8.07040930E-1 1.93401374E-3 2.72148848E-1 7.00222472E-3
09 17 2014 05 17 01 929 0.00000000E+0 0.00000000E+0 1.00000000E+2 1.00385460E+6 0.00000000E+0 7.31882453E+1 4.00785120E-1 3.21837485E+1 2.25132204E-3 8.39030743E-1 2.31675744E-3 2.46882439E-1 1.11529529E-2
09 17 2014 05 17 05 933 2.50379363E+1 0.00000000E+0 1.00000000E+2 1.00385840E+6 0.00000000E+0 7.31783509E+1 4.45462855E-1 3.21714818E+1 3.01837976E-3 8.60631466E-1 3.03543562E-3 2.23886967E-1 1.01508137E-2
09 17 2014 05 17 08 936 3.50531108E+1 0.00000000E+0 1.00000000E+2 1.00386160E+6 0.00000000E+0 7.31230974E+1 4.46162527E-1 3.21627319E+1 3.02234188E-3 8.61287117E-1 3.17478120E-3 2.18522549E-1 2.02102504E-2
09 17 2014 05 17 12 940 4.50682853E+1 0.00000000E+0 1.00000000E+2 1.00386480E+6 0.00000000E+0 7.32638687E+1 4.36656803E-1 3.21557224E+1 2.90293590E-3 8.64408910E-1 2.50669245E-3 2.14010477E-1 3.15404292E-2
09 17 2014 05 17 15 943 5.49317147E+1 0.00000000E+0 1.00000000E+2 1.00386800E+6 0.00000000E+0 7.31719732E+1 4.42388954E-1 3.21423531E+1 3.15692053E-3 8.66508484E-1 3.25104380E-3 2.10040808E-1 2.54161031E-2
09 17 2014 05 17 18 946 6.49468892E+1 0.00000000E+0 1.00000000E+2 1.00387120E+6 0.00000000E+0 7.32232332E+1 4.59696562E-1 3.21255147E+1 2.13468034E-3 8.66532326E-1 2.03006105E-3 1.97470188E-1 1.96281939E-2
09 17 2014 05 17 25 953 -6.49468892E+1 1.25567322E+1 1.00000000E+2 1.00387860E+6 0.00000000E+0 7.31644630E+1 4.35052897E-1 3.21652114E+1 1.99185432E-3 7.56061077E-1 1.83177706E-3 3.10891867E-1 5.13911102E-3
09 17 2014 05 17 29 957 -5.49317147E+1 1.25567322E+1 1.00000000E+2 1.00388180E+6 0.00000000E+0 7.31815696E+1 4.38603784E-1 3.21737587E+1 2.91424401E-3 7.73018599E-1 1.91926177E-3 3.04591656E-1 1.35139109E-2
09 17 2014 05 17 32 960 -4.50682853E+1 1.25567322E+1 1.00000000E+2 1.00388500E+6 0.00000000E+0 7.31508136E+1 4.23049934E-1 3.21745098E+1 2.61840158E-3 7.88205862E-1 3.36785815E-3 3.00383568E-1 1.35765667E-2
09 17 2014 05 17 35 963 -3.50531108E+1 1.25567322E+1 1.00000000E+2 1.00388820E+6 0.00000000E+0 7.31658190E+1 4.47963168E-1 3.21751758E+1 2.87636931E-3 8.02941620E-1 2.14972341E-3 2.88173556E-1 1.22830601E-2
09 17 2014 05 17 38 966 -2.50379363E+1 1.25567322E+1 1.00000000E+2 1.00389140E+6 0.00000000E+0 7.32268095E+1 4.61999386E-1 3.21830392E+1 2.59014859E-3 8.12888145E-1 2.11593175E-3 2.83873081E-1 1.03911366E-2
09 17 2014 05 17 42 970 0.00000000E+0 1.25567322E+1 1.00000000E+2 1.00389520E+6 0.00000000E+0 7.31347799E+1 4.39508288E-1 3.21793199E+1 2.93103825E-3 8.42446089E-1 2.02691773E-3 2.65455246E-1 1.18956549E-2
09 17 2014 05 17 46 974 2.50379363E+1 1.25567322E+1 1.00000000E+2 1.00389910E+6 0.00000000E+0 7.32423663E+1 4.16249946E-1 3.21688354E+1 3.08804865E-3 8.60822201E-1 2.23016806E-3 2.31438875E-1 1.18997961E-2
09 17 2014 05 17 49 977 3.50531108E+1 1.25567322E+1 1.00000000E+2 1.00390230E+6 0.00000000E+0 7.31691122E+1 4.44124452E-1 3.21616650E+1 2.47844293E-3 8.58950615E-1 2.01504719E-3 2.24894285E-1 1.86490000E-2
09 17 2014 05 17 52 980 4.50682853E+1 1.25567322E+1 1.00000000E+2 1.00390550E+6 0.00000000E+0 7.32953101E+1 4.10687328E-1 3.21498439E+1 2.79433923E-3 8.63343477E-1 2.95116234E-3 2.16953456E-1 3.18601472E-2
09 17 2014 05 17 55 983 5.49317147E+1 1.25567322E+1 1.00000000E+2 1.00390870E+6 0.00000000E+0 7.31570125E+1 4.23662657E-1 3.21412981E+1 3.33020468E-3 8.69697332E-1 2.99174819E-3 2.14946270E-1 2.50168224E-2
09 17 2014 05 17 59 987 6.49468892E+1 1.25567322E+1 1.00000000E+2 1.00391190E+6 0.00000000E+0 7.32173324E+1 4.31285769E-1 3.21285844E+1 2.88676199E-3 8.64785910E-1 1.40320658E-3 1.98233128E-1 1.94190779E-2
09 17 2014 05 18 06 994 -6.49468892E+1 2.49621785E+1 1.00000000E+2 1.00391920E+6 0.00000000E+0 7.32008219E+1 4.29847067E-1 3.21616769E+1 3.61271335E-3 7.62945414E-1 2.23471612E-3 3.17966938E-1 7.25710529E-3
09 17 2014 05 18 09 997 -5.49317147E+1 2.49621785E+1 1.00000000E+2 1.00392240E+6 0.00000000E+0 7.31832385E+1 4.21290184E-1 3.21681201E+1 3.05542086E-3 7.81238079E-1 2.48450126E-3 3.14325094E-1 1.22899653E-2
09 17 2014 05 18 12 1000 -4.50682853E+1 2.49621785E+1 1.00000000E+2 1.00392570E+6 0.00000000E+0 7.31852651E+1 4.53022687E-1 3.21728230E+1 3.11355044E-3 7.95865059E-1 2.77546046E-3 3.06731462E-1 1.44347932E-2
09 17 2014 05 18 16 1004 -3.50531108E+1 2.49621785E+1 1.00000000E+2 1.00392890E+6 0.00000000E+0 7.31533021E+1 4.51592937E-1 3.21756452E+1 2.69665185E-3 8.06257129E-1 2.70857042E-3 2.95713544E-1 1.36531418E-2
09 17 2014 05 18 19 1007 -2.50379363E+1 2.49621785E+1 1.00000000E+2 1.00393210E+6 0.00000000E+0 7.32023716E+1 4.48850975E-1 3.21773827E+1 2.62644449E-3 8.17269087E-1 1.57953788E-3 2.82979012E-1 1.04146829E-2
09 17 2014 05 18 23 1011 0.00000000E+0 2.49621785E+1 1.00000000E+2 1.00393590E+6 0.00000000E+0 7.31546283E+1 4.61106754E-1 3.21756840E+1 2.55253844E-3 8.42398405E-1 2.01061602E-3 2.57456303E-1 1.13124330E-2
09 17 2014 05 18 26 1015 2.50379363E+1 2.49621785E+1 1.00000000E+2 1.00393970E+6 0.00000000E+0 7.32001066E+1 4.62254004E-1 3.21700633E+1 2.39403941E-3 8.59302282E-1 3.08984045E-3 2.30252743E-1 1.30211254E-2
09 17 2014 05 18 30 1018 3.50531108E+1 2.49621785E+1 1.00000000E+2 1.00394290E+6 0.00000000E+0 7.31527060E+1 4.45637101E-1 3.21646556E+1 1.69132665E-3 8.57226551E-1 1.52256523E-3 2.14420259E-1 2.00273366E-2
09 17 2014 05 18 33 1021 4.50682853E+1 2.49621785E+1 1.00000000E+2 1.00394620E+6 0.00000000E+0 7.31613040E+1 4.31576671E-1 3.21556866E+1 3.26685085E-3 8.60100985E-1 1.83723013E-3 2.17884779E-1 2.86930561E-2
09 17 2014 05 18 36 1024 5.49317147E+1 2.49621785E+1 1.00000000E+2 1.00394940E+6 0.00000000E+0 7.31795430E+1 4.26605268E-1 3.21430504E+1 3.70679959E-3 8.62777233E-1 2.38120369E-3 2.08103657E-1 2.36881818E-2
09 17 2014 05 18 39 1027 6.49468892E+1 2.49621785E+1 1.00000000E+2 1.00395260E+6 0.00000000E+0 7.31484890E+1 4.58587788E-1 3.21342051E+1 2.89658434E-3 8.60166550E-1 1.77508323E-3 1.93309784E-1 2.09504188E-2
