Month Day Year Hour Minute Second Time_s x y z Current CurrentError 1Axis 1AxisError Bx BxError By ByError Bz BzError
09 17 2014 03 11 24 18 -6.99544765E+1 -2.99546142E+1 -1.00000000E+2 9.96316800E+5 0.00000000E+0 7.33437389E+1 4.51937121E-1 3.25193554E+1 2.89815902E-3 8.76933336E-3 2.14089120E-3 -1.71072781E-1 8.99615242E-3
09 17 2014 03 11 28 22 -6.99544765E+1 -2.99546142E+1 -5.00000000E+1 9.96321400E+5 0.00000000E+0 7.32816458E+1 4.33505675E-1 3.25461268E+1 2.99939470E-3 2.70128250E-2 2.81713308E-3 -2.07960606E-1 5.69866605E-3
09 17 2014 03 11 33 27 -6.99544765E+1 -2.99546142E+1 0.00000000E+0 9.96325900E+5 0.00000000E+0 7.32800364E+1 4.68414444E-1 3.25763002E+1 3.34925601E-3 -1.49011612E-4 1.47132147E-3 -1.89274549E-1 5.21940691E-3
09 17 2014 03 11 37 31 -6.99544765E+1 -2.99546142E+1 5.00000000E+1 9.96330400E+5 0.00000000E+0 7.32612014E+1 4.24236558E-1 3.25595200E+1 2.44901842E-3 -3.28540802E-2 2.19313720E-3 -1.07681751E-1 3.27682350E-3
09 17 2014 03 11 42 36 -6.99544765E+1 -2.99546142E+1 1.00000000E+2 9.96334900E+5 0.00000000E+0 7.32183456E+1 4.37969803E-1 3.25214192E+1 2.50167968E-3 -3.01599503E-2 1.32817196E-3 -5.73322177E-2 3.78864771E-3
09 17 2014 03 11 52 46 0.00000000E+0 -2.99546142E+1 -1.00000000E+2 9.96344900E+5 0.00000000E+0 7.32894540E+1 4.45781553E-1 3.25220227E+1 2.60500616E-3 8.17418098E-2 1.50992379E-3 -2.10869312E-1 9.10740741E-3
09 17 2014 03 11 56 50 0.00000000E+0 -2.99546142E+1 -5.00000000E+1 9.96349500E+5 0.00000000E+0 7.32519478E+1 4.19292410E-1 3.25339809E+1 2.80997604E-3 8.82744789E-2 1.74822228E-3 -1.95175409E-1 6.67678450E-3
09 17 2014 03 12 01 55 0.00000000E+0 -2.99546142E+1 0.00000000E+0 9.96354000E+5 0.00000000E+0 7.32691884E+1 4.62646076E-1 3.25414002E+1 2.19043282E-3 7.61508942E-2 2.00395558E-3 -1.93470716E-1 8.54879528E-3
09 17 2014 03 12 05 59 0.00000000E+0 -2.99546142E+1 5.00000000E+1 9.96358500E+5 0.00000000E+0 7.32561350E+1 4.06070437E-1 3.25263679E+1 2.65476903E-3 5.56886196E-2 2.16218284E-3 -1.54513121E-1 4.61424571E-3
