Month Day Year Hour Minute Second Time_s x y z Current CurrentError 1Axis 1AxisError Bx BxError By ByError Bz BzError
09 16 2014 18 18 00 12 -6.99544765E+1 -2.99546142E+1 -1.00000000E+2 9.64313300E+5 0.00000000E+0 7.34301805E+1 4.58839653E-1 9.36925411E-2 3.08940470E-3 5.04970551E-2 1.77760956E-3 3.39043140E-1 2.73700834E-3
09 16 2014 18 18 05 17 -6.99544765E+1 -2.99546142E+1 -5.00000000E+1 9.64317800E+5 0.00000000E+0 7.34365582E+1 4.45852888E-1 1.42711401E-1 3.11803333E-3 7.67827034E-2 1.99509038E-3 2.54410505E-1 2.90313557E-3
09 16 2014 18 18 09 21 -6.99544765E+1 -2.99546142E+1 0.00000000E+0 9.64322400E+5 0.00000000E+0 7.34166503E+1 4.28984403E-1 1.97273493E-1 2.53863349E-3 3.82065773E-2 2.15429013E-3 2.53212452E-1 3.62238939E-3
09 16 2014 18 18 14 26 -6.99544765E+1 -2.99546142E+1 5.00000000E+1 9.64326900E+5 0.00000000E+0 7.34345913E+1 4.49876936E-1 1.75547600E-1 2.88792767E-3 -1.97291374E-2 1.96547925E-3 3.39126587E-1 3.84819544E-3
09 16 2014 18 18 18 30 -6.99544765E+1 -2.99546142E+1 1.00000000E+2 9.64331400E+5 0.00000000E+0 7.34475255E+1 4.42122919E-1 1.36822462E-1 2.46179931E-3 -1.98855996E-2 2.05889260E-3 3.85262072E-1 2.57455960E-3
09 16 2014 18 18 28 40 0.00000000E+0 -2.99546142E+1 -1.00000000E+2 9.64341400E+5 0.00000000E+0 7.34387636E+1 4.42203955E-1 1.91384554E-1 2.93597818E-3 1.07485056E-1 2.07101370E-3 3.21382284E-1 3.66663048E-3
09 16 2014 18 18 33 45 0.00000000E+0 -2.99546142E+1 -5.00000000E+1 9.64345900E+5 0.00000000E+0 7.34058022E+1 4.55259325E-1 2.17579305E-1 2.74240748E-3 1.31465495E-1 2.11159497E-3 3.09519470E-1 3.34182253E-3
09 16 2014 18 18 37 50 0.00000000E+0 -2.99546142E+1 0.00000000E+0 9.64350400E+5 0.00000000E+0 7.33820200E+1 4.51804797E-1 2.39509344E-1 2.31455301E-3 1.21855736E-1 2.47608794E-3 2.89809704E-1 3.33335310E-3
09 16 2014 18 18 42 54 0.00000000E+0 -2.99546142E+1 5.00000000E+1 9.64355000E+5 0.00000000E+0 7.33450800E+1 4.49124690E-1 2.27898359E-1 2.57355895E-3 7.35968351E-2 2.38770979E-3 3.11911106E-1 3.52020813E-3
