Month Day Year Hour Minute Second Time_s x y z Current CurrentError 1Axis 1AxisError Bx BxError By ByError Bz BzError
09 16 2014 21 04 34 29 -6.49468892E+1 -2.49621785E+1 -1.00000000E+2 9.74307400E+5 0.00000000E+0 7.30881095E+1 4.33036127E-1 1.00964308E-1 2.70223946E-3 1.00821257E-1 1.99170412E-3 3.34519148E-1 3.76700462E-3
09 16 2014 21 04 37 33 -5.49317147E+1 -2.49621785E+1 -1.00000000E+2 9.74310600E+5 0.00000000E+0 7.29872286E+1 4.30064840E-1 1.17696822E-1 2.75876800E-3 1.03726983E-1 1.46963025E-3 3.30977142E-1 3.38211937E-3
09 16 2014 21 04 41 36 -4.50682853E+1 -2.49621785E+1 -1.00000000E+2 9.74313900E+5 0.00000000E+0 7.30731487E+1 4.16882375E-1 1.30343437E-1 2.24104120E-3 1.05434656E-1 2.22162482E-3 3.27450037E-1 3.07041424E-3
09 16 2014 21 04 44 39 -3.50531108E+1 -2.49621785E+1 -1.00000000E+2 9.74317100E+5 0.00000000E+0 7.30740428E+1 4.58599380E-1 1.37984753E-1 2.66237201E-3 1.17242336E-1 2.40713295E-3 3.27515602E-1 3.60137101E-3
09 16 2014 21 04 47 42 -2.50379363E+1 -2.49621785E+1 -1.00000000E+2 9.74320300E+5 0.00000000E+0 7.30660558E+1 4.49442549E-1 1.47199631E-1 2.19354640E-3 1.24210119E-1 2.33232249E-3 3.25953960E-1 3.01580779E-3
09 16 2014 21 04 51 46 0.00000000E+0 -2.49621785E+1 -1.00000000E+2 9.74324100E+5 0.00000000E+0 7.31058419E+1 4.32395363E-1 1.57132745E-1 2.77764466E-3 1.45718455E-1 2.59970107E-3 3.19518149E-1 2.75498789E-3
09 16 2014 21 04 55 50 2.50379363E+1 -2.49621785E+1 -1.00000000E+2 9.74327900E+5 0.00000000E+0 7.31461495E+1 4.66121629E-1 1.49302185E-1 2.35377980E-3 1.69076025E-1 1.82962960E-3 3.17223370E-1 3.27061536E-3
09 16 2014 21 04 58 53 3.50531108E+1 -2.49621785E+1 -1.00000000E+2 9.74331100E+5 0.00000000E+0 7.30614662E+1 4.63222076E-1 1.39611959E-1 2.63349738E-3 1.77830458E-1 2.48130063E-3 3.17895412E-1 3.26218270E-3
09 16 2014 21 05 01 56 4.50682853E+1 -2.49621785E+1 -1.00000000E+2 9.74334400E+5 0.00000000E+0 7.31180310E+1 4.50938858E-1 1.29383802E-1 2.40084045E-3 1.86765194E-1 1.97860206E-3 3.17269564E-1 3.04109146E-3
09 16 2014 21 05 04 59 5.49317147E+1 -2.49621785E+1 -1.00000000E+2 9.74337600E+5 0.00000000E+0 7.31048733E+1 4.57130808E-1 1.11326575E-1 2.14173459E-3 1.94497406E-1 1.82457402E-3 3.14235687E-1 3.12470872E-3
09 16 2014 21 05 08 63 6.49468892E+1 -2.49621785E+1 -1.00000000E+2 9.74340800E+5 0.00000000E+0 7.30909705E+1 4.64244774E-1 8.63671303E-2 2.33649567E-3 2.06428766E-1 1.42121378E-3 3.07506323E-1 2.99074802E-3
09 16 2014 21 05 15 70 -6.49468892E+1 -1.25567322E+1 -1.00000000E+2 9.74348100E+5 0.00000000E+0 7.31360912E+1 4.27757970E-1 1.06468797E-1 2.84470934E-3 1.09434128E-1 2.63557694E-3 3.26462090E-1 2.64561154E-3
09 16 2014 21 05 18 73 -5.49317147E+1 -1.25567322E+1 -1.00000000E+2 9.74351300E+5 0.00000000E+0 7.31275678E+1 4.41366494E-1 1.17784739E-1 3.23579523E-3 1.12879276E-1 2.51929889E-3 3.22854519E-1 2.70600803E-3
09 16 2014 21 05 21 76 -4.50682853E+1 -1.25567322E+1 -1.00000000E+2 9.74354500E+5 0.00000000E+0 7.30544329E+1 4.62796760E-1 1.27023458E-1 2.58597983E-3 1.20174885E-1 2.23351928E-3 3.18753719E-1 2.96044052E-3
09 16 2014 21 05 25 80 -3.50531108E+1 -1.25567322E+1 -1.00000000E+2 9.74357800E+5 0.00000000E+0 7.31248856E+1 4.35439681E-1 1.36148930E-1 2.72138743E-3 1.27184391E-1 2.07916858E-3 3.16613913E-1 3.36585882E-3
09 16 2014 21 05 28 83 -2.50379363E+1 -1.25567322E+1 -1.00000000E+2 9.74361000E+5 0.00000000E+0 7.31263310E+1 4.52719408E-1 1.43475831E-1 2.54448545E-3 1.31607056E-1 2.21699367E-3 3.16761434E-1 2.96995258E-3
09 16 2014 21 05 32 87 0.00000000E+0 -1.25567322E+1 -1.00000000E+2 9.74364800E+5 0.00000000E+0 7.30704665E+1 4.28045400E-1 1.48898363E-1 2.40339366E-3 1.48248672E-1 2.06382342E-3 3.14205885E-1 3.61535719E-3
09 16 2014 21 05 35 91 2.50379363E+1 -1.25567322E+1 -1.00000000E+2 9.74368600E+5 0.00000000E+0 7.30830431E+1 4.17108356E-1 1.41298771E-1 2.48468188E-3 1.68269873E-1 2.35625108E-3 3.12882662E-1 3.40733499E-3
09 16 2014 21 05 39 94 3.50531108E+1 -1.25567322E+1 -1.00000000E+2 9.74371800E+5 0.00000000E+0 7.31327534E+1 4.29198684E-1 1.31773949E-1 2.71987540E-3 1.75005198E-1 1.98101043E-3 3.15093994E-1 3.43669401E-3
09 16 2014 21 05 42 97 4.50682853E+1 -1.25567322E+1 -1.00000000E+2 9.74375100E+5 0.00000000E+0 7.29937851E+1 4.23637876E-1 1.18456781E-1 2.11271632E-3 1.81853771E-1 2.78279867E-3 3.06971371E-1 3.74943538E-3
09 16 2014 21 05 45 100 5.49317147E+1 -1.25567322E+1 -1.00000000E+2 9.74378300E+5 0.00000000E+0 7.30762482E+1 4.44620893E-1 1.04886293E-1 2.78210201E-3 1.83832645E-1 3.71977624E-3 3.09354067E-1 3.06070378E-3
09 16 2014 21 05 48 103 6.49468892E+1 -1.25567322E+1 -1.00000000E+2 9.74381500E+5 0.00000000E+0 7.31179714E+1 4.18021882E-1 8.46147537E-2 2.56452404E-3 1.92356110E-1 1.53561205E-3 3.02356482E-1 2.88271082E-3
09 16 2014 21 05 56 111 -6.49468892E+1 0.00000000E+0 -1.00000000E+2 9.74388900E+5 0.00000000E+0 7.30636716E+1 4.45780815E-1 1.01602077E-1 2.28195222E-3 1.20419264E-1 1.77839830E-3 3.21727991E-1 3.57298846E-3
09 16 2014 21 05 59 114 -5.49317147E+1 0.00000000E+0 -1.00000000E+2 9.74392100E+5 0.00000000E+0 7.30428100E+1 4.53332830E-1 1.16914511E-1 2.40653215E-3 1.22241676E-1 2.45427146E-3 3.19994986E-1 3.37672281E-3
09 16 2014 21 06 02 117 -4.50682853E+1 0.00000000E+0 -1.00000000E+2 9.74395400E+5 0.00000000E+0 7.31490254E+1 4.70361417E-1 1.28376484E-1 2.32732247E-3 1.25569105E-1 1.44728801E-3 3.19337845E-1 3.81892998E-3
09 16 2014 21 06 05 120 -3.50531108E+1 0.00000000E+0 -1.00000000E+2 9.74398600E+5 0.00000000E+0 7.30573535E+1 4.33247415E-1 1.32822990E-1 1.80151604E-3 1.31094456E-1 1.76226993E-3 3.14873457E-1 3.24774650E-3
09 16 2014 21 06 09 124 -2.50379363E+1 0.00000000E+0 -1.00000000E+2 9.74401800E+5 0.00000000E+0 7.31614828E+1 4.48093599E-1 1.36184692E-1 2.76947148E-3 1.36494637E-1 2.09139941E-3 3.15850973E-1 2.76976178E-3
09 16 2014 21 06 12 128 0.00000000E+0 0.00000000E+0 -1.00000000E+2 9.74405600E+5 0.00000000E+0 7.31372088E+1 4.56702694E-1 1.44772232E-1 2.67941497E-3 1.46523118E-1 1.76594792E-3 3.13177705E-1 3.42578960E-3
09 16 2014 21 06 16 131 2.50379363E+1 0.00000000E+0 -1.00000000E+2 9.74409400E+5 0.00000000E+0 7.30180740E+1 4.33900199E-1 1.35906041E-1 2.43508866E-3 1.59494579E-1 1.97924221E-3 3.08260322E-1 2.91575785E-3
09 16 2014 21 06 19 135 3.50531108E+1 0.00000000E+0 -1.00000000E+2 9.74412600E+5 0.00000000E+0 7.31161833E+1 4.42305291E-1 1.25968456E-1 2.35613204E-3 1.69920921E-1 2.42690662E-3 3.05891037E-1 3.21248693E-3
09 16 2014 21 06 23 138 4.50682853E+1 0.00000000E+0 -1.00000000E+2 9.74415900E+5 0.00000000E+0 7.30746388E+1 4.41138376E-1 1.12813711E-1 2.85821780E-3 1.75607204E-1 1.71878222E-3 3.03214788E-1 2.72264452E-3
09 16 2014 21 06 26 141 5.49317147E+1 0.00000000E+0 -1.00000000E+2 9.74419100E+5 0.00000000E+0 7.30557740E+1 4.64986909E-1 1.01767480E-1 2.23390225E-3 1.80073082E-1 1.80892978E-3 3.04244459E-1 1.94629930E-3
09 16 2014 21 06 29 144 6.49468892E+1 0.00000000E+0 -1.00000000E+2 9.74422300E+5 0.00000000E+0 7.31351972E+1 4.31892419E-1 7.95125961E-2 3.07716052E-3 1.80929899E-1 1.87007464E-3 3.00729275E-1 4.15770759E-3
09 16 2014 21 06 36 152 -6.49468892E+1 1.25567322E+1 -1.00000000E+2 9.74429600E+5 0.00000000E+0 7.30873644E+1 4.48435048E-1 1.02452934E-1 2.95932709E-3 1.23761594E-1 2.23708071E-3 3.20993364E-1 3.70629554E-3
09 16 2014 21 06 40 155 -5.49317147E+1 1.25567322E+1 -1.00000000E+2 9.74432800E+5 0.00000000E+0 7.30624199E+1 4.61053081E-1 1.12313032E-1 3.10649797E-3 1.25926733E-1 2.28790156E-3 3.17466259E-1 2.76392958E-3
09 16 2014 21 06 43 158 -4.50682853E+1 1.25567322E+1 -1.00000000E+2 9.74436100E+5 0.00000000E+0 7.31064081E+1 4.43469166E-1 1.21331215E-1 2.84702869E-3 1.28215551E-1 2.58973707E-3 3.15481424E-1 3.77715671E-3
09 16 2014 21 06 46 161 -3.50531108E+1 1.25567322E+1 -1.00000000E+2 9.74439300E+5 0.00000000E+0 7.30783939E+1 4.65846515E-1 1.23566389E-1 2.84226310E-3 1.31684542E-1 1.99485606E-3 3.14402580E-1 3.69080974E-3
09 16 2014 21 06 49 164 -2.50379363E+1 1.25567322E+1 -1.00000000E+2 9.74442500E+5 0.00000000E+0 7.30558634E+1 4.52854291E-1 1.29455328E-1 1.92820408E-3 1.35260820E-1 2.08827679E-3 3.17597389E-1 3.81657905E-3
09 16 2014 21 06 53 168 0.00000000E+0 1.25567322E+1 -1.00000000E+2 9.74446300E+5 0.00000000E+0 7.31300116E+1 4.58649679E-1 1.36685371E-1 1.82412561E-3 1.45781040E-1 2.46922154E-3 3.12823057E-1 3.27709168E-3
09 16 2014 21 06 57 172 2.50379363E+1 1.25567322E+1 -1.00000000E+2 9.74450100E+5 0.00000000E+0 7.30254650E+1 4.58420942E-1 1.24114752E-1 2.68636070E-3 1.51920319E-1 2.52122790E-3 3.08698416E-1 2.99599519E-3
09 16 2014 21 07 00 175 3.50531108E+1 1.25567322E+1 -1.00000000E+2 9.74453300E+5 0.00000000E+0 7.30965734E+1 4.36953041E-1 1.16884708E-1 2.35022017E-3 1.56664848E-1 1.68480884E-3 3.05658579E-1 3.43056761E-3
09 16 2014 21 07 03 178 4.50682853E+1 1.25567322E+1 -1.00000000E+2 9.74456600E+5 0.00000000E+0 7.31033087E+1 4.43359205E-1 1.09270215E-1 2.44959862E-3 1.63421035E-1 2.21052084E-3 3.05786729E-1 3.35622317E-3
09 16 2014 21 07 07 182 5.49317147E+1 1.25567322E+1 -1.00000000E+2 9.74459800E+5 0.00000000E+0 7.30499029E+1 4.76427451E-1 9.50872898E-2 2.25563680E-3 1.66565180E-1 2.44118756E-3 2.96968222E-1 3.53235641E-3
09 16 2014 21 07 10 185 6.49468892E+1 1.25567322E+1 -1.00000000E+2 9.74463000E+5 0.00000000E+0 7.30984211E+1 4.54477279E-1 7.60018826E-2 2.80384683E-3 1.66547298E-1 2.18271080E-3 2.93338299E-1 2.96150144E-3
09 16 2014 21 07 17 192 -6.49468892E+1 2.49621785E+1 -1.00000000E+2 9.74470300E+5 0.00000000E+0 7.30434656E+1 4.17471957E-1 9.73224640E-2 2.86661196E-3 1.28245354E-1 2.45485232E-3 3.12566757E-1 3.30927989E-3
09 16 2014 21 07 20 195 -5.49317147E+1 2.49621785E+1 -1.00000000E+2 9.74473500E+5 0.00000000E+0 7.30637312E+1 4.30354677E-1 1.11150742E-1 2.44471608E-3 1.29431486E-1 2.48160204E-3 3.09669971E-1 3.87849369E-3
09 16 2014 21 07 23 199 -4.50682853E+1 2.49621785E+1 -1.00000000E+2 9.74476700E+5 0.00000000E+0 7.30835795E+1 4.17319352E-1 1.17617846E-1 3.47600771E-3 1.28549337E-1 1.40958833E-3 3.10415030E-1 3.30327946E-3
09 16 2014 21 07 27 202 -3.50531108E+1 2.49621785E+1 -1.00000000E+2 9.74480000E+5 0.00000000E+0 7.30300695E+1 4.57334538E-1 1.29595399E-1 2.94131459E-3 1.33708119E-1 2.17900973E-3 3.04698944E-1 3.71147614E-3
09 16 2014 21 07 30 205 -2.50379363E+1 2.49621785E+1 -1.00000000E+2 9.74483200E+5 0.00000000E+0 7.30725527E+1 4.64366045E-1 1.30438805E-1 1.95406803E-3 1.35773420E-1 2.37805274E-3 3.05807590E-1 2.99939470E-3
09 16 2014 21 07 34 209 0.00000000E+0 2.49621785E+1 -1.00000000E+2 9.74487000E+5 0.00000000E+0 7.30600357E+1 4.72405761E-1 1.35564804E-1 2.19047550E-3 1.42419338E-1 2.24427620E-3 3.01420689E-1 3.60678743E-3
09 16 2014 21 07 38 213 2.50379363E+1 2.49621785E+1 -1.00000000E+2 9.74490800E+5 0.00000000E+0 7.30480552E+1 4.36556256E-1 1.28263235E-1 1.96242305E-3 1.49244070E-1 2.06203781E-3 2.96795368E-1 4.50281019E-3
09 16 2014 21 07 41 216 3.50531108E+1 2.49621785E+1 -1.00000000E+2 9.74494000E+5 0.00000000E+0 7.31750578E+1 4.28976075E-1 1.17488205E-1 2.02397048E-3 1.50218606E-1 1.54627821E-3 2.99118459E-1 3.26677501E-3
09 16 2014 21 07 44 219 4.50682853E+1 2.49621785E+1 -1.00000000E+2 9.74497200E+5 0.00000000E+0 7.31075406E+1 4.30599899E-1 1.03884935E-1 2.69086734E-3 1.50203705E-1 1.86411586E-3 2.96771526E-1 4.08793557E-3
09 16 2014 21 07 47 222 5.49317147E+1 2.49621785E+1 -1.00000000E+2 9.74500500E+5 0.00000000E+0 7.30590820E+1 4.36804974E-1 9.15110111E-2 3.07382269E-3 1.51908398E-1 1.76099622E-3 2.95752287E-1 3.29874789E-3
09 16 2014 21 07 50 226 6.49468892E+1 2.49621785E+1 -1.00000000E+2 9.74503700E+5 0.00000000E+0 7.30913281E+1 4.33722076E-1 7.50362873E-2 2.68864278E-3 1.51890516E-1 2.38552652E-3 2.88289785E-1 3.49317907E-3
09 16 2014 21 07 58 233 -6.49468892E+1 -2.49621785E+1 -5.00000000E+1 9.74511500E+5 0.00000000E+0 7.31093436E+1 4.43523064E-1 1.45271420E-1 2.20708952E-3 1.26942992E-1 1.77717823E-3 2.58475542E-1 3.29831517E-3
09 16 2014 21 08 01 237 -5.49317147E+1 -2.49621785E+1 -5.00000000E+1 9.74514700E+5 0.00000000E+0 7.30789900E+1 4.54044662E-1 1.54560804E-1 3.23833683E-3 1.31440163E-1 2.36983750E-3 2.67881155E-1 3.19176290E-3
09 16 2014 21 08 05 240 -4.50682853E+1 -2.49621785E+1 -5.00000000E+1 9.74517900E+5 0.00000000E+0 7.31074810E+1 4.53393700E-1 1.63865089E-1 2.28237827E-3 1.35540962E-1 1.81532984E-3 2.73936987E-1 4.06334000E-3
09 16 2014 21 08 08 243 -3.50531108E+1 -2.49621785E+1 -5.00000000E+1 9.74521200E+5 0.00000000E+0 7.30595589E+1 4.27029888E-1 1.70016289E-1 2.93295147E-3 1.41519308E-1 1.60881410E-3 2.78180838E-1 3.76763992E-3
09 16 2014 21 08 11 246 -2.50379363E+1 -2.49621785E+1 -5.00000000E+1 9.74524400E+5 0.00000000E+0 7.30340928E+1 4.68212645E-1 1.73643231E-1 2.57737542E-3 1.46381557E-1 2.51358047E-3 2.87719071E-1 2.90210970E-3
09 16 2014 21 08 15 250 0.00000000E+0 -2.49621785E+1 -5.00000000E+1 9.74528200E+5 0.00000000E+0 7.30798841E+1 4.40505985E-1 1.83665752E-1 2.13391814E-3 1.68174505E-1 2.68374226E-3 3.03167105E-1 3.47708341E-3
09 16 2014 21 08 19 254 2.50379363E+1 -2.49621785E+1 -5.00000000E+1 9.74532000E+5 0.00000000E+0 7.31158853E+1 4.54434172E-1 1.83659792E-1 2.67715703E-3 1.95974112E-1 1.90988602E-3 3.18127871E-1 3.35267796E-3
09 16 2014 21 08 22 257 3.50531108E+1 -2.49621785E+1 -5.00000000E+1 9.74535200E+5 0.00000000E+0 7.30649829E+1 4.85813251E-1 1.77073479E-1 2.74287733E-3 2.09933519E-1 1.77131864E-3 3.25155258E-1 3.34265193E-3
09 16 2014 21 08 25 260 4.50682853E+1 -2.49621785E+1 -5.00000000E+1 9.74538400E+5 0.00000000E+0 7.31320381E+1 4.51880494E-1 1.71625614E-1 2.69548438E-3 2.19225883E-1 2.16899536E-3 3.36915255E-1 3.66732397E-3
09 16 2014 21 08 28 264 5.49317147E+1 -2.49621785E+1 -5.00000000E+1 9.74541700E+5 0.00000000E+0 7.30539113E+1 4.65558185E-1 1.61677599E-1 2.76349658E-3 2.27794051E-1 1.61813163E-3 3.53284180E-1 3.35370819E-3
09 16 2014 21 08 32 267 6.49468892E+1 -2.49621785E+1 -5.00000000E+1 9.74544900E+5 0.00000000E+0 7.30683804E+1 4.45535572E-1 1.51157379E-1 2.52407420E-3 2.38323212E-1 2.10515853E-3 3.67259979E-1 2.89986825E-3
09 16 2014 21 08 39 274 -6.49468892E+1 -1.25567322E+1 -5.00000000E+1 9.74552200E+5 0.00000000E+0 7.30646253E+1 4.42423709E-1 1.33800507E-1 3.26683368E-3 1.27536058E-1 2.74638590E-3 2.70962715E-1 3.72622503E-3
09 16 2014 21 08 42 277 -5.49317147E+1 -1.25567322E+1 -5.00000000E+1 9.74555400E+5 0.00000000E+0 7.31248856E+1 4.53490755E-1 1.44749880E-1 2.42582002E-3 1.29377842E-1 1.67300330E-3 2.79361010E-1 3.80635035E-3
09 16 2014 21 08 45 281 -4.50682853E+1 -1.25567322E+1 -5.00000000E+1 9.74558600E+5 0.00000000E+0 7.30794668E+1 4.39367121E-1 1.49816275E-1 2.77310823E-3 1.35636330E-1 2.10160264E-3 2.79945135E-1 3.02501338E-3
09 16 2014 21 08 49 284 -3.50531108E+1 -1.25567322E+1 -5.00000000E+1 9.74561900E+5 0.00000000E+0 7.31036067E+1 4.53030957E-1 1.58332288E-1 2.89074334E-3 1.41039491E-1 2.09024575E-3 2.89589167E-1 3.19798037E-3
09 16 2014 21 08 52 287 -2.50379363E+1 -1.25567322E+1 -5.00000000E+1 9.74565100E+5 0.00000000E+0 7.31013417E+1 4.36820021E-1 1.63161755E-1 2.64025525E-3 1.47569180E-1 2.78710466E-3 2.95490026E-1 2.91331992E-3
09 16 2014 21 08 56 291 0.00000000E+0 -1.25567322E+1 -5.00000000E+1 9.74568900E+5 0.00000000E+0 7.30772018E+1 4.30241399E-1 1.68550014E-1 1.87687147E-3 1.63930655E-1 2.67939113E-3 3.03483009E-1 2.79024267E-3
09 16 2014 21 08 59 295 2.50379363E+1 -1.25567322E+1 -5.00000000E+1 9.74572700E+5 0.00000000E+0 7.31186867E+1 4.58053989E-1 1.69712305E-1 1.93934326E-3 1.84035301E-1 2.26698995E-3 3.16703320E-1 2.61977947E-3
09 16 2014 21 09 03 298 3.50531108E+1 -1.25567322E+1 -5.00000000E+1 9.74575900E+5 0.00000000E+0 7.31253028E+1 4.55100426E-1 1.66219473E-1 2.73629092E-3 1.95306540E-1 1.97147309E-3 3.26055288E-1 2.95699623E-3
09 16 2014 21 09 06 301 4.50682853E+1 -1.25567322E+1 -5.00000000E+1 9.74579100E+5 0.00000000E+0 7.30780512E+1 4.66499266E-1 1.57795846E-1 2.99393959E-3 2.01873481E-1 2.39646007E-3 3.30314040E-1 3.14311141E-3
09 16 2014 21 09 09 304 5.49317147E+1 -1.25567322E+1 -5.00000000E+1 9.74582400E+5 0.00000000E+0 7.30501413E+1 4.58443343E-1 1.49077177E-1 3.22560879E-3 2.13074684E-1 2.01319044E-3 3.39794159E-1 3.29101284E-3
09 16 2014 21 09 12 307 6.49468892E+1 -1.25567322E+1 -5.00000000E+1 9.74585600E+5 0.00000000E+0 7.31379986E+1 4.71476076E-1 1.41358376E-1 2.30753818E-3 2.17282772E-1 3.26172411E-3 3.55136395E-1 3.15205991E-3
09 16 2014 21 09 20 315 -6.49468892E+1 0.00000000E+0 -5.00000000E+1 9.74592900E+5 0.00000000E+0 7.31605291E+1 4.64920332E-1 1.36417150E-1 2.71984103E-3 1.32733583E-1 2.20269099E-3 2.70426273E-1 2.85670620E-3
09 16 2014 21 09 23 318 -5.49317147E+1 0.00000000E+0 -5.00000000E+1 9.74596100E+5 0.00000000E+0 7.30643272E+1 4.69320526E-1 1.39474869E-1 3.33045734E-3 1.36584044E-1 2.08454858E-3 2.84498930E-1 2.98072786E-3
09 16 2014 21 09 26 321 -4.50682853E+1 0.00000000E+0 -5.00000000E+1 9.74599300E+5 0.00000000E+0 7.31500238E+1 4.56830305E-1 1.45323575E-1 2.12289343E-3 1.40704215E-1 2.26674043E-3 2.89537013E-1 2.35548979E-3
09 16 2014 21 09 29 324 -3.50531108E+1 0.00000000E+0 -5.00000000E+1 9.74602600E+5 0.00000000E+0 7.31730461E+1 4.29430985E-1 1.51050091E-1 2.68402791E-3 1.44064426E-1 1.76879390E-3 2.91699171E-1 3.05311896E-3
09 16 2014 21 09 33 328 -2.50379363E+1 0.00000000E+0 -5.00000000E+1 9.74605800E+5 0.00000000E+0 7.30904341E+1 4.39742762E-1 1.53958797E-1 1.94904742E-3 1.47396326E-1 2.76976178E-3 2.99376249E-1 3.53468478E-3
09 16 2014 21 09 36 332 0.00000000E+0 0.00000000E+0 -5.00000000E+1 9.74609600E+5 0.00000000E+0 7.31322169E+1 4.52653869E-1 1.65367126E-1 2.85227803E-3 1.64538622E-1 1.91004266E-3 3.08638811E-1 2.76435576E-3
09 16 2014 21 09 40 335 2.50379363E+1 0.00000000E+0 -5.00000000E+1 9.74613400E+5 0.00000000E+0 7.31181502E+1 4.40862945E-1 1.57225132E-1 2.65178802E-3 1.82527304E-1 2.11991349E-3 3.22157145E-1 3.99671255E-3
09 16 2014 21 09 43 339 3.50531108E+1 0.00000000E+0 -5.00000000E+1 9.74616600E+5 0.00000000E+0 7.30703771E+1 4.33888817E-1 1.48743391E-1 1.99499040E-3 1.89825892E-1 2.74367028E-3 3.23697925E-1 2.99809981E-3
09 16 2014 21 09 47 342 4.50682853E+1 0.00000000E+0 -5.00000000E+1 9.74619800E+5 0.00000000E+0 7.31527805E+1 4.42548881E-1 1.41102076E-1 2.61182343E-3 1.96224451E-1 2.10901876E-3 3.28993797E-1 3.57912185E-3
09 16 2014 21 09 50 345 5.49317147E+1 0.00000000E+0 -5.00000000E+1 9.74623000E+5 0.00000000E+0 7.31388927E+1 4.29395501E-1 1.29425526E-1 2.42835466E-3 2.00867653E-1 2.41875681E-3 3.38089466E-1 3.13492876E-3
09 16 2014 21 09 53 348 6.49468892E+1 0.00000000E+0 -5.00000000E+1 9.74626300E+5 0.00000000E+0 7.30440766E+1 4.53075439E-1 1.24260783E-1 2.44534063E-3 2.08154321E-1 2.02720062E-3 3.49864364E-1 4.12008529E-3
09 16 2014 21 10 00 356 -6.49468892E+1 1.25567322E+1 -5.00000000E+1 9.74633600E+5 0.00000000E+0 7.31198192E+1 4.62050440E-1 1.28549337E-1 2.69331223E-3 1.40923262E-1 2.65865412E-3 2.75301933E-1 3.68533415E-3
09 16 2014 21 10 04 359 -5.49317147E+1 1.25567322E+1 -5.00000000E+1 9.74636800E+5 0.00000000E+0 7.31861591E+1 4.68898089E-1 1.37977302E-1 2.84240838E-3 1.39012933E-1 1.32236367E-3 2.84187496E-1 3.57083562E-3
09 16 2014 21 10 07 362 -4.50682853E+1 1.25567322E+1 -5.00000000E+1 9.74640000E+5 0.00000000E+0 7.30987787E+1 4.29534098E-1 1.40148401E-1 2.50273023E-3 1.41090155E-1 1.93401374E-3 2.90530920E-1 3.67229690E-3
09 16 2014 21 10 10 365 -3.50531108E+1 1.25567322E+1 -5.00000000E+1 9.74643200E+5 0.00000000E+0 7.31224418E+1 4.42868101E-1 1.44696236E-1 2.23442324E-3 1.41674280E-1 2.03281321E-3 2.99018621E-1 3.26680506E-3
09 16 2014 21 10 13 368 -2.50379363E+1 1.25567322E+1 -5.00000000E+1 9.74646500E+5 0.00000000E+0 7.31090307E+1 4.22712793E-1 1.47533417E-1 2.16982279E-3 1.47914886E-1 1.97387122E-3 2.99632549E-1 3.41571540E-3
09 16 2014 21 10 17 372 0.00000000E+0 1.25567322E+1 -5.00000000E+1 9.74650300E+5 0.00000000E+0 7.30141997E+1 4.26259149E-1 1.48512423E-1 2.27862094E-3 1.57333910E-1 2.07356498E-3 3.08066607E-1 3.22600102E-3
09 16 2014 21 10 21 376 2.50379363E+1 1.25567322E+1 -5.00000000E+1 9.74654100E+5 0.00000000E+0 7.31640309E+1 4.12063820E-1 1.42693520E-1 2.21656630E-3 1.72197819E-1 2.43412798E-3 3.17990780E-1 2.78211769E-3
09 16 2014 21 10 24 379 3.50531108E+1 1.25567322E+1 -5.00000000E+1 9.74657300E+5 0.00000000E+0 7.31428266E+1 4.57381061E-1 1.38336420E-1 2.40712518E-3 1.80935860E-1 2.81160533E-3 3.21072340E-1 4.16241361E-3
09 16 2014 21 10 27 382 4.50682853E+1 1.25567322E+1 -5.00000000E+1 9.74660500E+5 0.00000000E+0 7.30805397E+1 4.46249942E-1 1.32012367E-1 2.37299148E-3 1.84327364E-1 2.33309201E-3 3.29041481E-1 3.09040319E-3
09 16 2014 21 10 30 386 5.49317147E+1 1.25567322E+1 -5.00000000E+1 9.74663700E+5 0.00000000E+0 7.31407404E+1 4.59753505E-1 1.24424696E-1 2.79192421E-3 1.87182426E-1 2.15675375E-3 3.32695246E-1 2.98844636E-3
09 16 2014 21 10 34 389 6.49468892E+1 1.25567322E+1 -5.00000000E+1 9.74667000E+5 0.00000000E+0 7.31477737E+1 4.59911394E-1 1.12807751E-1 2.22116186E-3 1.93029642E-1 2.18715237E-3 3.43936682E-1 2.95269314E-3
09 16 2014 21 10 41 396 -6.49468892E+1 2.49621785E+1 -5.00000000E+1 9.74674400E+5 0.00000000E+0 7.30640292E+1 4.48068123E-1 1.29860640E-1 2.62667230E-3 1.45232677E-1 1.43265355E-3 2.76809931E-1 3.45273425E-3
09 16 2014 21 10 44 400 -5.49317147E+1 2.49621785E+1 -5.00000000E+1 9.74677600E+5 0.00000000E+0 7.30457306E+1 4.51022831E-1 1.34253502E-1 2.34292108E-3 1.44296885E-1 2.42507992E-3 2.82442570E-1 3.67572207E-3
09 16 2014 21 10 48 403 -4.50682853E+1 2.49621785E+1 -5.00000000E+1 9.74680800E+5 0.00000000E+0 7.31030852E+1 4.61946219E-1 1.41389668E-1 2.91302520E-3 1.45323575E-1 2.35920726E-3 2.89663672E-1 3.56457039E-3
09 16 2014 21 10 51 406 -3.50531108E+1 2.49621785E+1 -5.00000000E+1 9.74684000E+5 0.00000000E+0 7.30605721E+1 4.22995477E-1 1.41680241E-1 2.81503488E-3 1.45131350E-1 2.30814584E-3 2.93254852E-1 3.98162408E-3
09 16 2014 21 10 54 409 -2.50379363E+1 2.49621785E+1 -5.00000000E+1 9.74687300E+5 0.00000000E+0 7.30279088E+1 4.41843199E-1 1.46555901E-1 2.17704948E-3 1.51115656E-1 2.32261763E-3 2.97516584E-1 3.37903253E-3
09 16 2014 21 10 58 413 0.00000000E+0 2.49621785E+1 -5.00000000E+1 9.74691100E+5 0.00000000E+0 7.30618834E+1 4.56248152E-1 1.47306919E-1 2.15866025E-3 1.60586834E-1 1.48987768E-3 3.06141376E-1 3.03109583E-3
09 16 2014 21 11 02 417 2.50379363E+1 2.49621785E+1 -5.00000000E+1 9.74694900E+5 0.00000000E+0 7.30777383E+1 4.63290221E-1 1.42061710E-1 2.39110870E-3 1.69354677E-1 1.98960005E-3 3.14712524E-1 3.67529473E-3
09 16 2014 21 11 05 420 3.50531108E+1 2.49621785E+1 -5.00000000E+1 9.74698100E+5 0.00000000E+0 7.30758309E+1 4.43267335E-1 1.28895044E-1 2.55847249E-3 1.69879198E-1 2.11291618E-3 3.17668915E-1 3.39421053E-3
09 16 2014 21 11 08 423 4.50682853E+1 2.49621785E+1 -5.00000000E+1 9.74701300E+5 0.00000000E+0 7.30659366E+1 4.46337738E-1 1.21235847E-1 2.65716973E-3 1.72710419E-1 1.46899819E-3 3.25196981E-1 3.42096119E-3
09 16 2014 21 11 11 426 5.49317147E+1 2.49621785E+1 -5.00000000E+1 9.74704600E+5 0.00000000E+0 7.30536580E+1 4.32498530E-1 1.14732981E-1 2.25603467E-3 1.79326534E-1 2.04989633E-3 3.26621532E-1 3.92026987E-3
09 16 2014 21 11 15 430 6.49468892E+1 2.49621785E+1 -5.00000000E+1 9.74707800E+5 0.00000000E+0 7.30861723E+1 4.32159982E-1 1.04196370E-1 2.61517714E-3 1.84491277E-1 1.49265708E-3 3.37764621E-1 3.50615172E-3
09 16 2014 21 11 22 437 -6.49468892E+1 -2.49621785E+1 0.00000000E+0 9.74715600E+5 0.00000000E+0 7.30987638E+1 4.58627273E-1 1.87642872E-1 2.91757481E-3 1.02184713E-1 1.89049484E-3 2.49005854E-1 3.68797368E-3
09 16 2014 21 11 26 441 -5.49317147E+1 -2.49621785E+1 0.00000000E+0 9.74718800E+5 0.00000000E+0 7.31812119E+1 4.59610545E-1 1.86526775E-1 2.46169803E-3 1.10954046E-1 2.67033150E-3 2.57897377E-1 3.32087663E-3
09 16 2014 21 11 29 444 -4.50682853E+1 -2.49621785E+1 0.00000000E+0 9.74722000E+5 0.00000000E+0 7.30150342E+1 4.62272672E-1 1.91444159E-1 2.40152572E-3 1.14917755E-1 2.35673511E-3 2.62153149E-1 3.31851094E-3
09 16 2014 21 11 32 447 -3.50531108E+1 -2.49621785E+1 0.00000000E+0 9.74725200E+5 0.00000000E+0 7.31089115E+1 4.66755525E-1 1.95336342E-1 3.37028351E-3 1.23119354E-1 1.89460083E-3 2.65121460E-1 3.20549464E-3
09 16 2014 21 11 35 450 -2.50379363E+1 -2.49621785E+1 0.00000000E+0 9.74728400E+5 0.00000000E+0 7.31003881E+1 4.31118420E-1 1.99329853E-1 3.28156769E-3 1.35618448E-1 2.27708795E-3 2.70313025E-1 3.29375595E-3
09 16 2014 21 11 39 454 0.00000000E+0 -2.49621785E+1 0.00000000E+0 9.74732300E+5 0.00000000E+0 7.30692148E+1 4.62831732E-1 2.01427937E-1 2.94300723E-3 1.64026022E-1 2.17053793E-3 2.76082754E-1 3.57784166E-3
09 16 2014 21 11 43 458 2.50379363E+1 -2.49621785E+1 0.00000000E+0 9.74736100E+5 0.00000000E+0 7.30736852E+1 4.48068757E-1 2.04032660E-1 2.95274380E-3 1.98477507E-1 3.31751347E-3 2.84087658E-1 3.07786532E-3
09 16 2014 21 11 46 461 3.50531108E+1 -2.49621785E+1 0.00000000E+0 9.74739300E+5 0.00000000E+0 7.29977489E+1 4.79788256E-1 2.03645229E-1 2.96881648E-3 2.16060877E-1 2.89570627E-3 2.85518169E-1 2.61057027E-3
09 16 2014 21 11 49 464 4.50682853E+1 -2.49621785E+1 0.00000000E+0 9.74742500E+5 0.00000000E+0 7.31044263E+1 4.35654959E-1 2.05792487E-1 2.18935198E-3 2.29902565E-1 2.23655128E-3 2.89015472E-1 3.33728352E-3
09 16 2014 21 11 52 468 5.49317147E+1 -2.49621785E+1 0.00000000E+0 9.74745700E+5 0.00000000E+0 7.31027126E+1 4.55089008E-1 2.00569630E-1 3.45490521E-3 2.47037411E-1 2.39860416E-3 2.93302536E-1 3.39548836E-3
09 16 2014 21 11 56 471 6.49468892E+1 -2.49621785E+1 0.00000000E+0 9.74749000E+5 0.00000000E+0 7.30311275E+1 4.40019808E-1 2.00623274E-1 2.65899169E-3 2.67642736E-1 2.50571694E-3 2.97170877E-1 4.07543382E-3
09 16 2014 21 12 03 478 -6.49468892E+1 -1.25567322E+1 0.00000000E+0 9.74756300E+5 0.00000000E+0 7.30555654E+1 4.38216037E-1 1.76483393E-1 2.69974725E-3 1.04135275E-1 2.87912809E-3 2.59268284E-1 3.92846518E-3
09 16 2014 21 12 06 481 -5.49317147E+1 -1.25567322E+1 0.00000000E+0 9.74759500E+5 0.00000000E+0 7.30162859E+1 4.30003535E-1 1.75958872E-1 3.02827534E-3 1.11705065E-1 2.68864278E-3 2.66754627E-1 3.50895045E-3
09 16 2014 21 12 09 485 -4.50682853E+1 -1.25567322E+1 0.00000000E+0 9.74762700E+5 0.00000000E+0 7.30612129E+1 4.70769991E-1 1.80177391E-1 3.37005280E-3 1.19335949E-1 2.22742539E-3 2.67766416E-1 4.06646837E-3
09 16 2014 21 12 13 488 -3.50531108E+1 -1.25567322E+1 0.00000000E+0 9.74765900E+5 0.00000000E+0 7.30592012E+1 4.41630472E-1 1.81943178E-1 2.74246146E-3 1.26188993E-1 2.40370484E-3 2.74950266E-1 3.27416900E-3
09 16 2014 21 12 16 491 -2.50379363E+1 -1.25567322E+1 0.00000000E+0 9.74769200E+5 0.00000000E+0 7.30193257E+1 4.66163675E-1 1.85370445E-1 2.86989760E-3 1.34253502E-1 2.92708030E-3 2.79903412E-1 3.80016054E-3
09 16 2014 21 12 20 495 0.00000000E+0 -1.25567322E+1 0.00000000E+0 9.74773000E+5 0.00000000E+0 7.30553865E+1 4.60584583E-1 1.90782547E-1 2.87728956E-3 1.58339739E-1 2.52670269E-3 2.84266472E-1 2.65981432E-3
09 16 2014 21 12 24 499 2.50379363E+1 -1.25567322E+1 0.00000000E+0 9.74776800E+5 0.00000000E+0 7.29813576E+1 4.53443946E-1 1.90204382E-1 2.61216705E-3 1.87391043E-1 2.98122967E-3 2.93695927E-1 3.13282853E-3
09 16 2014 21 12 27 502 3.50531108E+1 -1.25567322E+1 0.00000000E+0 9.74780000E+5 0.00000000E+0 7.29907304E+1 4.29002963E-1 1.85556710E-1 3.55074796E-3 2.00241804E-1 3.90635582E-3 2.95348465E-1 3.18565313E-3
09 16 2014 21 12 30 505 4.50682853E+1 -1.25567322E+1 0.00000000E+0 9.74783200E+5 0.00000000E+0 7.30679631E+1 4.51194380E-1 1.87414885E-1 2.68357504E-3 2.14815140E-1 2.89558358E-3 3.01456451E-1 4.39308983E-3
09 16 2014 21 12 33 508 5.49317147E+1 -1.25567322E+1 0.00000000E+0 9.74786500E+5 0.00000000E+0 7.29928613E+1 4.48819792E-1 1.83492899E-1 2.59158479E-3 2.25275755E-1 2.16860738E-3 3.03292274E-1 3.19582016E-3
09 16 2014 21 12 36 512 6.49468892E+1 -1.25567322E+1 0.00000000E+0 9.74789700E+5 0.00000000E+0 7.30077922E+1 4.95756427E-1 1.82390213E-1 2.96796818E-3 2.39051878E-1 2.01540982E-3 3.04140151E-1 2.84132493E-3
09 16 2014 21 12 44 519 -6.49468892E+1 0.00000000E+0 0.00000000E+0 9.74797000E+5 0.00000000E+0 7.30224848E+1 4.44244847E-1 1.69515610E-1 2.36465587E-3 1.14816427E-1 2.04411415E-3 2.72238255E-1 3.57797231E-3
09 16 2014 21 12 47 522 -5.49317147E+1 0.00000000E+0 0.00000000E+0 9.74800200E+5 0.00000000E+0 7.29626417E+1 4.44740873E-1 1.68204308E-1 2.00328365E-3 1.21265650E-1 2.24986810E-3 2.72832811E-1 4.40907205E-3
09 16 2014 21 12 50 525 -4.50682853E+1 0.00000000E+0 0.00000000E+0 9.74803400E+5 0.00000000E+0 7.29961395E+1 4.35829931E-1 1.71196461E-1 2.72440897E-3 1.24633312E-1 2.77003856E-3 2.73740292E-1 2.71483841E-3
09 16 2014 21 12 53 529 -3.50531108E+1 0.00000000E+0 0.00000000E+0 9.74806600E+5 0.00000000E+0 7.30322599E+1 4.32580256E-1 1.71363354E-1 2.45238319E-3 1.31613016E-1 2.17398107E-3 2.80117989E-1 3.54784824E-3
09 16 2014 21 12 57 532 -2.50379363E+1 0.00000000E+0 0.00000000E+0 9.74809800E+5 0.00000000E+0 7.30427504E+1 4.50478325E-1 1.70779228E-1 2.89981667E-3 1.38306618E-1 2.53843461E-3 2.84224749E-1 2.92817247E-3
09 16 2014 21 13 00 536 1.06221548E+0 0.00000000E+0 0.00000000E+0 9.74813700E+5 0.00000000E+0 7.30357766E+1 4.44899659E-1 1.70809031E-1 2.40519795E-3 1.57117844E-1 2.71673870E-3 2.91162729E-1 3.84077827E-3
09 16 2014 21 13 04 539 2.50379363E+1 0.00000000E+0 0.00000000E+0 9.74817500E+5 0.00000000E+0 7.29684532E+1 4.19947753E-1 1.70007348E-1 2.93195888E-3 1.79581344E-1 2.45851398E-3 2.92919576E-1 3.97719036E-3
09 16 2014 21 13 07 543 3.50531108E+1 0.00000000E+0 0.00000000E+0 9.74820700E+5 0.00000000E+0 7.30534196E+1 4.38784846E-1 1.69706345E-1 2.14137079E-3 1.91426277E-1 2.77519097E-3 2.97850370E-1 4.29962658E-3
09 16 2014 21 13 11 546 4.50682853E+1 0.00000000E+0 0.00000000E+0 9.74823900E+5 0.00000000E+0 7.29704499E+1 4.72539349E-1 1.69497728E-1 2.93414341E-3 1.96599960E-1 3.13819564E-3 3.03006172E-1 3.78785919E-3
09 16 2014 21 13 14 549 5.49317147E+1 0.00000000E+0 0.00000000E+0 9.74827100E+5 0.00000000E+0 7.30491877E+1 4.74908640E-1 1.67071819E-1 2.71880273E-3 2.05922127E-1 1.76282159E-3 3.05813551E-1 5.30606807E-3
09 16 2014 21 13 17 552 6.49468892E+1 0.00000000E+0 0.00000000E+0 9.74830300E+5 0.00000000E+0 7.29938596E+1 4.47045267E-1 1.68785453E-1 2.11771313E-3 2.16759741E-1 2.73843182E-3 3.13058496E-1 4.25492562E-3
09 16 2014 21 13 24 560 -6.49468892E+1 1.25567322E+1 0.00000000E+0 9.74837700E+5 0.00000000E+0 7.30792880E+1 4.30673679E-1 1.60640478E-1 1.79522557E-3 1.27744675E-1 2.64967179E-3 2.77572870E-1 3.17771880E-3
09 16 2014 21 13 28 563 -5.49317147E+1 1.25567322E+1 0.00000000E+0 9.74840900E+5 0.00000000E+0 7.31565803E+1 4.65122043E-1 1.61044300E-1 2.86250233E-3 1.30668283E-1 2.73744781E-3 2.83665955E-1 3.64605563E-3
09 16 2014 21 13 31 566 -4.50682853E+1 1.25567322E+1 0.00000000E+0 9.74844100E+5 0.00000000E+0 7.30479956E+1 4.68877325E-1 1.64580345E-1 3.04279415E-3 1.32018328E-1 2.88276271E-3 2.86847353E-1 3.91434620E-3
09 16 2014 21 13 34 569 -3.50531108E+1 1.25567322E+1 0.00000000E+0 9.74847300E+5 0.00000000E+0 7.31081963E+1 4.47858570E-1 1.62154436E-1 3.00033590E-3 1.37609243E-1 2.51197748E-3 2.90459394E-1 4.29632017E-3
09 16 2014 21 13 37 572 -2.50379363E+1 1.25567322E+1 0.00000000E+0 9.74850500E+5 0.00000000E+0 7.30317086E+1 4.45137973E-1 1.62482262E-1 2.67730370E-3 1.43878162E-1 1.46807825E-3 2.90095806E-1 3.66911656E-3
09 16 2014 21 13 41 576 0.00000000E+0 1.25567322E+1 0.00000000E+0 9.74854300E+5 0.00000000E+0 7.31674582E+1 4.51682245E-1 1.65529549E-1 3.37230101E-3 1.55426562E-1 2.38148964E-3 2.95832753E-1 3.32588221E-3
09 16 2014 21 13 45 580 2.50379363E+1 1.25567322E+1 0.00000000E+0 9.74858200E+5 0.00000000E+0 7.31134415E+1 4.49460210E-1 1.64842606E-1 2.49024453E-3 1.75207853E-1 2.41840891E-3 3.01647186E-1 3.47065118E-3
09 16 2014 21 13 48 583 3.50531108E+1 1.25567322E+1 0.00000000E+0 9.74861400E+5 0.00000000E+0 7.30977654E+1 4.40952309E-1 1.59502029E-1 2.25056611E-3 1.81925297E-1 2.22042092E-3 3.02314758E-1 2.96450531E-3
09 16 2014 21 13 51 587 4.50682853E+1 1.25567322E+1 0.00000000E+0 9.74864600E+5 0.00000000E+0 7.30643868E+1 4.33524718E-1 1.60926580E-1 2.81343361E-3 1.88881159E-1 1.97533899E-3 3.09199095E-1 4.92802352E-3
09 16 2014 21 13 55 590 5.49317147E+1 1.25567322E+1 0.00000000E+0 9.74867800E+5 0.00000000E+0 7.31021762E+1 4.31957633E-1 1.61391497E-1 2.66960316E-3 1.94770098E-1 2.58736775E-3 3.11684608E-1 3.86193169E-3
09 16 2014 21 13 58 593 6.49468892E+1 1.25567322E+1 0.00000000E+0 9.74871000E+5 0.00000000E+0 7.30876327E+1 4.26252161E-1 1.60157681E-1 3.23279472E-3 2.03943253E-1 2.82381567E-3 3.14992666E-1 4.37802635E-3
09 16 2014 21 14 05 600 -6.49468892E+1 2.49621785E+1 0.00000000E+0 9.74878400E+5 0.00000000E+0 7.30893016E+1 4.40905085E-1 1.58309937E-1 2.34113269E-3 1.37436390E-1 2.62229064E-3 2.83664465E-1 3.45879436E-3
09 16 2014 21 14 08 604 -5.49317147E+1 2.49621785E+1 0.00000000E+0 9.74881600E+5 0.00000000E+0 7.30712414E+1 4.41604034E-1 1.57028437E-1 2.62228351E-3 1.39439106E-1 2.76452485E-3 2.92098522E-1 3.57839037E-3
09 16 2014 21 14 12 607 -4.50682853E+1 2.49621785E+1 0.00000000E+0 9.74884800E+5 0.00000000E+0 7.31096864E+1 4.64494587E-1 1.56271458E-1 2.91075790E-3 1.39427185E-1 3.25628498E-3 2.93529034E-1 4.12882450E-3
09 16 2014 21 14 15 610 -3.50531108E+1 2.49621785E+1 0.00000000E+0 9.74888000E+5 0.00000000E+0 7.30486214E+1 4.38139550E-1 1.55590475E-1 2.52401802E-3 1.42842531E-1 2.20306164E-3 3.00638378E-1 3.21746403E-3
09 16 2014 21 14 18 613 -2.50379363E+1 2.49621785E+1 0.00000000E+0 9.74891200E+5 0.00000000E+0 7.31067657E+1 4.07442230E-1 1.57135725E-1 2.71350880E-3 1.47604942E-1 2.53430621E-3 3.02106142E-1 3.49694545E-3
09 16 2014 21 14 22 617 0.00000000E+0 2.49621785E+1 0.00000000E+0 9.74895100E+5 0.00000000E+0 7.30410814E+1 4.53847308E-1 1.58995390E-1 2.85418508E-3 1.52993202E-1 2.67075861E-3 3.04222107E-1 2.86702939E-3
09 16 2014 21 14 26 621 2.50379363E+1 2.49621785E+1 0.00000000E+0 9.74898900E+5 0.00000000E+0 7.31173754E+1 4.50062388E-1 1.57427788E-1 2.79795202E-3 1.67560577E-1 2.48958368E-3 3.13556194E-1 3.52596138E-3
09 16 2014 21 14 29 624 3.50531108E+1 2.49621785E+1 0.00000000E+0 9.74902100E+5 0.00000000E+0 7.30580091E+1 4.48044062E-1 1.56342983E-1 3.29817155E-3 1.73062086E-1 1.84806442E-3 3.15092504E-1 4.75787333E-3
09 16 2014 21 14 32 627 4.50682853E+1 2.49621785E+1 0.00000000E+0 9.74905300E+5 0.00000000E+0 7.30890036E+1 4.40949294E-1 1.55884027E-1 3.07941409E-3 1.79928541E-1 2.65612101E-3 3.18688154E-1 4.55338341E-3
09 16 2014 21 14 35 630 5.49317147E+1 2.49621785E+1 0.00000000E+0 9.74908500E+5 0.00000000E+0 7.30668306E+1 4.39752933E-1 1.57183409E-1 2.68000518E-3 1.84679031E-1 2.17711819E-3 3.27658653E-1 2.83116944E-3
09 16 2014 21 14 39 634 6.49468892E+1 2.49621785E+1 0.00000000E+0 9.74911800E+5 0.00000000E+0 7.31343627E+1 4.61060199E-1 1.58804655E-1 2.84878173E-3 1.88201666E-1 2.60080369E-3 3.35490704E-1 3.92793205E-3
09 16 2014 21 14 46 642 -6.49468892E+1 -2.49621785E+1 5.00000000E+1 9.74919600E+5 0.00000000E+0 7.30495900E+1 4.34632333E-1 1.69269741E-1 3.08365001E-3 4.92557883E-2 3.29190901E-3 3.05145979E-1 4.04785319E-3
09 16 2014 21 14 50 645 -5.49317147E+1 -2.49621785E+1 5.00000000E+1 9.74922800E+5 0.00000000E+0 7.31399655E+1 4.45350582E-1 1.79541111E-1 3.39383590E-3 6.36041164E-2 2.20065270E-3 2.98219919E-1 3.42528741E-3
09 16 2014 21 14 53 648 -4.50682853E+1 -2.49621785E+1 5.00000000E+1 9.74926000E+5 0.00000000E+0 7.30629563E+1 4.35426261E-1 1.81531906E-1 2.59381329E-3 7.44879246E-2 2.42871654E-3 2.92754173E-1 3.43255649E-3
09 16 2014 21 14 56 651 -3.50531108E+1 -2.49621785E+1 5.00000000E+1 9.74929200E+5 0.00000000E+0 7.31094480E+1 4.21794048E-1 1.85775757E-1 2.58769294E-3 8.74876976E-2 2.28875954E-3 2.89076567E-1 3.01763628E-3
09 16 2014 21 14 59 654 -2.50379363E+1 -2.49621785E+1 5.00000000E+1 9.74932500E+5 0.00000000E+0 7.30478764E+1 4.33327544E-1 1.91770494E-1 2.64516388E-3 9.79229808E-2 2.74577365E-3 2.86251307E-1 4.16528016E-3
09 16 2014 21 15 03 658 0.00000000E+0 -2.49621785E+1 5.00000000E+1 9.74936300E+5 0.00000000E+0 7.30925202E+1 4.50944531E-1 1.90550089E-1 2.33136024E-3 1.27726793E-1 2.93827004E-3 2.77888775E-1 2.98334261E-3
09 16 2014 21 15 07 662 2.50379363E+1 -2.49621785E+1 5.00000000E+1 9.74940100E+5 0.00000000E+0 7.30525851E+1 4.82377299E-1 1.87331438E-1 2.85355609E-3 1.61254406E-1 2.72775621E-3 2.68393755E-1 2.92398043E-3
09 16 2014 21 15 10 665 3.50531108E+1 -2.49621785E+1 5.00000000E+1 9.74943300E+5 0.00000000E+0 7.31382370E+1 4.63147344E-1 1.80691481E-1 3.25846057E-3 1.71178579E-1 2.91552697E-3 2.64441967E-1 3.07207633E-3
09 16 2014 21 15 13 668 4.50682853E+1 -2.49621785E+1 5.00000000E+1 9.74946500E+5 0.00000000E+0 7.31046200E+1 4.19438846E-1 1.72388554E-1 2.54352688E-3 1.85018778E-1 2.46666825E-3 2.58278847E-1 3.79669497E-3
09 16 2014 21 15 16 672 5.49317147E+1 -2.49621785E+1 5.00000000E+1 9.74949700E+5 0.00000000E+0 7.31437653E+1 4.56227925E-1 1.58615410E-1 3.17910375E-3 1.98796391E-1 3.59632253E-3 2.47627497E-1 3.83982232E-3
09 16 2014 21 15 20 675 6.49468892E+1 -2.49621785E+1 5.00000000E+1 9.74953000E+5 0.00000000E+0 7.30447769E+1 4.66557712E-1 1.48338079E-1 3.02303472E-3 2.10803747E-1 3.16682604E-3 2.35664845E-1 3.54495890E-3
09 16 2014 21 15 27 682 -6.49468892E+1 -1.25567322E+1 5.00000000E+1 9.74960300E+5 0.00000000E+0 7.31262565E+1 4.46036273E-1 1.59364939E-1 3.28393153E-3 7.18593597E-2 3.16572171E-3 3.07422876E-1 3.24175330E-3
09 16 2014 21 15 30 685 -5.49317147E+1 -1.25567322E+1 5.00000000E+1 9.74963500E+5 0.00000000E+0 7.30631351E+1 4.47804825E-1 1.63745880E-1 3.48398682E-3 8.02397728E-2 2.28450734E-3 3.02433968E-1 4.08088542E-3
09 16 2014 21 15 33 689 -4.50682853E+1 -1.25567322E+1 5.00000000E+1 9.74966700E+5 0.00000000E+0 7.31287003E+1 4.45044605E-1 1.70308352E-1 3.27572200E-3 8.83877277E-2 2.77407902E-3 2.99704075E-1 3.42826125E-3
09 16 2014 21 15 37 692 -3.50531108E+1 -1.25567322E+1 5.00000000E+1 9.74969900E+5 0.00000000E+0 7.30068237E+1 4.46144376E-1 1.76221132E-1 2.14201104E-3 9.62242484E-2 2.10260260E-3 2.97434628E-1 3.30031623E-3
09 16 2014 21 15 40 695 -2.50379363E+1 -1.25567322E+1 5.00000000E+1 9.74973200E+5 0.00000000E+0 7.31014609E+1 4.43591690E-1 1.78718567E-1 3.10272167E-3 1.05816126E-1 2.98894687E-3 2.92527676E-1 3.69293695E-3
09 16 2014 21 15 44 699 0.00000000E+0 -1.25567322E+1 5.00000000E+1 9.74977000E+5 0.00000000E+0 7.30530620E+1 4.61425021E-1 1.82324648E-1 2.53220257E-3 1.29002333E-1 2.95319971E-3 2.87473202E-1 4.09926356E-3
09 16 2014 21 15 48 703 2.50379363E+1 -1.25567322E+1 5.00000000E+1 9.74980800E+5 0.00000000E+0 7.31392503E+1 4.57220613E-1 1.74868107E-1 3.05297809E-3 1.54507160E-1 2.59620554E-3 2.78413296E-1 3.39639137E-3
09 16 2014 21 15 51 706 3.50531108E+1 -1.25567322E+1 5.00000000E+1 9.74984000E+5 0.00000000E+0 7.30345398E+1 4.63884019E-1 1.66557729E-1 3.03026755E-3 1.67250633E-1 2.82100667E-3 2.73041427E-1 4.05848109E-3
09 16 2014 21 15 54 709 4.50682853E+1 -1.25567322E+1 5.00000000E+1 9.74987200E+5 0.00000000E+0 7.31054544E+1 4.64217195E-1 1.58810616E-1 3.15270052E-3 1.74862146E-1 3.29734183E-3 2.64614820E-1 3.76493913E-3
09 16 2014 21 15 57 712 5.49317147E+1 -1.25567322E+1 5.00000000E+1 9.74990500E+5 0.00000000E+0 7.30345845E+1 4.70686488E-1 1.47825480E-1 3.44166878E-3 1.84154510E-1 2.49204597E-3 2.61348486E-1 3.26382734E-3
09 16 2014 21 16 00 716 6.49468892E+1 -1.25567322E+1 5.00000000E+1 9.74993700E+5 0.00000000E+0 7.31154680E+1 4.65030614E-1 1.37907267E-1 2.85664729E-3 1.97702646E-1 2.74916233E-3 2.50613689E-1 3.21088005E-3
09 16 2014 21 16 08 723 -6.49468892E+1 0.00000000E+0 5.00000000E+1 9.75001100E+5 0.00000000E+0 7.31559098E+1 4.49421419E-1 1.49399042E-1 3.05402319E-3 8.42586160E-2 3.21974522E-3 3.11978161E-1 3.06392419E-3
09 16 2014 21 16 11 726 -5.49317147E+1 0.00000000E+0 5.00000000E+1 9.75004300E+5 0.00000000E+0 7.30694532E+1 4.74722449E-1 1.55073404E-1 2.88374846E-3 8.82327557E-2 2.80512696E-3 3.05628777E-1 2.58601598E-3
09 16 2014 21 16 14 729 -4.50682853E+1 0.00000000E+0 5.00000000E+1 9.75007500E+5 0.00000000E+0 7.31362700E+1 4.56814581E-1 1.60467625E-1 2.62143483E-3 9.60886478E-2 2.19759172E-3 2.97892094E-1 3.88423615E-3
09 16 2014 21 16 17 733 -3.50531108E+1 0.00000000E+0 5.00000000E+1 9.75010700E+5 0.00000000E+0 7.30954409E+1 4.29045705E-1 1.64622068E-1 2.20777847E-3 1.03974342E-1 2.13304171E-3 2.99018621E-1 4.04096911E-3
09 16 2014 21 16 21 736 -2.50379363E+1 0.00000000E+0 5.00000000E+1 9.75014000E+5 0.00000000E+0 7.31119514E+1 4.50337186E-1 1.66684389E-1 2.27499303E-3 1.09918416E-1 2.19745062E-3 2.96421349E-1 3.80299899E-3
09 16 2014 21 16 25 740 0.00000000E+0 0.00000000E+0 5.00000000E+1 9.75017800E+5 0.00000000E+0 7.30587244E+1 4.59056532E-1 1.67065859E-1 2.42353734E-3 1.26188993E-1 1.70329703E-3 2.91627645E-1 2.27314297E-3
09 16 2014 21 16 28 744 2.50379363E+1 0.00000000E+0 5.00000000E+1 9.75021600E+5 0.00000000E+0 7.31634498E+1 4.46103946E-1 1.60306692E-1 2.56051804E-3 1.49327517E-1 1.85658762E-3 2.84099579E-1 3.73035764E-3
09 16 2014 21 16 32 747 3.50531108E+1 0.00000000E+0 5.00000000E+1 9.75024800E+5 0.00000000E+0 7.30704069E+1 4.48986678E-1 1.55711174E-1 2.32786874E-3 1.56921148E-1 2.13257705E-3 2.80505419E-1 2.55572303E-3
09 16 2014 21 16 35 750 4.50682853E+1 0.00000000E+0 5.00000000E+1 9.75028000E+5 0.00000000E+0 7.31748343E+1 4.47726351E-1 1.45763159E-1 2.96397544E-3 1.64799392E-1 2.93618675E-3 2.71879137E-1 3.72414571E-3
09 16 2014 21 16 38 753 5.49317147E+1 0.00000000E+0 5.00000000E+1 9.75031200E+5 0.00000000E+0 7.30654597E+1 4.61384755E-1 1.40255690E-1 2.40867827E-3 1.72531605E-1 3.04836886E-3 2.65741348E-1 3.14557533E-3
09 16 2014 21 16 41 756 6.49468892E+1 0.00000000E+0 5.00000000E+1 9.75034500E+5 0.00000000E+0 7.31330514E+1 4.52895146E-1 1.31005049E-1 2.98849641E-3 1.78247690E-1 1.93455509E-3 2.55221128E-1 4.05301896E-3
09 16 2014 21 16 49 764 -6.49468892E+1 1.25567322E+1 5.00000000E+1 9.75041800E+5 0.00000000E+0 7.30962157E+1 4.30419216E-1 1.40738487E-1 2.67019845E-3 9.51409340E-2 2.92101810E-3 3.15505266E-1 3.46933097E-3
09 16 2014 21 16 52 767 -5.49317147E+1 1.25567322E+1 5.00000000E+1 9.75045000E+5 0.00000000E+0 7.31263757E+1 4.68234409E-1 1.47604942E-1 2.97824894E-3 9.82761383E-2 1.62137551E-3 3.15207243E-1 2.81842708E-3
09 16 2014 21 16 55 770 -4.50682853E+1 1.25567322E+1 5.00000000E+1 9.75048200E+5 0.00000000E+0 7.30429292E+1 4.55974860E-1 1.50716305E-1 3.01183707E-3 1.02323294E-1 2.79765127E-3 3.07673216E-1 4.36916790E-3
09 16 2014 21 16 58 773 -3.50531108E+1 1.25567322E+1 5.00000000E+1 9.75051400E+5 0.00000000E+0 7.31459260E+1 4.39387502E-1 1.53280795E-1 2.48162276E-3 1.10276043E-1 1.93127327E-3 3.05034220E-1 2.94367904E-3
09 16 2014 21 17 01 777 -2.50379363E+1 1.25567322E+1 5.00000000E+1 9.75054700E+5 0.00000000E+0 7.30812550E+1 4.37562967E-1 1.57046318E-1 2.78858023E-3 1.14154816E-1 2.45905329E-3 3.05002928E-1 3.58285529E-3
09 16 2014 21 17 05 780 0.00000000E+0 1.25567322E+1 5.00000000E+1 9.75058500E+5 0.00000000E+0 7.31204748E+1 4.39365316E-1 1.59829855E-1 3.34991054E-3 1.31714344E-1 2.67928645E-3 2.98142433E-1 2.81915014E-3
09 16 2014 21 17 09 784 2.50379363E+1 1.25567322E+1 5.00000000E+1 9.75062300E+5 0.00000000E+0 7.30937123E+1 4.02576686E-1 1.51062012E-1 2.77087546E-3 1.44106150E-1 2.65499441E-3 2.92730331E-1 3.11638375E-3
09 16 2014 21 17 12 787 3.50531108E+1 1.25567322E+1 5.00000000E+1 9.75065500E+5 0.00000000E+0 7.31068850E+1 4.16600225E-1 1.46090984E-1 2.89674572E-3 1.48493052E-1 3.06870860E-3 2.87938118E-1 3.72550236E-3
09 16 2014 21 17 15 791 4.50682853E+1 1.25567322E+1 5.00000000E+1 9.75068700E+5 0.00000000E+0 7.31350482E+1 4.66788604E-1 1.36822462E-1 3.28305644E-3 1.54025853E-1 2.03680214E-3 2.81974673E-1 3.04513047E-3
09 16 2014 21 17 19 794 5.49317147E+1 1.25567322E+1 5.00000000E+1 9.75071900E+5 0.00000000E+0 7.30466247E+1 4.61796422E-1 1.28722191E-1 4.00645529E-3 1.61004066E-1 1.89096542E-3 2.75498629E-1 3.14530782E-3
09 16 2014 21 17 22 797 6.49468892E+1 1.25567322E+1 5.00000000E+1 9.75075100E+5 0.00000000E+0 7.30733275E+1 4.57058964E-1 1.21420622E-1 3.49921188E-3 1.65545940E-1 2.71621557E-3 2.68018246E-1 2.78876797E-3
09 16 2014 21 17 29 804 -6.49468892E+1 2.49621785E+1 5.00000000E+1 9.75082500E+5 0.00000000E+0 7.30479360E+1 4.45285516E-1 1.31899118E-1 2.53279324E-3 1.08015537E-1 2.29267764E-3 3.27229500E-1 4.05754226E-3
09 16 2014 21 17 32 808 -5.49317147E+1 2.49621785E+1 5.00000000E+1 9.75085700E+5 0.00000000E+0 7.30903149E+1 4.64932864E-1 1.37698650E-1 2.92434492E-3 1.08969212E-1 2.12998891E-3 3.22771072E-1 3.77218817E-3
09 16 2014 21 17 36 811 -4.50682853E+1 2.49621785E+1 5.00000000E+1 9.75088900E+5 0.00000000E+0 7.30927289E+1 4.43961146E-1 1.44712627E-1 2.55136427E-3 1.14113092E-1 2.21806174E-3 3.15144658E-1 4.12812550E-3
09 16 2014 21 17 39 814 -3.50531108E+1 2.49621785E+1 5.00000000E+1 9.75092100E+5 0.00000000E+0 7.30943084E+1 4.60197995E-1 1.46406889E-1 3.03956622E-3 1.15865469E-1 2.04893833E-3 3.13496590E-1 3.02682395E-3
09 16 2014 21 17 42 817 -2.50379363E+1 2.49621785E+1 5.00000000E+1 9.75095300E+5 0.00000000E+0 7.30913281E+1 4.53493076E-1 1.48165226E-1 3.00133910E-3 1.17975473E-1 2.73793047E-3 3.09461355E-1 3.81714243E-3
09 16 2014 21 17 46 821 0.00000000E+0 2.49621785E+1 5.00000000E+1 9.75099200E+5 0.00000000E+0 7.30439425E+1 4.69671559E-1 1.50978565E-1 3.15386277E-3 1.29055977E-1 2.90342539E-3 3.03673744E-1 3.59305413E-3
09 16 2014 21 17 50 825 2.50379363E+1 2.49621785E+1 5.00000000E+1 9.75103000E+5 0.00000000E+0 7.31163621E+1 4.63760421E-1 1.43229961E-1 2.73115412E-3 1.35755539E-1 2.01808854E-3 2.97874212E-1 4.03867336E-3
09 16 2014 21 17 53 828 3.50531108E+1 2.49621785E+1 5.00000000E+1 9.75106200E+5 0.00000000E+0 7.31022358E+1 4.52506377E-1 1.36506557E-1 1.49338765E-3 1.41417980E-1 2.17694641E-3 2.93803215E-1 3.26225148E-3
09 16 2014 21 17 56 831 4.50682853E+1 2.49621785E+1 5.00000000E+1 9.75109400E+5 0.00000000E+0 7.31059909E+1 4.46563502E-1 1.33007765E-1 2.95815952E-3 1.45125389E-1 2.37267627E-3 2.87389755E-1 3.39399017E-3
09 16 2014 21 17 59 835 5.49317147E+1 2.49621785E+1 5.00000000E+1 9.75112600E+5 0.00000000E+0 7.30524659E+1 4.38109829E-1 1.22749805E-1 2.51727927E-3 1.49488449E-1 3.42828307E-3 2.80624628E-1 4.19627305E-3
09 16 2014 21 18 03 838 6.49468892E+1 2.49621785E+1 5.00000000E+1 9.75115900E+5 0.00000000E+0 7.31023401E+1 4.26381199E-1 1.22420490E-1 3.07164466E-3 1.52744353E-1 2.13989529E-3 2.73153186E-1 3.95105818E-3
09 16 2014 21 18 10 846 -6.49468892E+1 -2.49621785E+1 1.00000000E+2 9.75123700E+5 0.00000000E+0 7.30423629E+1 4.36611380E-1 1.35600567E-1 2.69423544E-3 4.61786985E-2 2.13686323E-3 3.29375267E-1 3.97141712E-3
09 16 2014 21 18 14 849 -5.49317147E+1 -2.49621785E+1 1.00000000E+2 9.75126900E+5 0.00000000E+0 7.30986595E+1 4.23907613E-1 1.49726868E-1 2.92948125E-3 5.45263290E-2 2.09511542E-3 3.26174498E-1 3.85395879E-3
09 16 2014 21 18 17 852 -4.50682853E+1 -2.49621785E+1 1.00000000E+2 9.75130100E+5 0.00000000E+0 7.30853081E+1 4.36437875E-1 1.59806013E-1 2.71025434E-3 6.28709793E-2 2.55716394E-3 3.17746401E-1 3.31300136E-3
09 16 2014 21 18 20 855 -3.50531108E+1 -2.49621785E+1 1.00000000E+2 9.75133300E+5 0.00000000E+0 7.30755180E+1 4.41484909E-1 1.70290470E-1 2.63125985E-3 7.47144222E-2 2.36563619E-3 3.17186117E-1 3.04812349E-3
09 16 2014 21 18 23 858 -2.50379363E+1 -2.49621785E+1 1.00000000E+2 9.75136500E+5 0.00000000E+0 7.31142163E+1 4.47255427E-1 1.73258781E-1 3.10146791E-3 8.48829746E-2 2.41116114E-3 3.11815739E-1 2.31288013E-3
09 16 2014 21 18 27 862 0.00000000E+0 -2.49621785E+1 1.00000000E+2 9.75140300E+5 0.00000000E+0 7.30562806E+1 4.52094139E-1 1.78164244E-1 1.98929929E-3 1.09004974E-1 1.83516293E-3 3.08704376E-1 4.76294133E-3
09 16 2014 21 18 31 866 2.50379363E+1 -2.49621785E+1 1.00000000E+2 9.75144200E+5 0.00000000E+0 7.30817914E+1 4.44908098E-1 1.67673826E-1 2.43062512E-3 1.36089325E-1 1.54532260E-3 3.04055214E-1 3.26225148E-3
09 16 2014 21 18 34 869 3.50531108E+1 -2.49621785E+1 1.00000000E+2 9.75147400E+5 0.00000000E+0 7.31049776E+1 4.30349428E-1 1.59758329E-1 2.68663911E-3 1.46865845E-1 2.18171684E-3 3.07101011E-1 2.75454387E-3
09 16 2014 21 18 37 873 4.50682853E+1 -2.49621785E+1 1.00000000E+2 9.75150600E+5 0.00000000E+0 7.31328130E+1 4.73711278E-1 1.47163868E-1 2.42398736E-3 1.56886876E-1 1.93225413E-3 3.03179026E-1 3.21010350E-3
09 16 2014 21 18 41 876 5.49317147E+1 -2.49621785E+1 1.00000000E+2 9.75153800E+5 0.00000000E+0 7.30381608E+1 4.45750009E-1 1.27238035E-1 3.14502246E-3 1.67083740E-1 2.03976447E-3 2.99596786E-1 3.42950459E-3
09 16 2014 21 18 44 879 6.49468892E+1 -2.49621785E+1 1.00000000E+2 9.75157000E+5 0.00000000E+0 7.30925798E+1 4.36866458E-1 1.08772516E-1 3.48099613E-3 1.73360109E-1 1.84145913E-3 2.96968222E-1 3.24244539E-3
09 16 2014 21 18 51 886 -6.49468892E+1 -1.25567322E+1 1.00000000E+2 9.75164400E+5 0.00000000E+0 7.30437040E+1 4.17961921E-1 1.26487017E-1 3.30509035E-3 5.66601753E-2 2.50088415E-3 3.24624777E-1 3.46026450E-3
09 16 2014 21 18 54 890 -5.49317147E+1 -1.25567322E+1 1.00000000E+2 9.75167600E+5 0.00000000E+0 7.30863810E+1 4.45561340E-1 1.42288208E-1 2.81421110E-3 6.47008419E-2 2.58811923E-3 3.20321321E-1 3.56296836E-3
09 16 2014 21 18 58 893 -4.50682853E+1 -1.25567322E+1 1.00000000E+2 9.75170800E+5 0.00000000E+0 7.30355084E+1 4.28350871E-1 1.52222812E-1 2.51922776E-3 6.85155392E-2 2.11216974E-3 3.17551196E-1 2.66781006E-3
09 16 2014 21 19 01 896 -3.50531108E+1 -1.25567322E+1 1.00000000E+2 9.75174000E+5 0.00000000E+0 7.30994344E+1 4.45974728E-1 1.59138441E-1 2.87418803E-3 7.78913498E-2 2.75756298E-3 3.13884020E-1 3.19344966E-3
09 16 2014 21 19 04 899 -2.50379363E+1 -1.25567322E+1 1.00000000E+2 9.75177200E+5 0.00000000E+0 7.30487704E+1 4.50797123E-1 1.61874294E-1 2.80075744E-3 8.74757767E-2 2.14283726E-3 3.11928988E-1 3.72206272E-3
09 16 2014 21 19 08 903 0.00000000E+0 -1.25567322E+1 1.00000000E+2 9.75181100E+5 0.00000000E+0 7.30836391E+1 4.28208662E-1 1.65140629E-1 2.25591034E-3 1.10822916E-1 2.40052890E-3 3.06421518E-1 3.26547687E-3
09 16 2014 21 19 12 907 2.50379363E+1 -1.25567322E+1 1.00000000E+2 9.75184900E+5 0.00000000E+0 7.30800629E+1 4.36401473E-1 1.55222416E-1 2.50799192E-3 1.37561560E-1 1.38777065E-3 3.00467014E-1 2.90525382E-3
09 16 2014 21 19 15 910 3.50531108E+1 -1.25567322E+1 1.00000000E+2 9.75188100E+5 0.00000000E+0 7.31698424E+1 4.10462984E-1 1.46821141E-1 2.38572508E-3 1.45830214E-1 2.18024579E-3 3.03983688E-1 3.99377808E-3
09 16 2014 21 19 18 913 4.50682853E+1 -1.25567322E+1 1.00000000E+2 9.75191300E+5 0.00000000E+0 7.30813146E+1 4.31388630E-1 1.34152174E-1 3.21743642E-3 1.52027607E-1 2.24860448E-3 2.99185514E-1 3.02293575E-3
09 16 2014 21 19 21 916 5.49317147E+1 -1.25567322E+1 1.00000000E+2 9.75194500E+5 0.00000000E+0 7.31577873E+1 4.40941339E-1 1.20460987E-1 3.42882844E-3 1.61272287E-1 2.07714412E-3 2.95943022E-1 3.52009659E-3
09 16 2014 21 19 25 920 6.49468892E+1 -1.25567322E+1 1.00000000E+2 9.75197800E+5 0.00000000E+0 7.30686635E+1 4.49167562E-1 9.77292657E-2 2.29890358E-3 1.67533755E-1 1.79942859E-3 2.89164484E-1 4.97979477E-3
09 16 2014 21 19 32 927 -6.49468892E+1 0.00000000E+0 1.00000000E+2 9.75205100E+5 0.00000000E+0 7.31199980E+1 4.44175544E-1 1.23667717E-1 2.07286375E-3 7.12156296E-2 1.67045309E-3 3.19284201E-1 3.40162297E-3
09 16 2014 21 19 35 930 -5.49317147E+1 0.00000000E+0 1.00000000E+2 9.75208300E+5 0.00000000E+0 7.30898231E+1 4.51662214E-1 1.37761235E-1 2.80446029E-3 7.80746341E-2 2.07230815E-3 3.13773751E-1 3.11373660E-3
09 16 2014 21 19 38 933 -4.50682853E+1 0.00000000E+0 1.00000000E+2 9.75211500E+5 0.00000000E+0 7.30712414E+1 4.41762366E-1 1.48117542E-1 2.53958347E-3 8.27908516E-2 3.13387882E-3 3.13270092E-1 2.97229110E-3
09 16 2014 21 19 41 937 -3.50531108E+1 0.00000000E+0 1.00000000E+2 9.75214700E+5 0.00000000E+0 7.31098056E+1 4.09296664E-1 1.52438879E-1 2.40445151E-3 9.10639763E-2 2.97983066E-3 3.15624475E-1 4.30393849E-3
09 16 2014 21 19 45 940 -2.50379363E+1 0.00000000E+0 1.00000000E+2 9.75217900E+5 0.00000000E+0 7.30896592E+1 4.36138395E-1 1.57183409E-1 2.33360488E-3 1.00725889E-1 2.48148148E-3 3.11905146E-1 3.09206663E-3
09 16 2014 21 19 48 944 0.00000000E+0 0.00000000E+0 1.00000000E+2 9.75221700E+5 0.00000000E+0 7.30717182E+1 4.42035985E-1 1.62798166E-1 2.57984089E-3 1.18213892E-1 2.30386450E-3 3.09681892E-1 3.25196392E-3
09 16 2014 21 19 52 947 2.50379363E+1 0.00000000E+0 1.00000000E+2 9.75225600E+5 0.00000000E+0 7.30095059E+1 4.67941682E-1 1.50270760E-1 2.93812208E-3 1.34959817E-1 2.05504968E-3 3.03134322E-1 2.62725122E-3
09 16 2014 21 19 56 951 3.50531108E+1 0.00000000E+0 1.00000000E+2 9.75228800E+5 0.00000000E+0 7.31328130E+1 4.45654457E-1 1.38276815E-1 2.90138315E-3 1.39248371E-1 2.17962463E-3 3.00914049E-1 2.76608683E-3
09 16 2014 21 19 59 954 4.50682853E+1 0.00000000E+0 1.00000000E+2 9.75232000E+5 0.00000000E+0 7.30804205E+1 4.44096664E-1 1.26594305E-1 2.42723789E-3 1.47444010E-1 2.42717626E-3 2.97474861E-1 3.40187033E-3
09 16 2014 21 20 02 957 5.49317147E+1 0.00000000E+0 1.00000000E+2 9.75235200E+5 0.00000000E+0 7.31033087E+1 4.46384861E-1 1.06471777E-1 2.28626642E-3 1.53368711E-1 2.65110395E-3 2.95358896E-1 3.58886241E-3
09 16 2014 21 20 05 960 6.49468892E+1 0.00000000E+0 1.00000000E+2 9.75238400E+5 0.00000000E+0 7.30282068E+1 4.59253433E-1 8.82893801E-2 2.36017334E-3 1.56991184E-1 1.24074576E-3 2.84917653E-1 3.10263981E-3
09 16 2014 21 20 12 968 -6.49468892E+1 1.25567322E+1 1.00000000E+2 9.75245700E+5 0.00000000E+0 7.31032342E+1 4.42999635E-1 1.21392310E-1 2.73843182E-3 7.92443752E-2 2.62206245E-3 3.20039690E-1 3.04009983E-3
09 16 2014 21 20 16 971 -5.49317147E+1 1.25567322E+1 1.00000000E+2 9.75249000E+5 0.00000000E+0 7.30633736E+1 4.51565007E-1 1.35225058E-1 2.79791860E-3 8.38696957E-2 2.20574488E-3 3.16131115E-1 2.96649780E-3
09 16 2014 21 20 19 974 -4.50682853E+1 1.25567322E+1 1.00000000E+2 9.75252200E+5 0.00000000E+0 7.30970502E+1 4.56735100E-1 1.40219927E-1 2.84263149E-3 8.98241997E-2 3.31729365E-3 3.12441587E-1 2.43922592E-3
09 16 2014 21 20 22 977 -3.50531108E+1 1.25567322E+1 1.00000000E+2 9.75255400E+5 0.00000000E+0 7.30168819E+1 4.64410159E-1 1.48034096E-1 2.71690388E-3 9.31859016E-2 2.02641029E-3 3.07732821E-1 2.89802998E-3
09 16 2014 21 20 25 981 -2.50379363E+1 1.25567322E+1 1.00000000E+2 9.75258600E+5 0.00000000E+0 7.31138140E+1 4.28781684E-1 1.49510801E-1 2.28318987E-3 9.76994634E-2 2.75541771E-3 3.04885209E-1 3.03893099E-3
09 16 2014 21 20 29 984 0.00000000E+0 1.25567322E+1 1.00000000E+2 9.75262400E+5 0.00000000E+0 7.30788708E+1 4.20848693E-1 1.49893761E-1 2.98321725E-3 1.16229057E-1 1.68232099E-3 3.04043293E-1 3.48035685E-3
09 16 2014 21 20 33 988 2.50379363E+1 1.25567322E+1 1.00000000E+2 9.75266300E+5 0.00000000E+0 7.30237365E+1 4.37081846E-1 1.37263536E-1 2.71163383E-3 1.30575895E-1 1.61299278E-3 2.99072266E-1 3.02113522E-3
09 16 2014 21 20 36 991 3.50531108E+1 1.25567322E+1 1.00000000E+2 9.75269500E+5 0.00000000E+0 7.30454326E+1 4.29274286E-1 1.27112865E-1 3.20528464E-3 1.34533644E-1 3.02382633E-3 2.93296576E-1 3.51409963E-3
09 16 2014 21 20 39 995 4.50682853E+1 1.25567322E+1 1.00000000E+2 9.75272700E+5 0.00000000E+0 7.30179250E+1 4.69836639E-1 1.14254653E-1 2.70510325E-3 1.40585005E-1 2.36372062E-3 2.90162861E-1 3.38253952E-3
09 16 2014 21 20 43 998 5.49317147E+1 1.25567322E+1 1.00000000E+2 9.75275900E+5 0.00000000E+0 7.31017590E+1 4.70955170E-1 1.01757050E-1 2.83196187E-3 1.48051977E-1 1.57317995E-3 2.82925367E-1 3.79923046E-3
09 16 2014 21 20 46 1001 6.49468892E+1 1.25567322E+1 1.00000000E+2 9.75279100E+5 0.00000000E+0 7.30322599E+1 4.21287064E-1 7.55906105E-2 2.08957472E-3 1.50465965E-1 2.23977260E-3 2.81876326E-1 3.26181010E-3
09 16 2014 21 20 53 1008 -6.49468892E+1 2.49621785E+1 1.00000000E+2 9.75286500E+5 0.00000000E+0 7.30580688E+1 4.33017403E-1 1.12628937E-1 2.35724283E-3 8.51035118E-2 2.82839419E-3 3.15797329E-1 3.21711677E-3
09 16 2014 21 20 56 1012 -5.49317147E+1 2.49621785E+1 1.00000000E+2 9.75289700E+5 0.00000000E+0 7.30952024E+1 4.58468989E-1 1.26522779E-1 3.33568024E-3 8.79943371E-2 2.42779249E-3 3.13085318E-1 3.76024785E-3
09 16 2014 21 21 00 1015 -4.50682853E+1 2.49621785E+1 1.00000000E+2 9.75292900E+5 0.00000000E+0 7.30222464E+1 4.54471536E-1 1.34909153E-1 3.08495293E-3 9.71317291E-2 3.10368575E-3 3.08477879E-1 2.81997247E-3
09 16 2014 21 21 03 1018 -3.50531108E+1 2.49621785E+1 1.00000000E+2 9.75296100E+5 0.00000000E+0 7.31099397E+1 4.73669272E-1 1.41628087E-1 2.87274395E-3 9.64775681E-2 1.91711802E-3 3.09951603E-1 2.90455703E-3
09 16 2014 21 21 06 1021 -2.50379363E+1 2.49621785E+1 1.00000000E+2 9.75299300E+5 0.00000000E+0 7.30407834E+1 4.53813749E-1 1.42282248E-1 2.33360488E-3 1.01351738E-1 2.35279652E-3 3.07583809E-1 4.12583443E-3
09 16 2014 21 21 10 1025 0.00000000E+0 2.49621785E+1 1.00000000E+2 9.75303100E+5 0.00000000E+0 7.30734468E+1 4.31605127E-1 1.43396854E-1 3.90708333E-3 1.12420321E-1 2.50129534E-3 3.03453207E-1 3.93219029E-3
09 16 2014 21 21 14 1029 2.50379363E+1 2.49621785E+1 1.00000000E+2 9.75307000E+5 0.00000000E+0 7.30344653E+1 4.10679008E-1 1.31118298E-1 2.47557438E-3 1.23572350E-1 2.63523637E-3 2.96658278E-1 3.61692912E-3
09 16 2014 21 21 17 1032 3.50531108E+1 2.49621785E+1 1.00000000E+2 9.75310200E+5 0.00000000E+0 7.30957985E+1 4.52378294E-1 1.21515989E-1 2.49434841E-3 1.27691031E-1 3.02871988E-3 2.94190645E-1 4.81803576E-3
09 16 2014 21 21 20 1035 4.50682853E+1 2.49621785E+1 1.00000000E+2 9.75313400E+5 0.00000000E+0 7.30054826E+1 4.24887276E-1 1.10574067E-1 1.49398540E-3 1.31361187E-1 2.28246361E-3 2.95087695E-1 3.42717205E-3
09 16 2014 21 21 23 1039 5.49317147E+1 2.49621785E+1 1.00000000E+2 9.75316600E+5 0.00000000E+0 7.30734468E+1 4.26876934E-1 9.87231731E-2 2.36979805E-3 1.35087967E-1 2.28211610E-3 2.84349918E-1 3.54795365E-3
09 16 2014 21 21 27 1042 6.49468892E+1 2.49621785E+1 1.00000000E+2 9.75319800E+5 0.00000000E+0 7.30311275E+1 4.46031846E-1 8.12053680E-2 3.65869195E-3 1.36494637E-1 1.97364386E-3 2.81137228E-1 3.71079259E-3
