Month Day Year Hour Minute Second Time_s x y z Current CurrentError 1Axis 1AxisError Bx BxError By ByError Bz BzError
09 15 2014 16 40 07 17 -6.49468892E+1 -2.49621785E+1 -1.00000000E+2 8.72040200E+5 0.00000000E+0 5.94911575E+1 4.38035102E-1 9.10729170E-1 2.83419929E-3 3.10218334E-1 2.45439526E-3 1.73842907E-1 3.48349302E-3
09 15 2014 16 40 11 22 -6.49468892E+1 -2.49621785E+1 -5.00000000E+1 8.72044700E+5 0.00000000E+0 5.94450533E+1 4.31337994E-1 9.24363732E-1 2.98606778E-3 3.37444246E-1 3.04228047E-3 1.01052225E-1 3.57805810E-3
09 15 2014 16 40 16 26 -6.49468892E+1 -2.49621785E+1 0.00000000E+0 8.72049200E+5 0.00000000E+0 5.95107079E+1 4.45378749E-1 9.47797298E-1 2.72226677E-3 3.22997570E-1 2.28764819E-3 9.54866409E-2 2.71122695E-3
09 15 2014 16 40 20 31 -6.49468892E+1 -2.49621785E+1 5.00000000E+1 8.72053700E+5 0.00000000E+0 5.95518202E+1 4.42578295E-1 9.00425017E-1 4.42644254E-3 3.08305025E-1 2.97068019E-3 1.42619014E-1 2.11592291E-3
09 15 2014 16 40 25 35 -6.49468892E+1 -2.49621785E+1 1.00000000E+2 8.72058200E+5 0.00000000E+0 5.95349073E+1 4.59676322E-1 8.50129128E-1 2.83433784E-3 3.20398808E-1 2.47654100E-3 1.47646666E-1 3.13411151E-3
09 15 2014 16 40 35 45 -5.49317147E+1 -2.49621785E+1 -1.00000000E+2 8.72067900E+5 0.00000000E+0 5.94694912E+1 4.55191766E-1 8.74496996E-1 3.15944913E-3 2.97389925E-1 2.15972614E-3 1.68256462E-1 3.60213805E-3
09 15 2014 16 40 39 50 -5.49317147E+1 -2.49621785E+1 -5.00000000E+1 8.72072400E+5 0.00000000E+0 5.94977736E+1 4.66909921E-1 8.82506371E-1 2.69961565E-3 3.23897600E-1 2.03097271E-3 1.08414888E-1 3.37118772E-3
09 15 2014 16 40 44 54 -5.49317147E+1 -2.49621785E+1 0.00000000E+0 8.72076900E+5 0.00000000E+0 5.95646352E+1 4.48902988E-1 8.92587006E-1 3.12863828E-3 3.15733254E-1 2.15104511E-3 9.67159867E-2 2.78031870E-3
09 15 2014 16 40 48 59 -5.49317147E+1 -2.49621785E+1 5.00000000E+1 8.72081400E+5 0.00000000E+0 5.95639944E+1 4.50259242E-1 8.75723362E-1 2.14538376E-3 2.96652317E-1 2.00578358E-3 1.27446651E-1 3.44653871E-3
09 15 2014 16 40 53 63 -5.49317147E+1 -2.49621785E+1 1.00000000E+2 8.72085900E+5 0.00000000E+0 5.95360398E+1 4.32083842E-1 8.55672359E-1 2.81274897E-3 3.05366516E-1 2.02356626E-3 1.37680769E-1 3.94434491E-3
09 15 2014 16 41 02 73 -4.50682853E+1 -2.49621785E+1 -1.00000000E+2 8.72095600E+5 0.00000000E+0 5.95297813E+1 4.42969104E-1 8.84634256E-1 3.04104227E-3 2.91556120E-1 2.62598881E-3 1.50769949E-1 3.75658617E-3
09 15 2014 16 41 07 77 -4.50682853E+1 -2.49621785E+1 -5.00000000E+1 8.72100100E+5 0.00000000E+0 5.94944507E+1 4.58583530E-1 9.08970833E-1 1.87427940E-3 3.11776996E-1 2.85700509E-3 1.07474625E-1 3.59792746E-3
09 15 2014 16 41 11 82 -4.50682853E+1 -2.49621785E+1 0.00000000E+0 8.72104600E+5 0.00000000E+0 5.96054196E+1 4.30543061E-1 9.19145346E-1 2.88711822E-3 2.99632549E-1 2.61246052E-3 8.74936581E-2 3.77973005E-3
09 15 2014 16 41 16 86 -4.50682853E+1 -2.49621785E+1 5.00000000E+1 8.72109100E+5 0.00000000E+0 5.96681237E+1 4.28702307E-1 8.94360244E-1 3.13619946E-3 2.80976295E-1 3.00413717E-3 1.10872090E-1 3.46144278E-3
09 15 2014 16 41 20 91 -4.50682853E+1 -2.49621785E+1 1.00000000E+2 8.72113600E+5 0.00000000E+0 5.95765710E+1 4.32716926E-1 8.89217854E-1 2.47865416E-3 2.82251835E-1 2.23258144E-3 1.30063295E-1 3.72049500E-3
09 15 2014 16 41 30 100 -3.50531108E+1 -2.49621785E+1 -1.00000000E+2 8.72123200E+5 0.00000000E+0 5.95240295E+1 4.32043121E-1 9.03129578E-1 2.83841632E-3 2.56881118E-1 2.61351245E-3 1.36338174E-1 3.69297956E-3
09 15 2014 16 41 35 105 -3.50531108E+1 -2.49621785E+1 -5.00000000E+1 8.72127800E+5 0.00000000E+0 5.95459342E+1 4.39007339E-1 9.08672810E-1 2.84489995E-3 2.74235010E-1 1.96204188E-3 9.94145870E-2 4.08335436E-3
09 15 2014 16 41 39 109 -3.50531108E+1 -2.49621785E+1 0.00000000E+0 8.72132300E+5 0.00000000E+0 5.96418977E+1 4.38893248E-1 9.02585685E-1 2.44924810E-3 2.73823738E-1 2.57595065E-3 9.07629728E-2 5.02678402E-3
09 15 2014 16 41 44 114 -3.50531108E+1 -2.49621785E+1 5.00000000E+1 8.72136800E+5 0.00000000E+0 5.95154166E+1 4.45930686E-1 8.74692202E-1 3.30576918E-3 2.62582302E-1 2.03488179E-3 1.12885237E-1 3.58911249E-3
09 15 2014 16 41 48 118 -3.50531108E+1 -2.49621785E+1 1.00000000E+2 8.72141300E+5 0.00000000E+0 5.95024824E+1 4.38314444E-1 8.58318806E-1 3.18745409E-3 2.74795294E-1 1.39840116E-3 1.22821331E-1 3.52850594E-3
09 15 2014 16 41 58 128 -2.50379363E+1 -2.49621785E+1 -1.00000000E+2 8.72150900E+5 0.00000000E+0 5.95210195E+1 4.39668969E-1 8.60857964E-1 3.16449291E-3 2.54476070E-1 2.84716004E-3 1.18726492E-1 3.67701903E-3
09 15 2014 16 42 02 133 -2.50379363E+1 -2.49621785E+1 -5.00000000E+1 8.72155400E+5 0.00000000E+0 5.95299155E+1 4.35026417E-1 8.64863396E-1 2.94199897E-3 2.84105539E-1 2.57392705E-3 9.34302807E-2 4.04621453E-3
09 15 2014 16 42 07 137 -2.50379363E+1 -2.49621785E+1 0.00000000E+0 8.72160000E+5 0.00000000E+0 5.95760942E+1 4.44832610E-1 8.68576765E-1 2.54040062E-3 2.82561779E-1 2.19098761E-3 7.60555267E-2 3.63065967E-3
09 15 2014 16 42 11 142 -2.50379363E+1 -2.49621785E+1 5.00000000E+1 8.72164500E+5 0.00000000E+0 5.94859123E+1 4.35975435E-1 8.49980116E-1 3.39656203E-3 2.70038843E-1 2.48220475E-3 8.95977020E-2 3.74232838E-3
09 15 2014 16 42 16 146 -2.50379363E+1 -2.49621785E+1 1.00000000E+2 8.72169000E+5 0.00000000E+0 5.94838858E+1 4.58362937E-1 8.35424662E-1 3.79000593E-3 2.80719995E-1 4.34441277E-3 1.06018782E-1 4.72808987E-3
09 15 2014 16 42 25 156 0.00000000E+0 -2.49621785E+1 -1.00000000E+2 8.72178700E+5 0.00000000E+0 5.94949126E+1 4.55044380E-1 8.52334499E-1 3.74382703E-3 2.41768360E-1 2.03112922E-3 8.87453556E-2 3.97739056E-3
09 15 2014 16 42 30 160 0.00000000E+0 -2.49621785E+1 -5.00000000E+1 8.72183200E+5 0.00000000E+0 5.95521927E+1 4.27060410E-1 8.59007239E-1 1.95923166E-3 2.66522169E-1 1.38097672E-3 7.22855330E-2 3.40721060E-3
09 15 2014 16 42 34 165 0.00000000E+0 -2.49621785E+1 0.00000000E+0 8.72187700E+5 0.00000000E+0 5.95277548E+1 4.46098921E-1 8.57645273E-1 2.40992003E-3 2.70128250E-1 2.92104371E-3 4.73141670E-2 3.37150386E-3
09 15 2014 16 42 39 169 0.00000000E+0 -2.49621785E+1 5.00000000E+1 8.72192300E+5 0.00000000E+0 5.95473647E+1 4.22736568E-1 8.41951370E-1 2.65846422E-3 2.52008438E-1 2.42462496E-3 5.96106052E-2 3.49878436E-3
09 15 2014 16 42 44 174 0.00000000E+0 -2.49621785E+1 1.00000000E+2 8.72196800E+5 0.00000000E+0 5.94721437E+1 4.32569601E-1 8.36420059E-1 2.61386300E-3 2.48539448E-1 1.88363384E-3 8.54909420E-2 4.12196677E-3
09 15 2014 16 42 53 184 2.50379363E+1 -2.49621785E+1 -1.00000000E+2 8.72206500E+5 0.00000000E+0 5.95192313E+1 4.37631552E-1 8.40198994E-1 2.83816159E-3 2.01278925E-1 2.87392779E-3 7.09116459E-2 3.98843245E-3
09 15 2014 16 42 58 188 2.50379363E+1 -2.49621785E+1 -5.00000000E+1 8.72211000E+5 0.00000000E+0 5.95058203E+1 4.44257104E-1 8.46463442E-1 2.89797836E-3 2.31879950E-1 1.65238959E-3 6.40034676E-2 3.67323876E-3
09 15 2014 16 43 02 193 2.50379363E+1 -2.49621785E+1 0.00000000E+0 8.72215500E+5 0.00000000E+0 5.94972968E+1 4.33851047E-1 8.57341290E-1 1.82104781E-3 2.32607126E-1 2.44486140E-3 4.56809998E-2 4.42041568E-3
09 15 2014 16 43 07 197 2.50379363E+1 -2.49621785E+1 5.00000000E+1 8.72220000E+5 0.00000000E+0 5.95681071E+1 4.42015896E-1 8.36920738E-1 3.25651466E-3 2.09063292E-1 3.04561348E-3 4.56988811E-2 3.57215104E-3
09 15 2014 16 43 11 202 2.50379363E+1 -2.49621785E+1 1.00000000E+2 8.72224600E+5 0.00000000E+0 5.95341921E+1 4.56335360E-1 8.20523500E-1 3.28306594E-3 2.11262703E-1 2.21391025E-3 7.56144524E-2 3.12374314E-3
09 15 2014 16 43 21 211 3.50531108E+1 -2.49621785E+1 -1.00000000E+2 8.72234200E+5 0.00000000E+0 5.95431328E+1 4.32121044E-1 8.26060772E-1 3.04208122E-3 1.83933973E-1 2.80411357E-3 5.66244125E-2 4.52450110E-3
09 15 2014 16 43 25 216 3.50531108E+1 -2.49621785E+1 -5.00000000E+1 8.72238700E+5 0.00000000E+0 5.95215559E+1 4.46513625E-1 8.44061375E-1 2.57845616E-3 2.19297409E-1 1.57836549E-3 6.66081905E-2 3.06982956E-3
09 15 2014 16 43 30 220 3.50531108E+1 -2.49621785E+1 0.00000000E+0 8.72243200E+5 0.00000000E+0 5.95366955E+1 4.26128038E-1 8.49968195E-1 3.35718130E-3 2.30419636E-1 2.60081088E-3 4.18365002E-2 3.44926655E-3
09 15 2014 16 43 34 225 3.50531108E+1 -2.49621785E+1 5.00000000E+1 8.72247700E+5 0.00000000E+0 5.95072508E+1 4.54271963E-1 8.31937790E-1 2.92042912E-3 2.05028057E-1 2.78629947E-3 2.99811363E-2 2.99300418E-3
09 15 2014 16 43 39 229 3.50531108E+1 -2.49621785E+1 1.00000000E+2 8.72252200E+5 0.00000000E+0 5.95746040E+1 4.60389594E-1 8.21298361E-1 3.37296216E-3 1.94907188E-1 2.23656452E-3 6.62088394E-2 3.51178423E-3
09 15 2014 16 43 49 239 4.50682853E+1 -2.49621785E+1 -1.00000000E+2 8.72261900E+5 0.00000000E+0 5.95619082E+1 4.43982828E-1 8.17465782E-1 2.51112130E-3 1.64353848E-1 2.19235267E-3 4.35471535E-2 3.48284883E-3
09 15 2014 16 43 53 244 4.50682853E+1 -2.49621785E+1 -5.00000000E+1 8.72266400E+5 0.00000000E+0 5.95242977E+1 4.43621858E-1 8.39447975E-1 2.96919435E-3 2.02095509E-1 2.63231137E-3 5.65469265E-2 3.92587026E-3
09 15 2014 16 43 58 248 4.50682853E+1 -2.49621785E+1 0.00000000E+0 8.72270900E+5 0.00000000E+0 5.95343709E+1 4.29486450E-1 8.40634108E-1 3.84922056E-3 2.15041637E-1 2.23920484E-3 2.72393227E-2 4.62852433E-3
09 15 2014 16 44 02 253 4.50682853E+1 -2.49621785E+1 5.00000000E+1 8.72275400E+5 0.00000000E+0 5.94524145E+1 4.58222747E-1 8.12846422E-1 3.82884185E-3 1.87146664E-1 2.34301685E-3 2.59935856E-2 3.82712244E-3
09 15 2014 16 44 07 257 4.50682853E+1 -2.49621785E+1 1.00000000E+2 8.72279900E+5 0.00000000E+0 5.94857335E+1 4.76400951E-1 7.97711313E-1 2.75705041E-3 1.80378556E-1 3.10886461E-3 7.06613064E-2 3.49874695E-3
09 15 2014 16 44 16 267 5.49317147E+1 -2.49621785E+1 -1.00000000E+2 8.72289500E+5 0.00000000E+0 5.95371723E+1 4.48159743E-1 7.91651011E-1 2.93541768E-3 1.46514177E-1 1.99680476E-3 5.36441803E-2 4.46124153E-3
09 15 2014 16 44 21 271 5.49317147E+1 -2.49621785E+1 -5.00000000E+1 8.72294100E+5 0.00000000E+0 5.95112443E+1 4.46622688E-1 8.20887089E-1 3.06617885E-3 1.75917149E-1 1.44977936E-3 7.57813454E-2 3.75603363E-3
09 15 2014 16 44 25 276 5.49317147E+1 -2.49621785E+1 0.00000000E+0 8.72298600E+5 0.00000000E+0 5.95085025E+1 4.42613821E-1 8.37796926E-1 2.86923947E-3 1.95527077E-1 2.24077418E-3 3.14593315E-2 4.00445727E-3
09 15 2014 16 44 30 280 5.49317147E+1 -2.49621785E+1 5.00000000E+1 8.72303100E+5 0.00000000E+0 5.95163107E+1 4.23468669E-1 8.03196430E-1 3.29866286E-3 1.61105394E-1 2.66629512E-3 2.39074230E-2 3.47432897E-3
09 15 2014 16 44 34 285 5.49317147E+1 -2.49621785E+1 1.00000000E+2 8.72307600E+5 0.00000000E+0 5.94558120E+1 4.66307541E-1 7.84659386E-1 2.73583303E-3 1.42043829E-1 3.19040347E-3 6.87181950E-2 3.30712642E-3
09 15 2014 16 44 44 294 6.49468892E+1 -2.49621785E+1 -1.00000000E+2 8.72317200E+5 0.00000000E+0 5.94528913E+1 4.57558588E-1 7.72732496E-1 3.02006429E-3 1.05541945E-1 2.98092859E-3 3.83555889E-2 3.81545695E-3
09 15 2014 16 44 48 299 6.49468892E+1 -2.49621785E+1 -5.00000000E+1 8.72321700E+5 0.00000000E+0 5.95107675E+1 4.52493563E-1 8.16762447E-1 2.72237666E-3 1.41751766E-1 3.30405487E-3 8.04483891E-2 3.93367364E-3
09 15 2014 16 44 53 303 6.49468892E+1 -2.49621785E+1 0.00000000E+0 8.72326300E+5 0.00000000E+0 5.95282912E+1 4.38475221E-1 8.34089518E-1 2.94660748E-3 1.66213512E-1 2.19269380E-3 3.85522842E-2 4.23987991E-3
09 15 2014 16 44 58 308 6.49468892E+1 -2.49621785E+1 5.00000000E+1 8.72330800E+5 0.00000000E+0 5.95355630E+1 4.52694779E-1 7.91221857E-1 2.17205359E-3 1.34813786E-1 2.68876101E-3 1.06334686E-2 3.68273547E-3
09 15 2014 16 45 02 312 6.49468892E+1 -2.49621785E+1 1.00000000E+2 8.72335300E+5 0.00000000E+0 5.95568120E+1 4.60490714E-1 7.77766109E-1 2.93873668E-3 1.16422772E-1 2.57222416E-3 6.15268946E-2 4.00488217E-3
09 15 2014 16 45 13 323 -6.49468892E+1 -1.25567322E+1 -1.00000000E+2 8.72346100E+5 0.00000000E+0 5.95461726E+1 4.06123180E-1 8.45080614E-1 3.18359761E-3 3.03536654E-1 2.64160758E-3 7.95304775E-2 4.41951460E-3
09 15 2014 16 45 17 328 -6.49468892E+1 -1.25567322E+1 -5.00000000E+1 8.72350600E+5 0.00000000E+0 5.94816208E+1 4.61099475E-1 8.59850645E-1 2.33808769E-3 3.15654278E-1 2.24154176E-3 3.80635262E-2 3.24355819E-3
09 15 2014 16 45 22 332 -6.49468892E+1 -1.25567322E+1 0.00000000E+0 8.72355100E+5 0.00000000E+0 5.94936013E+1 4.35783057E-1 8.79460573E-1 2.93215445E-3 3.19164991E-1 2.21987348E-3 3.63290310E-2 3.35994273E-3
09 15 2014 16 45 26 337 -6.49468892E+1 -1.25567322E+1 5.00000000E+1 8.72359700E+5 0.00000000E+0 5.94564676E+1 4.33190032E-1 8.58783722E-1 3.43220783E-3 3.02296877E-1 2.28397526E-3 7.33911991E-2 3.78384375E-3
09 15 2014 16 45 31 341 -6.49468892E+1 -1.25567322E+1 1.00000000E+2 8.72364200E+5 0.00000000E+0 5.94606996E+1 4.18576942E-1 8.40860605E-1 2.91701451E-3 3.03083658E-1 2.57293161E-3 7.59482384E-2 3.11097901E-3
09 15 2014 16 45 41 351 -5.49317147E+1 -1.25567322E+1 -1.00000000E+2 8.72373800E+5 0.00000000E+0 5.94942570E+1 4.09548386E-1 8.67003202E-1 2.71246118E-3 2.81631947E-1 2.29711008E-3 9.00328159E-2 4.12787788E-3
09 15 2014 16 45 45 355 -5.49317147E+1 -1.25567322E+1 -5.00000000E+1 8.72378300E+5 0.00000000E+0 5.95459342E+1 4.30304234E-1 8.77308846E-1 3.30258314E-3 3.05837393E-1 2.74780168E-3 4.46438789E-2 3.40628667E-3
09 15 2014 16 45 50 360 -5.49317147E+1 -1.25567322E+1 0.00000000E+0 8.72382800E+5 0.00000000E+0 5.94992638E+1 4.62673902E-1 8.94129276E-1 2.94463329E-3 3.06409597E-1 2.39178895E-3 4.10497189E-2 4.17909127E-3
09 15 2014 16 45 54 364 -5.49317147E+1 -1.25567322E+1 5.00000000E+1 8.72387300E+5 0.00000000E+0 5.95009923E+1 4.44079043E-1 8.79400969E-1 3.09400115E-3 2.89005041E-1 2.51019035E-3 7.04705715E-2 3.94582369E-3
09 15 2014 16 45 59 369 -5.49317147E+1 -1.25567322E+1 1.00000000E+2 8.72391800E+5 0.00000000E+0 5.94969392E+1 4.43807594E-1 8.67664814E-1 2.60069585E-3 2.92062759E-1 2.54237981E-3 8.12530518E-2 3.26018739E-3
09 15 2014 16 46 08 379 -4.50682853E+1 -1.25567322E+1 -1.00000000E+2 8.72401500E+5 0.00000000E+0 5.95114231E+1 4.52740563E-1 8.85421038E-1 2.91680938E-3 2.67726183E-1 2.54628217E-3 8.71181488E-2 3.98079747E-3
09 15 2014 16 46 13 383 -4.50682853E+1 -1.25567322E+1 -5.00000000E+1 8.72406000E+5 0.00000000E+0 5.95653057E+1 4.40920203E-1 8.98474455E-1 3.01813195E-3 2.91615725E-1 2.42551167E-3 4.99427319E-2 2.94132306E-3
09 15 2014 16 46 17 388 -4.50682853E+1 -1.25567322E+1 0.00000000E+0 8.72410500E+5 0.00000000E+0 5.95801473E+1 4.22338647E-1 9.11223888E-1 2.96044052E-3 2.85023451E-1 2.42384594E-3 4.63604927E-2 3.41470799E-3
09 15 2014 16 46 22 392 -4.50682853E+1 -1.25567322E+1 5.00000000E+1 8.72415000E+5 0.00000000E+0 5.95297813E+1 4.36994518E-1 8.96221399E-1 2.99749270E-3 2.74467468E-1 2.05182921E-3 6.81817532E-2 3.49407823E-3
09 15 2014 16 46 26 397 -4.50682853E+1 -1.25567322E+1 1.00000000E+2 8.72419500E+5 0.00000000E+0 5.95224500E+1 4.27538722E-1 8.87888670E-1 2.54892444E-3 2.73597240E-1 2.64783636E-3 8.71479511E-2 2.98448936E-3
09 15 2014 16 46 36 406 -3.50531108E+1 -1.25567322E+1 -1.00000000E+2 8.72429200E+5 0.00000000E+0 5.95734119E+1 4.45162063E-1 9.00673866E-1 2.94054103E-3 2.54583359E-1 2.88404023E-3 9.07063484E-2 2.95158471E-3
09 15 2014 16 46 40 411 -3.50531108E+1 -1.25567322E+1 -5.00000000E+1 8.72433700E+5 0.00000000E+0 5.95650077E+1 4.34982280E-1 9.16761160E-1 2.59112298E-3 2.76058912E-1 3.14801752E-3 4.94778156E-2 3.69609005E-3
09 15 2014 16 46 45 415 -3.50531108E+1 -1.25567322E+1 0.00000000E+0 8.72438200E+5 0.00000000E+0 5.96071482E+1 4.42769701E-1 9.25236940E-1 3.06534326E-3 2.74342299E-1 2.90184713E-3 4.15861607E-2 2.80592674E-3
09 15 2014 16 46 49 420 -3.50531108E+1 -1.25567322E+1 5.00000000E+1 8.72442700E+5 0.00000000E+0 5.95963001E+1 4.49922920E-1 9.17220116E-1 3.58413369E-3 2.60978937E-1 1.73004849E-3 7.30395317E-2 3.46217151E-3
09 15 2014 16 46 54 424 -3.50531108E+1 -1.25567322E+1 1.00000000E+2 8.72447200E+5 0.00000000E+0 5.95752597E+1 4.25670084E-1 9.13012028E-1 2.51246128E-3 2.63410807E-1 2.59890497E-3 8.97526741E-2 2.90200822E-3
09 15 2014 16 47 04 434 -2.50379363E+1 -1.25567322E+1 -1.00000000E+2 8.72456800E+5 0.00000000E+0 5.95378876E+1 4.40801785E-1 9.28896666E-1 3.17673009E-3 2.57962942E-1 3.08601346E-3 9.88483429E-2 4.12927735E-3
09 15 2014 16 47 08 438 -2.50379363E+1 -1.25567322E+1 -5.00000000E+1 8.72461300E+5 0.00000000E+0 5.95318675E+1 4.21073713E-1 9.33623314E-1 2.69090209E-3 2.73936987E-1 2.46606174E-3 7.09772110E-2 3.01836117E-3
09 15 2014 16 47 13 443 -2.50379363E+1 -1.25567322E+1 0.00000000E+0 8.72465900E+5 0.00000000E+0 5.95359802E+1 4.61450813E-1 9.39089060E-1 3.10625720E-3 2.77912617E-1 2.58239814E-3 5.47766685E-2 3.10558895E-3
09 15 2014 16 47 17 448 -2.50379363E+1 -1.25567322E+1 5.00000000E+1 8.72470400E+5 0.00000000E+0 5.96135855E+1 4.31394009E-1 9.14525986E-1 3.40538629E-3 2.61139870E-1 2.55189372E-3 6.99579716E-2 3.42594242E-3
09 15 2014 16 47 22 452 -2.50379363E+1 -1.25567322E+1 1.00000000E+2 8.72474900E+5 0.00000000E+0 5.96088171E+1 4.35878026E-1 8.99858773E-1 3.41889492E-3 2.61597335E-1 2.48152732E-3 9.31322575E-2 4.16914501E-3
09 15 2014 16 47 31 462 0.00000000E+0 -1.25567322E+1 -1.00000000E+2 8.72484600E+5 0.00000000E+0 5.96201420E+1 4.48087407E-1 9.14609432E-1 3.08349791E-3 2.16984749E-1 3.27305518E-3 9.69052315E-2 3.49780622E-3
09 15 2014 16 47 36 466 0.00000000E+0 -1.25567322E+1 -5.00000000E+1 8.72489100E+5 0.00000000E+0 5.95530272E+1 4.45326771E-1 9.14263725E-1 2.57290981E-3 2.38418579E-1 2.38638074E-3 7.72356987E-2 3.62445357E-3
09 15 2014 16 47 40 471 0.00000000E+0 -1.25567322E+1 0.00000000E+0 8.72493600E+5 0.00000000E+0 5.94242662E+1 4.33206125E-1 9.24460590E-1 4.50530557E-3 2.40884721E-1 2.20616376E-3 6.15343451E-2 3.73443435E-3
09 15 2014 16 47 45 475 0.00000000E+0 -1.25567322E+1 5.00000000E+1 8.72498200E+5 0.00000000E+0 5.94580770E+1 4.38267579E-1 9.04071331E-1 3.77070080E-3 2.27314234E-1 2.15906732E-3 7.21693039E-2 3.44925029E-3
09 15 2014 16 47 49 480 0.00000000E+0 -1.25567322E+1 1.00000000E+2 8.72502700E+5 0.00000000E+0 5.94364107E+1 4.40056131E-1 8.93734396E-1 2.51800526E-3 2.21565366E-1 2.19590069E-3 9.22903419E-2 3.56413016E-3
09 15 2014 16 47 59 490 2.50379363E+1 -1.25567322E+1 -1.00000000E+2 8.72512400E+5 0.00000000E+0 5.94921410E+1 4.37034517E-1 9.08859074E-1 2.56654352E-3 1.79134309E-1 2.08926821E-3 9.02414322E-2 2.97083964E-3
09 15 2014 16 48 04 494 2.50379363E+1 -1.25567322E+1 -5.00000000E+1 8.72516900E+5 0.00000000E+0 5.95452785E+1 4.39769720E-1 9.18769836E-1 3.38847639E-3 2.02429295E-1 2.49003428E-3 8.02755356E-2 3.80023927E-3
09 15 2014 16 48 08 499 2.50379363E+1 -1.25567322E+1 0.00000000E+0 8.72521400E+5 0.00000000E+0 5.95276058E+1 4.52205923E-1 9.25786793E-1 2.63250849E-3 2.09569931E-1 2.30128483E-3 6.26742840E-2 3.25378038E-3
09 15 2014 16 48 13 503 2.50379363E+1 -1.25567322E+1 5.00000000E+1 8.72525900E+5 0.00000000E+0 5.95250726E+1 4.32712674E-1 8.75174999E-1 3.24157449E-3 2.02542543E-1 2.01581723E-3 6.27458096E-2 3.32017273E-3
09 15 2014 16 48 17 508 2.50379363E+1 -1.25567322E+1 1.00000000E+2 8.72530400E+5 0.00000000E+0 5.95600605E+1 4.36135295E-1 8.31717253E-1 2.51828186E-3 2.08556652E-1 2.44382869E-3 8.59200954E-2 4.11408421E-3
09 15 2014 16 48 27 517 3.50531108E+1 -1.25567322E+1 -1.00000000E+2 8.72540100E+5 0.00000000E+0 5.95354438E+1 4.59686080E-1 8.32825899E-1 2.91126535E-3 1.69008970E-1 3.07323865E-3 9.06586647E-2 3.21865082E-3
09 15 2014 16 48 31 522 3.50531108E+1 -1.25567322E+1 -5.00000000E+1 8.72544600E+5 0.00000000E+0 5.95883280E+1 4.33911928E-1 8.55565071E-1 3.14254620E-3 2.04257667E-1 2.49788979E-3 9.75206494E-2 3.17656969E-3
09 15 2014 16 48 36 526 3.50531108E+1 -1.25567322E+1 0.00000000E+0 8.72549100E+5 0.00000000E+0 5.95527887E+1 4.54232842E-1 8.68529081E-1 3.72579847E-3 2.10970640E-1 2.56110218E-3 7.11202621E-2 3.28282102E-3
09 15 2014 16 48 40 531 3.50531108E+1 -1.25567322E+1 5.00000000E+1 8.72553600E+5 0.00000000E+0 5.95144182E+1 4.02973650E-1 8.51698220E-1 2.56820407E-3 1.89229846E-1 2.37497896E-3 5.67585230E-2 3.87087695E-3
09 15 2014 16 48 45 535 3.50531108E+1 -1.25567322E+1 1.00000000E+2 8.72558100E+5 0.00000000E+0 5.94661236E+1 4.25328954E-1 8.46195221E-1 2.94359170E-3 1.80709362E-1 2.16585511E-3 9.18149948E-2 6.01052295E-3
09 15 2014 16 48 55 545 4.50682853E+1 -1.25567322E+1 -1.00000000E+2 8.72567800E+5 0.00000000E+0 5.94563037E+1 4.66605721E-1 8.38249922E-1 3.59411560E-3 1.30258501E-1 2.16542124E-3 1.04635954E-1 4.14772959E-3
09 15 2014 16 48 59 549 4.50682853E+1 -1.25567322E+1 -5.00000000E+1 8.72572300E+5 0.00000000E+0 5.94563484E+1 4.54062535E-1 8.47929716E-1 2.63525766E-3 1.84839964E-1 2.76597867E-3 1.04653835E-1 4.50393956E-3
09 15 2014 16 49 04 554 4.50682853E+1 -1.25567322E+1 0.00000000E+0 8.72576800E+5 0.00000000E+0 5.94124198E+1 4.13469305E-1 8.64334404E-1 3.60502997E-3 2.09450722E-1 3.19397854E-3 6.95958734E-2 3.33792220E-3
09 15 2014 16 49 08 558 4.50682853E+1 -1.25567322E+1 5.00000000E+1 8.72581300E+5 0.00000000E+0 5.94897270E+1 4.38624097E-1 8.40783119E-1 2.97809826E-3 1.86288357E-1 2.08319367E-3 4.49597836E-2 3.02328212E-3
09 15 2014 16 49 13 563 4.50682853E+1 -1.25567322E+1 1.00000000E+2 8.72585800E+5 0.00000000E+0 5.94998598E+1 4.24504351E-1 8.36831331E-1 2.86423013E-3 1.75654888E-1 2.51234220E-3 6.39438629E-2 3.76146595E-3
09 15 2014 16 49 22 573 5.49317147E+1 -1.25567322E+1 -1.00000000E+2 8.72595400E+5 0.00000000E+0 5.95086217E+1 4.30435897E-1 8.40097666E-1 2.27399830E-3 1.25527382E-1 1.59561487E-3 3.27229500E-2 2.98223930E-3
09 15 2014 16 49 27 577 5.49317147E+1 -1.25567322E+1 -5.00000000E+1 8.72600000E+5 0.00000000E+0 5.95390797E+1 4.42578141E-1 8.87788832E-1 4.37823740E-3 1.63607299E-1 2.82066032E-3 4.97773290E-2 2.66487872E-3
09 15 2014 16 49 31 582 5.49317147E+1 -1.25567322E+1 0.00000000E+0 8.72604500E+5 0.00000000E+0 5.95253110E+1 4.47715438E-1 9.15765762E-1 2.67596242E-3 1.45703554E-1 4.60493214E-3 1.18017197E-2 3.96788749E-3
09 15 2014 16 49 36 586 5.49317147E+1 -1.25567322E+1 5.00000000E+1 8.72609000E+5 0.00000000E+0 5.95734268E+1 4.30612868E-1 8.57047737E-1 3.78627139E-3 9.47415829E-2 2.52674956E-3 -7.95722008E-3 3.56154586E-3
09 15 2014 16 49 40 591 5.49317147E+1 -1.25567322E+1 1.00000000E+2 8.72613500E+5 0.00000000E+0 5.94954491E+1 4.52431165E-1 7.97545910E-1 2.49878978E-3 9.78350639E-2 2.52854471E-3 2.17258930E-2 3.18322170E-3
09 15 2014 16 49 50 600 6.49468892E+1 -1.25567322E+1 -1.00000000E+2 8.72623100E+5 0.00000000E+0 5.95159829E+1 4.61834261E-1 7.61598349E-1 3.37216932E-3 4.18648124E-2 1.89399953E-3 -5.99324703E-2 3.27062441E-3
09 15 2014 16 49 54 605 6.49468892E+1 -1.25567322E+1 -5.00000000E+1 8.72627600E+5 0.00000000E+0 5.94877601E+1 4.37408326E-1 7.74246454E-1 3.64941448E-3 9.03725624E-2 3.99248566E-3 -4.98890877E-3 3.40030346E-3
09 15 2014 16 49 59 609 6.49468892E+1 -1.25567322E+1 0.00000000E+0 8.72632200E+5 0.00000000E+0 5.94577938E+1 4.47656775E-1 7.86423683E-1 2.91319797E-3 1.41590834E-1 2.95661469E-3 -4.11644578E-2 3.52980800E-3
09 15 2014 16 50 03 614 6.49468892E+1 -1.25567322E+1 5.00000000E+1 8.72636700E+5 0.00000000E+0 5.94249964E+1 4.48409794E-1 7.36254454E-1 3.13883312E-3 1.38455629E-1 2.56040119E-3 -7.66515732E-2 3.96675634E-3
09 15 2014 16 50 08 618 6.49468892E+1 -1.25567322E+1 1.00000000E+2 8.72641200E+5 0.00000000E+0 5.94455004E+1 4.44437479E-1 7.19523430E-1 2.47850328E-3 1.30009651E-1 2.56708927E-3 -2.46822834E-2 3.76128202E-3
09 15 2014 16 50 19 629 -6.49468892E+1 0.00000000E+0 -1.00000000E+2 8.72652000E+5 0.00000000E+0 5.94717264E+1 4.42339685E-1 6.90239668E-1 3.05478434E-3 3.23474407E-1 5.11489819E-3 -2.00033188E-2 3.08167815E-3
09 15 2014 16 50 23 634 -6.49468892E+1 0.00000000E+0 -5.00000000E+1 8.72656500E+5 0.00000000E+0 5.94384670E+1 4.41806553E-1 7.43091106E-1 3.88126963E-3 4.14443016E-1 4.50053397E-3 -7.84277916E-2 3.75320491E-3
09 15 2014 16 50 28 638 -6.49468892E+1 0.00000000E+0 0.00000000E+0 8.72661000E+5 0.00000000E+0 5.94731569E+1 4.42466584E-1 8.17811489E-1 3.95884813E-3 4.41133976E-1 2.76490360E-3 -8.59737396E-2 3.71267164E-3
09 15 2014 16 50 32 643 -6.49468892E+1 0.00000000E+0 5.00000000E+1 8.72665600E+5 0.00000000E+0 5.93919754E+1 4.41409048E-1 8.47333670E-1 3.34356361E-3 4.05389071E-1 2.79711653E-3 -6.62326813E-2 4.08992937E-3
09 15 2014 16 50 37 647 -6.49468892E+1 0.00000000E+0 1.00000000E+2 8.72670100E+5 0.00000000E+0 5.94124943E+1 4.41062605E-1 8.66353512E-1 2.82033492E-3 3.84069979E-1 2.35629407E-3 -7.65994191E-2 3.81096239E-3
09 15 2014 16 50 46 657 -5.49317147E+1 0.00000000E+0 -1.00000000E+2 8.72679700E+5 0.00000000E+0 5.95431924E+1 4.45519099E-1 8.17364454E-1 3.55245683E-3 3.52019072E-1 2.05222104E-3 -2.84135342E-2 3.32917139E-3
09 15 2014 16 50 51 661 -5.49317147E+1 0.00000000E+0 -5.00000000E+1 8.72684200E+5 0.00000000E+0 5.95000386E+1 4.48812560E-1 8.61001015E-1 2.47088696E-3 3.61955166E-1 2.92490754E-3 -9.85026360E-2 3.81883206E-3
09 15 2014 16 50 55 666 -5.49317147E+1 0.00000000E+0 0.00000000E+0 8.72688700E+5 0.00000000E+0 5.94684482E+1 4.18211011E-1 8.99428129E-1 5.10303634E-3 3.49748135E-1 3.69860351E-3 -1.05196238E-1 3.51626992E-3
09 15 2014 16 51 00 670 -5.49317147E+1 0.00000000E+0 5.00000000E+1 8.72693300E+5 0.00000000E+0 5.93753904E+1 4.29356650E-1 8.95664096E-1 2.51147126E-3 3.27453017E-1 2.59020875E-3 -8.34763050E-2 3.81531810E-3
09 15 2014 16 51 05 675 -5.49317147E+1 0.00000000E+0 1.00000000E+2 8.72697800E+5 0.00000000E+0 5.94485998E+1 4.32291586E-1 8.86577368E-1 2.89126023E-3 3.37058306E-1 4.10837173E-3 -8.09192657E-2 3.76289735E-3
09 15 2014 16 51 14 685 -4.50682853E+1 0.00000000E+0 -1.00000000E+2 8.72707400E+5 0.00000000E+0 5.94763756E+1 4.51973671E-1 8.51589441E-1 3.20625871E-3 3.74829769E-1 2.52588112E-3 2.75969505E-3 4.13699989E-3
09 15 2014 16 51 19 689 -4.50682853E+1 0.00000000E+0 -5.00000000E+1 8.72711900E+5 0.00000000E+0 5.94870448E+1 4.32710669E-1 8.91208649E-1 3.18771220E-3 3.80831957E-1 2.20398093E-3 -4.99546528E-2 3.73894423E-3
09 15 2014 16 51 23 694 -4.50682853E+1 0.00000000E+0 0.00000000E+0 8.72716400E+5 0.00000000E+0 5.95522672E+1 4.17657016E-1 9.37767327E-1 2.60919290E-3 3.52360308E-1 2.49760532E-3 -7.70539045E-2 3.63614389E-3
09 15 2014 16 51 28 698 -4.50682853E+1 0.00000000E+0 5.00000000E+1 8.72720900E+5 0.00000000E+0 5.94485402E+1 4.53986934E-1 9.34749842E-1 3.35949749E-3 3.25679779E-1 2.74276826E-3 -6.76393509E-2 3.48055026E-3
09 15 2014 16 51 32 703 -4.50682853E+1 0.00000000E+0 1.00000000E+2 8.72725500E+5 0.00000000E+0 5.95074892E+1 4.57636166E-1 9.36008990E-1 2.46169107E-3 3.01450491E-1 2.15567843E-3 -7.37607479E-2 4.15890670E-3
09 15 2014 16 51 42 712 -3.50531108E+1 0.00000000E+0 -1.00000000E+2 8.72735100E+5 0.00000000E+0 5.94797730E+1 4.27749369E-1 8.96608829E-1 2.67039452E-3 3.08179855E-1 2.61048432E-3 2.05993652E-2 3.71166423E-3
09 15 2014 16 51 46 717 -3.50531108E+1 0.00000000E+0 -5.00000000E+1 8.72739600E+5 0.00000000E+0 5.94332069E+1 4.46402573E-1 9.17099416E-1 3.09001846E-3 3.20434570E-1 2.67694982E-3 -2.96160579E-2 4.01577125E-3
09 15 2014 16 51 51 721 -3.50531108E+1 0.00000000E+0 0.00000000E+0 8.72744100E+5 0.00000000E+0 5.94685674E+1 4.10164261E-1 9.40310955E-1 2.48823139E-3 3.06767225E-1 2.30451370E-3 -5.73515892E-2 3.49224219E-3
09 15 2014 16 51 55 726 -3.50531108E+1 0.00000000E+0 5.00000000E+1 8.72748600E+5 0.00000000E+0 5.95806539E+1 4.44914851E-1 9.43236053E-1 3.31506688E-3 2.74628401E-1 2.34593059E-3 -5.57303429E-2 3.27684632E-3
09 15 2014 16 52 00 730 -3.50531108E+1 0.00000000E+0 1.00000000E+2 8.72753100E+5 0.00000000E+0 5.94969988E+1 4.45836888E-1 9.38934088E-1 2.98393797E-3 2.51871347E-1 2.89229480E-3 -7.22408295E-2 3.94539244E-3
09 15 2014 16 52 10 740 -2.50379363E+1 0.00000000E+0 -1.00000000E+2 8.72762800E+5 0.00000000E+0 5.94368577E+1 4.11583833E-1 9.19677317E-1 2.99314839E-3 2.58535147E-1 2.44480786E-3 2.03847885E-2 4.51948395E-3
09 15 2014 16 52 14 744 -2.50379363E+1 0.00000000E+0 -5.00000000E+1 8.72767300E+5 0.00000000E+0 5.94518185E+1 4.32375786E-1 9.28306580E-1 2.63529313E-3 2.64960527E-1 2.38238913E-3 -2.34663486E-2 3.14858769E-3
09 15 2014 16 52 19 749 -2.50379363E+1 0.00000000E+0 0.00000000E+0 8.72771800E+5 0.00000000E+0 5.94998151E+1 4.41943093E-1 9.42692161E-1 2.68644422E-3 2.56523490E-1 2.91900525E-3 -5.97015023E-2 2.88418124E-3
09 15 2014 16 52 23 753 -2.50379363E+1 0.00000000E+0 5.00000000E+1 8.72776300E+5 0.00000000E+0 5.94930649E+1 4.27676890E-1 9.27668810E-1 3.94032284E-3 2.40606070E-1 2.38803346E-3 -5.82754612E-2 4.30550223E-3
09 15 2014 16 52 28 758 -2.50379363E+1 0.00000000E+0 1.00000000E+2 8.72780800E+5 0.00000000E+0 5.95422834E+1 4.18939667E-1 9.17837024E-1 2.50050779E-3 2.36906111E-1 3.10241079E-3 -7.14957714E-2 5.11082169E-3
09 15 2014 16 52 37 768 0.00000000E+0 0.00000000E+0 -1.00000000E+2 8.72790500E+5 0.00000000E+0 5.96062094E+1 4.39893956E-1 9.07160342E-1 2.07493520E-3 2.14211643E-1 2.37082423E-3 1.93789601E-2 3.26960137E-3
09 15 2014 16 52 42 772 0.00000000E+0 0.00000000E+0 -5.00000000E+1 8.72795000E+5 0.00000000E+0 5.94968796E+1 4.30297025E-1 9.11581516E-1 3.09748627E-3 2.30026245E-1 2.70774879E-3 -1.09493732E-2 3.59240356E-3
09 15 2014 16 52 46 777 1.06221548E+0 0.00000000E+0 0.00000000E+0 8.72799600E+5 0.00000000E+0 5.94011694E+1 4.28853928E-1 9.16101038E-1 2.34420100E-3 2.27719545E-1 2.34431466E-3 -2.99960375E-2 3.50777259E-3
09 15 2014 16 52 51 781 0.00000000E+0 0.00000000E+0 5.00000000E+1 8.72804100E+5 0.00000000E+0 5.94927073E+1 4.52011151E-1 9.11092758E-1 2.88823844E-3 2.16460228E-1 2.27785150E-3 -3.07381153E-2 2.55478637E-3
09 15 2014 16 52 55 786 0.00000000E+0 0.00000000E+0 1.00000000E+2 8.72808600E+5 0.00000000E+0 5.95099330E+1 4.46620879E-1 9.07123089E-1 3.03321719E-3 2.05445290E-1 2.58219539E-3 -3.37302685E-2 3.78546427E-3
09 15 2014 16 53 05 795 2.50379363E+1 0.00000000E+0 -1.00000000E+2 8.72818300E+5 0.00000000E+0 5.95439225E+1 4.48395453E-1 8.92467797E-1 2.83974068E-3 1.76332891E-1 2.03482436E-3 5.40912151E-2 4.43388051E-3
09 15 2014 16 53 10 800 2.50379363E+1 0.00000000E+0 -5.00000000E+1 8.72822800E+5 0.00000000E+0 5.95165491E+1 4.47912760E-1 9.00924206E-1 3.29149007E-3 1.97452307E-1 2.06776082E-3 3.40163708E-2 3.18167056E-3
09 15 2014 16 53 14 805 2.50379363E+1 0.00000000E+0 0.00000000E+0 8.72827400E+5 0.00000000E+0 5.95695525E+1 4.41261408E-1 9.08508897E-1 2.72878197E-3 1.98490918E-1 2.35599250E-3 7.94231892E-3 3.14401554E-3
09 15 2014 16 53 19 809 2.50379363E+1 0.00000000E+0 5.00000000E+1 8.72831900E+5 0.00000000E+0 5.95089197E+1 4.39931347E-1 8.97103548E-1 2.55777078E-3 1.76489353E-1 1.91224405E-3 -4.23192978E-3 3.11232507E-3
09 15 2014 16 53 23 814 2.50379363E+1 0.00000000E+0 1.00000000E+2 8.72836400E+5 0.00000000E+0 5.94569445E+1 4.66425838E-1 8.92144442E-1 2.94686130E-3 1.65480375E-1 2.47749969E-3 -3.06963921E-3 2.53733682E-3
09 15 2014 16 53 33 823 3.50531108E+1 0.00000000E+0 -1.00000000E+2 8.72846000E+5 0.00000000E+0 5.94639778E+1 4.38155873E-1 8.98069143E-1 2.61445668E-3 1.47414207E-1 3.14814226E-3 6.89446926E-2 2.94559198E-3
09 15 2014 16 53 37 828 3.50531108E+1 0.00000000E+0 -5.00000000E+1 8.72850500E+5 0.00000000E+0 5.94815612E+1 4.34460868E-1 9.09641385E-1 2.35736182E-3 1.67205930E-1 2.85733668E-3 4.96357679E-2 3.50642192E-3
09 15 2014 16 53 42 832 3.50531108E+1 0.00000000E+0 0.00000000E+0 8.72855000E+5 0.00000000E+0 5.95697761E+1 4.32739292E-1 9.22495127E-1 3.84894852E-3 1.75046921E-1 2.92140216E-3 2.80439854E-2 2.53025237E-3
09 15 2014 16 53 46 837 3.50531108E+1 0.00000000E+0 5.00000000E+1 8.72859600E+5 0.00000000E+0 5.95743656E+1 4.36469578E-1 9.15575027E-1 2.31006501E-3 1.51628256E-1 3.11975996E-3 -9.11951065E-4 2.95800781E-3
09 15 2014 16 53 51 841 3.50531108E+1 0.00000000E+0 1.00000000E+2 8.72864100E+5 0.00000000E+0 5.95638752E+1 4.33652079E-1 8.87376070E-1 3.88218969E-3 1.48737431E-1 2.17109781E-3 9.49501991E-3 4.31435271E-3
09 15 2014 16 54 00 851 4.50682853E+1 0.00000000E+0 -1.00000000E+2 8.72873700E+5 0.00000000E+0 5.94669580E+1 4.35501409E-1 8.88317823E-1 2.90782712E-3 1.24260783E-1 2.79057548E-3 8.07121396E-2 3.19974810E-3
09 15 2014 16 54 05 855 4.50682853E+1 0.00000000E+0 -5.00000000E+1 8.72878200E+5 0.00000000E+0 5.95209002E+1 4.39186532E-1 9.02819633E-1 3.33481126E-3 1.43945217E-1 1.89337664E-3 8.56816769E-2 3.43871197E-3
09 15 2014 16 54 09 860 4.50682853E+1 0.00000000E+0 0.00000000E+0 8.72882700E+5 0.00000000E+0 5.96246123E+1 4.37929026E-1 9.21808183E-1 3.30841575E-3 1.49190426E-1 2.62693568E-3 5.93736768E-2 2.96747936E-3
09 15 2014 16 54 14 864 4.50682853E+1 0.00000000E+0 5.00000000E+1 8.72887300E+5 0.00000000E+0 5.95125556E+1 4.36086498E-1 9.00620222E-1 2.44657397E-3 1.26755238E-1 2.11914598E-3 2.55703926E-2 3.98622370E-3
09 15 2014 16 54 19 869 4.50682853E+1 0.00000000E+0 1.00000000E+2 8.72891800E+5 0.00000000E+0 5.94875216E+1 4.65262929E-1 8.88919830E-1 2.77168513E-3 1.15084648E-1 1.93050098E-3 3.28302383E-2 3.40472733E-3
09 15 2014 16 54 28 879 5.49317147E+1 0.00000000E+0 -1.00000000E+2 8.72901400E+5 0.00000000E+0 5.95574379E+1 4.32988890E-1 8.92001390E-1 2.67799504E-3 9.74893570E-2 3.19886119E-3 8.96573067E-2 3.90861448E-3
09 15 2014 16 54 33 883 5.49317147E+1 0.00000000E+0 -5.00000000E+1 8.72905900E+5 0.00000000E+0 5.95955551E+1 4.36843928E-1 9.15035605E-1 2.54445054E-3 1.17540359E-1 2.01366098E-3 1.00970268E-1 4.55352440E-3
09 15 2014 16 54 37 888 5.49317147E+1 0.00000000E+0 0.00000000E+0 8.72910400E+5 0.00000000E+0 5.95837235E+1 4.37831160E-1 9.38624144E-1 3.00929679E-3 1.28591061E-1 3.13187342E-3 6.33537769E-2 2.76435576E-3
09 15 2014 16 54 42 892 5.49317147E+1 0.00000000E+0 5.00000000E+1 8.72914900E+5 0.00000000E+0 5.95193505E+1 4.50135898E-1 9.03618336E-1 3.23635571E-3 1.10840797E-1 2.10728919E-3 2.45332718E-2 3.53517671E-3
09 15 2014 16 54 46 897 5.49317147E+1 0.00000000E+0 1.00000000E+2 8.72919400E+5 0.00000000E+0 5.95183372E+1 4.23506376E-1 8.80640745E-1 2.52089414E-3 9.75906849E-2 1.90549489E-3 4.77015972E-2 3.42463227E-3
09 15 2014 16 54 56 906 6.49468892E+1 0.00000000E+0 -1.00000000E+2 8.72929100E+5 0.00000000E+0 5.95188886E+1 4.57927652E-1 8.80293548E-1 2.45234062E-3 7.00652599E-2 2.47790973E-3 9.73418355E-2 3.64137551E-3
09 15 2014 16 55 00 911 6.49468892E+1 0.00000000E+0 -5.00000000E+1 8.72933600E+5 0.00000000E+0 5.96022606E+1 4.38092026E-1 9.18418169E-1 2.80795184E-3 9.87946987E-2 2.36746136E-3 1.16211176E-1 3.96095885E-3
09 15 2014 16 55 05 915 6.49468892E+1 0.00000000E+0 0.00000000E+0 8.72938100E+5 0.00000000E+0 5.95001578E+1 4.28869664E-1 9.44256783E-1 3.51638159E-3 1.12169981E-1 2.16915914E-3 7.29203224E-2 3.34415076E-3
09 15 2014 16 55 09 920 6.49468892E+1 0.00000000E+0 5.00000000E+1 8.72942600E+5 0.00000000E+0 5.95194101E+1 4.22061053E-1 9.12237167E-1 3.22443181E-3 9.02056694E-2 2.85476808E-3 3.34501266E-2 3.53682658E-3
09 15 2014 16 55 14 924 6.49468892E+1 0.00000000E+0 1.00000000E+2 8.72947100E+5 0.00000000E+0 5.95197082E+1 4.48907040E-1 8.81099701E-1 3.11931041E-3 8.59200954E-2 2.23786000E-3 5.27858734E-2 4.00888144E-3
09 15 2014 16 55 25 935 -6.49468892E+1 1.25567322E+1 -1.00000000E+2 8.72958000E+5 0.00000000E+0 5.95395565E+1 4.31584838E-1 9.15479660E-1 2.07358527E-3 2.68852711E-1 2.83531404E-3 1.30575895E-1 3.04153413E-3
09 15 2014 16 55 29 940 -6.49468892E+1 1.25567322E+1 -5.00000000E+1 8.72962500E+5 0.00000000E+0 5.95501065E+1 4.73381350E-1 9.30505991E-1 2.97037175E-3 2.93844938E-1 2.03170911E-3 8.05139542E-2 3.74871843E-3
09 15 2014 16 55 34 944 -6.49468892E+1 1.25567322E+1 0.00000000E+0 8.72967000E+5 0.00000000E+0 5.95539063E+1 4.37852106E-1 9.39518213E-1 2.46410725E-3 2.93515623E-1 2.12813068E-3 7.86706805E-2 3.44470673E-3
09 15 2014 16 55 38 949 -6.49468892E+1 1.25567322E+1 5.00000000E+1 8.72971500E+5 0.00000000E+0 5.95591068E+1 4.18834658E-1 9.16987658E-1 2.63480351E-3 2.82740593E-1 2.10160264E-3 9.79959965E-2 3.06216964E-3
09 15 2014 16 55 43 953 -6.49468892E+1 1.25567322E+1 1.00000000E+2 8.72976000E+5 0.00000000E+0 5.96079230E+1 4.39601126E-1 9.03069973E-1 2.55044739E-3 2.81028450E-1 2.71419378E-3 7.91028142E-2 1.80421005E-3
09 15 2014 16 55 52 963 -5.49317147E+1 1.25567322E+1 -1.00000000E+2 8.72985600E+5 0.00000000E+0 5.95594049E+1 4.34326942E-1 9.22995806E-1 2.40395376E-3 2.59816647E-1 2.54429131E-3 1.42872334E-1 4.24289538E-3
09 15 2014 16 55 57 967 -5.49317147E+1 1.25567322E+1 -5.00000000E+1 8.72990100E+5 0.00000000E+0 5.95044345E+1 4.60058178E-1 9.38378274E-1 3.37756440E-3 2.79352069E-1 3.22052671E-3 9.69246030E-2 4.36756737E-3
09 15 2014 16 56 01 972 -5.49317147E+1 1.25567322E+1 0.00000000E+0 8.72994700E+5 0.00000000E+0 5.94812036E+1 4.41824002E-1 9.47719812E-1 2.76002331E-3 2.82281637E-1 2.39216417E-3 8.97586346E-2 3.53155171E-3
09 15 2014 16 56 06 976 -5.49317147E+1 1.25567322E+1 5.00000000E+1 8.72999200E+5 0.00000000E+0 5.94703853E+1 4.29260248E-1 9.27969813E-1 2.61749688E-3 2.68898904E-1 2.22284839E-3 1.03712082E-1 2.48649737E-3
09 15 2014 16 56 10 981 -5.49317147E+1 1.25567322E+1 1.00000000E+2 8.73003700E+5 0.00000000E+0 5.95147014E+1 4.45679396E-1 9.15277004E-1 2.53940676E-3 2.68071890E-1 2.20486308E-3 9.13918018E-2 3.37380469E-3
09 15 2014 16 56 20 990 -4.50682853E+1 1.25567322E+1 -1.00000000E+2 8.73013300E+5 0.00000000E+0 5.95498085E+1 4.45818730E-1 9.35815275E-1 2.82007248E-3 2.41905451E-1 2.21934275E-3 1.41084194E-1 3.98784325E-3
09 15 2014 16 56 25 995 -4.50682853E+1 1.25567322E+1 -5.00000000E+1 8.73017800E+5 0.00000000E+0 5.95754981E+1 4.28676772E-1 9.45281982E-1 3.53280633E-3 2.62564421E-1 2.72182026E-3 1.00690126E-1 3.54208304E-3
09 15 2014 16 56 29 999 -4.50682853E+1 1.25567322E+1 0.00000000E+0 8.73022300E+5 0.00000000E+0 5.96280396E+1 4.37703629E-1 9.55276191E-1 3.05416860E-3 2.66954303E-1 2.93873668E-3 9.02861357E-2 3.48283631E-3
09 15 2014 16 56 34 1004 -4.50682853E+1 1.25567322E+1 5.00000000E+1 8.73026900E+5 0.00000000E+0 5.95675707E+1 4.48262787E-1 9.40912962E-1 2.36670302E-3 2.53719091E-1 1.97602042E-3 1.04069710E-1 2.94501426E-3
09 15 2014 16 56 38 1009 -4.50682853E+1 1.25567322E+1 1.00000000E+2 8.73031400E+5 0.00000000E+0 5.95327020E+1 4.45434445E-1 9.32848454E-1 2.93231387E-3 2.54327059E-1 2.15289225E-3 9.70780849E-2 4.10031711E-3
09 15 2014 16 56 48 1018 -3.50531108E+1 1.25567322E+1 -1.00000000E+2 8.73041000E+5 0.00000000E+0 5.95322847E+1 4.35187059E-1 9.67973471E-1 3.01540475E-3 2.45583057E-1 2.49153569E-3 1.44833326E-1 3.55498243E-3
09 15 2014 16 56 52 1023 -3.50531108E+1 1.25567322E+1 -5.00000000E+1 8.73045500E+5 0.00000000E+0 5.95225394E+1 4.54691354E-1 9.69372690E-1 2.90789839E-3 2.63169408E-1 2.76362513E-3 1.15133822E-1 3.30024447E-3
09 15 2014 16 56 57 1027 -3.50531108E+1 1.25567322E+1 0.00000000E+0 8.73050000E+5 0.00000000E+0 5.95273972E+1 4.49200970E-1 9.63002443E-1 3.52315493E-3 2.60293484E-1 2.58193469E-3 1.06644630E-1 3.15455043E-3
09 15 2014 16 57 01 1032 -3.50531108E+1 1.25567322E+1 5.00000000E+1 8.73054500E+5 0.00000000E+0 5.95325232E+1 4.25513538E-1 9.44340229E-1 3.67429743E-3 2.45267153E-1 2.60528608E-3 1.04993582E-1 3.83403447E-3
09 15 2014 16 57 06 1036 -3.50531108E+1 1.25567322E+1 1.00000000E+2 8.73059100E+5 0.00000000E+0 5.95421195E+1 4.22650219E-1 9.49013233E-1 3.01675006E-3 2.52395868E-1 2.56197814E-3 1.03944540E-1 3.96194063E-3
09 15 2014 16 57 15 1046 -2.50379363E+1 1.25567322E+1 -1.00000000E+2 8.73068700E+5 0.00000000E+0 5.96068054E+1 4.32148000E-1 9.62369144E-1 4.84239594E-3 2.21967697E-1 2.17645390E-3 1.41791999E-1 4.10351754E-3
09 15 2014 16 57 20 1050 -2.50379363E+1 1.25567322E+1 -5.00000000E+1 8.73073200E+5 0.00000000E+0 5.95364571E+1 4.45510054E-1 9.61387157E-1 2.43081743E-3 2.46596336E-1 2.69806370E-3 1.30790472E-1 3.70373134E-3
09 15 2014 16 57 24 1055 -2.50379363E+1 1.25567322E+1 0.00000000E+0 8.73077700E+5 0.00000000E+0 5.95501065E+1 4.22449210E-1 9.63073969E-1 3.00516814E-3 2.45594978E-1 2.08588469E-3 1.10054016E-1 4.50355760E-3
09 15 2014 16 57 29 1059 -2.50379363E+1 1.25567322E+1 5.00000000E+1 8.73082200E+5 0.00000000E+0 5.95344901E+1 4.22105313E-1 9.50539112E-1 2.37667633E-3 2.37476826E-1 2.71643585E-3 1.12992525E-1 4.93627305E-3
09 15 2014 16 57 33 1064 -2.50379363E+1 1.25567322E+1 1.00000000E+2 8.73086700E+5 0.00000000E+0 5.94720840E+1 4.44022132E-1 9.41824913E-1 2.56883681E-3 2.34723091E-1 1.93266939E-3 1.03271008E-1 3.17056138E-3
09 15 2014 16 57 43 1074 0.00000000E+0 1.25567322E+1 -1.00000000E+2 8.73096500E+5 0.00000000E+0 5.94890863E+1 4.30021791E-1 9.61393118E-1 2.75319267E-3 1.86070800E-1 2.56263006E-3 1.42879784E-1 4.11205096E-3
09 15 2014 16 57 48 1078 0.00000000E+0 1.25567322E+1 -5.00000000E+1 8.73101000E+5 0.00000000E+0 5.95296621E+1 4.65729536E-1 9.68384743E-1 3.27392342E-3 2.09289789E-1 2.38270306E-3 1.35010481E-1 3.26181010E-3
09 15 2014 16 57 52 1083 0.00000000E+0 1.25567322E+1 0.00000000E+0 8.73105500E+5 0.00000000E+0 5.95642328E+1 4.30401565E-1 9.63866711E-1 3.19134692E-3 2.12115049E-1 2.46569776E-3 1.18416548E-1 3.94923416E-3
09 15 2014 16 57 57 1087 0.00000000E+0 1.25567322E+1 5.00000000E+1 8.73110000E+5 0.00000000E+0 5.95341325E+1 4.35642640E-1 9.53942537E-1 2.78441307E-3 2.03794241E-1 2.40277117E-3 1.06102228E-1 4.15237486E-3
09 15 2014 16 58 01 1092 0.00000000E+0 1.25567322E+1 1.00000000E+2 8.73114500E+5 0.00000000E+0 5.95298409E+1 4.13430226E-1 9.36233997E-1 3.84128942E-3 2.00700760E-1 2.62043603E-3 1.19662285E-1 3.41792629E-3
09 15 2014 16 58 11 1101 2.50379363E+1 1.25567322E+1 -1.00000000E+2 8.73124200E+5 0.00000000E+0 5.95778227E+1 4.39991352E-1 9.51461494E-1 3.19396927E-3 1.46828592E-1 2.39715180E-3 1.50077045E-1 3.02846932E-3
09 15 2014 16 58 16 1106 2.50379363E+1 1.25567322E+1 -5.00000000E+1 8.73128800E+5 0.00000000E+0 5.95958233E+1 4.47385366E-1 9.60612297E-1 2.93040023E-3 1.66165829E-1 2.93888726E-3 1.36673450E-1 5.06626563E-3
09 15 2014 16 58 20 1110 2.50379363E+1 1.25567322E+1 0.00000000E+0 8.73133300E+5 0.00000000E+0 5.95592856E+1 4.31727281E-1 9.70751047E-1 3.20056174E-3 1.73979998E-1 2.08942259E-3 1.25414133E-1 4.02412792E-3
09 15 2014 16 58 25 1115 2.50379363E+1 1.25567322E+1 5.00000000E+1 8.73137800E+5 0.00000000E+0 5.95973134E+1 4.52226933E-1 9.51594114E-1 2.69531095E-3 1.60723925E-1 3.53925239E-3 1.11800432E-1 3.52769506E-3
09 15 2014 16 58 29 1119 2.50379363E+1 1.25567322E+1 1.00000000E+2 8.73142300E+5 0.00000000E+0 5.95093369E+1 4.35051328E-1 9.05168056E-1 3.13755208E-3 1.71250105E-1 2.52510371E-3 1.20359659E-1 3.25441820E-3
09 15 2014 16 58 39 1129 3.50531108E+1 1.25567322E+1 -1.00000000E+2 8.73151900E+5 0.00000000E+0 5.94831109E+1 4.20928033E-1 8.81367922E-1 2.68975529E-3 1.45483017E-1 2.77459798E-3 1.50829554E-1 2.83894548E-3
09 15 2014 16 58 43 1134 3.50531108E+1 1.25567322E+1 -5.00000000E+1 8.73156500E+5 0.00000000E+0 5.95430136E+1 4.25105654E-1 9.06568766E-1 2.56005063E-3 1.63507462E-1 2.79393939E-3 1.46096945E-1 3.52094639E-3
09 15 2014 16 58 48 1138 3.50531108E+1 1.25567322E+1 0.00000000E+0 8.73161000E+5 0.00000000E+0 5.94854951E+1 4.35133154E-1 9.16975737E-1 2.95395940E-3 1.73413754E-1 2.04148713E-3 1.33091211E-1 3.55540319E-3
09 15 2014 16 58 52 1143 3.50531108E+1 1.25567322E+1 5.00000000E+1 8.73165500E+5 0.00000000E+0 5.95506430E+1 4.44885340E-1 9.00667906E-1 2.99469675E-3 1.66636705E-1 2.54098938E-3 1.15257502E-1 3.39678223E-3
09 15 2014 16 58 57 1147 3.50531108E+1 1.25567322E+1 1.00000000E+2 8.73170000E+5 0.00000000E+0 5.95706701E+1 4.27154734E-1 9.05370712E-1 3.27214100E-3 1.65241957E-1 2.63434928E-3 1.16354227E-1 3.75451495E-3
09 15 2014 16 59 06 1157 4.50682853E+1 1.25567322E+1 -1.00000000E+2 8.73179600E+5 0.00000000E+0 5.95162511E+1 4.20368085E-1 9.12654400E-1 3.22222743E-3 1.10971928E-1 2.45281013E-3 1.42198801E-1 3.77771111E-3
09 15 2014 16 59 11 1161 4.50682853E+1 1.25567322E+1 -5.00000000E+1 8.73184100E+5 0.00000000E+0 5.95894456E+1 4.62876651E-1 9.14716721E-1 4.16444809E-3 1.30259991E-1 2.40576540E-3 1.53994560E-1 4.03880762E-3
09 15 2014 16 59 15 1166 4.50682853E+1 1.25567322E+1 0.00000000E+0 8.73188700E+5 0.00000000E+0 5.95206618E+1 4.27996647E-1 9.19920206E-1 3.20905679E-3 1.69086456E-1 3.16094561E-3 1.39445066E-1 3.67872727E-3
09 15 2014 16 59 20 1170 4.50682853E+1 1.25567322E+1 5.00000000E+1 8.73193200E+5 0.00000000E+0 5.95250130E+1 4.46155436E-1 9.32204723E-1 5.08989062E-3 1.55121088E-1 2.63650617E-3 9.96410847E-2 2.81125283E-3
09 15 2014 16 59 24 1175 4.50682853E+1 1.25567322E+1 1.00000000E+2 8.73197700E+5 0.00000000E+0 5.95316887E+1 4.33877961E-1 9.13202763E-1 1.99980841E-3 1.32811069E-1 3.29634930E-3 9.50396061E-2 3.45520287E-3
09 15 2014 16 59 34 1184 5.49317147E+1 1.25567322E+1 -1.00000000E+2 8.73207300E+5 0.00000000E+0 5.95401525E+1 4.32606709E-1 9.09823179E-1 3.01014172E-3 5.17249107E-2 1.65448173E-3 5.86092472E-2 4.26763911E-3
09 15 2014 16 59 39 1189 5.49317147E+1 1.25567322E+1 -5.00000000E+1 8.73211800E+5 0.00000000E+0 5.95543385E+1 4.50619347E-1 9.01705027E-1 2.72758483E-3 7.70211220E-2 2.01819973E-3 6.88254833E-2 3.34329517E-3
09 15 2014 16 59 43 1193 5.49317147E+1 1.25567322E+1 0.00000000E+0 8.73216300E+5 0.00000000E+0 5.96199036E+1 4.53076626E-1 8.86452198E-1 5.53655235E-3 4.80711460E-2 2.55027387E-3 7.02321529E-2 4.42610987E-3
09 15 2014 16 59 48 1198 5.49317147E+1 1.25567322E+1 5.00000000E+1 8.73220900E+5 0.00000000E+0 5.95005155E+1 4.56178049E-1 8.13800097E-1 3.97829309E-3 9.08493996E-2 5.53209255E-3 3.49283218E-2 4.20206627E-3
09 15 2014 16 59 52 1203 5.49317147E+1 1.25567322E+1 1.00000000E+2 8.73225400E+5 0.00000000E+0 5.95411658E+1 4.56669756E-1 8.12447071E-1 3.23432134E-3 1.67304277E-1 4.61735686E-3 4.36544418E-2 3.88975863E-3
09 15 2014 17 00 02 1212 6.49468892E+1 1.25567322E+1 -1.00000000E+2 8.73235000E+5 0.00000000E+0 5.95455170E+1 4.47870260E-1 8.44329596E-1 3.64830759E-3 1.72537565E-1 2.80566017E-3 7.80522823E-2 4.53933391E-3
09 15 2014 17 00 06 1217 6.49468892E+1 1.25567322E+1 -5.00000000E+1 8.73239500E+5 0.00000000E+0 5.95332980E+1 4.64243324E-1 9.05370712E-1 3.54046203E-3 2.07257271E-1 2.92651810E-3 9.44018364E-2 3.36928472E-3
09 15 2014 17 00 11 1221 6.49468892E+1 1.25567322E+1 0.00000000E+0 8.73244000E+5 0.00000000E+0 5.95548153E+1 4.47434213E-1 1.00578666E+0 8.66306430E-3 2.32505798E-1 1.97227911E-3 5.83171844E-2 3.24228968E-3
09 15 2014 17 00 15 1226 6.49468892E+1 1.25567322E+1 5.00000000E+1 8.73248500E+5 0.00000000E+0 5.95374107E+1 4.25925510E-1 1.10376477E+0 7.42867411E-3 1.55240297E-1 7.05843990E-3 3.62157822E-2 5.93085211E-3
09 15 2014 17 00 20 1230 6.49468892E+1 1.25567322E+1 1.00000000E+2 8.73253100E+5 0.00000000E+0 5.94830513E+1 4.36094581E-1 1.10508800E+0 2.64172084E-3 4.35531139E-2 9.50148576E-3 9.53555107E-2 6.65876963E-3
09 15 2014 17 00 31 1241 -6.49468892E+1 2.49621785E+1 -1.00000000E+2 8.73263900E+5 0.00000000E+0 5.94788045E+1 4.44594497E-1 1.02128834E+0 3.48483336E-3 1.85757875E-1 2.93829337E-3 2.92256474E-1 3.20134840E-3
09 15 2014 17 00 35 1246 -6.49468892E+1 2.49621785E+1 -5.00000000E+1 8.73268400E+5 0.00000000E+0 5.94774485E+1 4.79476785E-1 1.01618171E+0 3.24728588E-3 1.88463926E-1 2.02174508E-3 2.34872103E-1 4.05309278E-3
09 15 2014 17 00 40 1250 -6.49468892E+1 2.49621785E+1 0.00000000E+0 8.73272900E+5 0.00000000E+0 5.94541430E+1 4.42497111E-1 9.94361937E-1 3.43265318E-3 1.83582306E-1 1.93643251E-3 2.12408602E-1 3.31713816E-3
09 15 2014 17 00 44 1255 -6.49468892E+1 2.49621785E+1 5.00000000E+1 8.73277400E+5 0.00000000E+0 5.95287681E+1 4.23523661E-1 9.42385197E-1 2.82527208E-3 1.62011385E-1 3.17135744E-3 2.04515457E-1 3.79827062E-3
09 15 2014 17 00 49 1259 -6.49468892E+1 2.49621785E+1 1.00000000E+2 8.73281900E+5 0.00000000E+0 5.95749617E+1 4.32179456E-1 8.30721855E-1 7.34279110E-3 1.39307976E-1 2.06309849E-3 1.83451176E-1 4.13059939E-3
09 15 2014 17 00 58 1269 -5.49317147E+1 2.49621785E+1 -1.00000000E+2 8.73291600E+5 0.00000000E+0 5.95263243E+1 4.42862464E-1 8.31490755E-1 3.22723151E-3 2.09230185E-1 4.03652453E-3 3.42655182E-1 3.46072379E-3
09 15 2014 17 01 03 1273 -5.49317147E+1 2.49621785E+1 -5.00000000E+1 8.73296100E+5 0.00000000E+0 5.94510138E+1 4.54266520E-1 8.21433961E-1 3.37503900E-3 2.49028206E-1 2.75302062E-3 3.02024186E-1 3.76494285E-3
09 15 2014 17 01 07 1278 -5.49317147E+1 2.49621785E+1 0.00000000E+0 8.73300600E+5 0.00000000E+0 5.94865680E+1 4.46484038E-1 8.09299946E-1 3.87710497E-3 2.67153978E-1 2.26133290E-3 2.78455019E-1 4.82950967E-3
09 15 2014 17 01 12 1282 -5.49317147E+1 2.49621785E+1 5.00000000E+1 8.73305100E+5 0.00000000E+0 5.94933629E+1 4.28928084E-1 7.71278143E-1 2.67133964E-3 2.93105841E-1 5.92066313E-3 2.60311365E-1 3.43444621E-3
09 15 2014 17 01 16 1287 -5.49317147E+1 2.49621785E+1 1.00000000E+2 8.73309600E+5 0.00000000E+0 5.95364571E+1 4.48830845E-1 8.00329447E-1 4.24285571E-3 3.88455391E-1 4.59656389E-3 2.23845243E-1 3.40329363E-3
09 15 2014 17 01 26 1296 -4.50682853E+1 2.49621785E+1 -1.00000000E+2 8.73319200E+5 0.00000000E+0 5.94519824E+1 4.31691600E-1 9.29228961E-1 2.85952209E-3 3.17916274E-1 1.75410572E-3 3.46794724E-1 3.16443973E-3
09 15 2014 17 01 31 1301 -4.50682853E+1 2.49621785E+1 -5.00000000E+1 8.73323800E+5 0.00000000E+0 5.94958067E+1 4.37851082E-1 9.59813595E-1 2.90396632E-3 3.35979462E-1 2.99946951E-3 3.14956903E-1 3.52052151E-3
09 15 2014 17 01 35 1305 -4.50682853E+1 2.49621785E+1 0.00000000E+0 8.73328300E+5 0.00000000E+0 5.95176220E+1 4.30323028E-1 9.74965096E-1 3.05995225E-3 3.43340635E-1 2.70495060E-3 3.01766396E-1 4.22060787E-3
09 15 2014 17 01 40 1310 -4.50682853E+1 2.49621785E+1 5.00000000E+1 8.73332800E+5 0.00000000E+0 5.95281720E+1 4.39283491E-1 9.40173864E-1 2.80928335E-3 3.44949961E-1 2.40239761E-3 2.87139416E-1 4.05331883E-3
09 15 2014 17 01 44 1314 -4.50682853E+1 2.49621785E+1 1.00000000E+2 8.73337300E+5 0.00000000E+0 5.94928861E+1 4.54991517E-1 9.30947065E-1 3.84793790E-3 3.52025032E-1 3.06547136E-3 2.53081322E-1 3.38414731E-3
09 15 2014 17 01 54 1324 -3.50531108E+1 2.49621785E+1 -1.00000000E+2 8.73346900E+5 0.00000000E+0 5.94853163E+1 4.47886542E-1 9.61202383E-1 3.26840733E-3 2.69275904E-1 2.25629987E-3 3.66473198E-1 3.28172723E-3
09 15 2014 17 01 58 1329 -3.50531108E+1 2.49621785E+1 -5.00000000E+1 8.73351400E+5 0.00000000E+0 5.95436096E+1 4.50639430E-1 9.67633724E-1 2.93888726E-3 2.95996666E-1 2.24657456E-3 3.29685211E-1 3.85844406E-3
09 15 2014 17 02 03 1333 -3.50531108E+1 2.49621785E+1 0.00000000E+0 8.73356000E+5 0.00000000E+0 5.95009327E+1 4.22899758E-1 9.33498144E-1 2.94244171E-3 2.76952982E-1 1.86366442E-3 3.73858213E-1 3.12593920E-3
09 15 2014 17 02 07 1338 -3.50531108E+1 2.49621785E+1 5.00000000E+1 8.73360500E+5 0.00000000E+0 5.94314933E+1 4.34965429E-1 9.21452045E-1 3.61457614E-3 2.73448229E-1 2.45931941E-3 3.57818604E-1 3.03467168E-3
09 15 2014 17 02 12 1342 -3.50531108E+1 2.49621785E+1 1.00000000E+2 8.73365000E+5 0.00000000E+0 5.94657660E+1 4.43352204E-1 9.43458080E-1 3.01754333E-3 2.94530392E-1 2.34627065E-3 2.84874439E-1 4.06529528E-3
09 15 2014 17 02 21 1352 -2.50379363E+1 2.49621785E+1 -1.00000000E+2 8.73374600E+5 0.00000000E+0 5.95404208E+1 4.50242166E-1 9.62965190E-1 3.24794272E-3 2.31109560E-1 2.76082770E-3 3.64325941E-1 3.43858192E-3
09 15 2014 17 02 26 1356 -2.50379363E+1 2.49621785E+1 -5.00000000E+1 8.73379100E+5 0.00000000E+0 5.94433546E+1 4.54698031E-1 9.68843699E-1 3.55506659E-3 2.49677896E-1 2.73415803E-3 3.50457430E-1 3.87428261E-3
09 15 2014 17 02 30 1361 -2.50379363E+1 2.49621785E+1 0.00000000E+0 8.73383600E+5 0.00000000E+0 5.94723225E+1 4.34851258E-1 9.80073214E-1 2.49530775E-3 2.48795748E-1 2.34192327E-3 3.42065096E-1 4.21707545E-3
09 15 2014 17 02 35 1365 -2.50379363E+1 2.49621785E+1 5.00000000E+1 8.73388200E+5 0.00000000E+0 5.94567657E+1 4.29392574E-1 9.61780548E-1 2.88601052E-3 2.43294239E-1 3.00507481E-3 3.25292349E-1 3.03995990E-3
09 15 2014 17 02 39 1370 -2.50379363E+1 2.49621785E+1 1.00000000E+2 8.73392700E+5 0.00000000E+0 5.95332980E+1 4.55129974E-1 9.47821140E-1 2.82892302E-3 2.17455626E-1 2.70660913E-3 3.18032503E-1 4.75726513E-3
09 15 2014 17 02 49 1380 0.00000000E+0 2.49621785E+1 -1.00000000E+2 8.73402400E+5 0.00000000E+0 5.94440103E+1 4.45027340E-1 9.49990749E-1 3.04881047E-3 1.52403116E-1 2.35974020E-3 3.64750624E-1 3.64871759E-3
09 15 2014 17 02 54 1384 0.00000000E+0 2.49621785E+1 -5.00000000E+1 8.73406900E+5 0.00000000E+0 5.95134497E+1 4.63831865E-1 9.47386026E-1 2.66219643E-3 1.72150135E-1 1.97398489E-3 3.54206562E-1 4.06235050E-3
09 15 2014 17 02 58 1389 0.00000000E+0 2.49621785E+1 0.00000000E+0 8.73411400E+5 0.00000000E+0 5.95016479E+1 4.31878483E-1 9.40316916E-1 3.23695075E-3 1.84679031E-1 2.04093750E-3 3.36307287E-1 3.20299119E-3
09 15 2014 17 03 03 1393 0.00000000E+0 2.49621785E+1 5.00000000E+1 8.73416000E+5 0.00000000E+0 5.95309734E+1 4.18076093E-1 9.33009386E-1 2.78398326E-3 1.82992220E-1 2.86166990E-3 3.30662727E-1 4.07273972E-3
09 15 2014 17 03 07 1398 0.00000000E+0 2.49621785E+1 1.00000000E+2 8.73420500E+5 0.00000000E+0 5.94671369E+1 4.18749053E-1 9.07236338E-1 3.30373228E-3 1.79511309E-1 2.65696565E-3 3.20261717E-1 3.23902965E-3
09 15 2014 17 03 17 1407 2.50379363E+1 2.49621785E+1 -1.00000000E+2 8.73430200E+5 0.00000000E+0 5.95144033E+1 4.51928111E-1 9.35411453E-1 2.85463708E-3 1.21200085E-1 2.89457602E-3 3.50290537E-1 3.09424288E-3
09 15 2014 17 03 21 1412 2.50379363E+1 2.49621785E+1 -5.00000000E+1 8.73434700E+5 0.00000000E+0 5.94313145E+1 4.48865805E-1 9.22131538E-1 2.78831200E-3 1.47175789E-1 2.93315547E-3 3.55243683E-1 3.68890435E-3
09 15 2014 17 03 26 1416 2.50379363E+1 2.49621785E+1 0.00000000E+0 8.73439200E+5 0.00000000E+0 5.95045686E+1 4.44148934E-1 9.22125578E-1 3.17201773E-3 1.59329176E-1 2.53397417E-3 3.38608027E-1 4.31889237E-3
09 15 2014 17 03 30 1421 2.50379363E+1 2.49621785E+1 5.00000000E+1 8.73443700E+5 0.00000000E+0 5.95241785E+1 4.57574836E-1 9.01180506E-1 3.07698430E-3 1.57272816E-1 3.06720319E-3 3.25286388E-1 3.52171635E-3
09 15 2014 17 03 35 1425 2.50379363E+1 2.49621785E+1 1.00000000E+2 8.73448200E+5 0.00000000E+0 5.95031381E+1 4.35944875E-1 8.83787870E-1 3.37371601E-3 1.67679787E-1 2.14346545E-3 3.14128399E-1 4.23555576E-3
09 15 2014 17 03 45 1435 3.50531108E+1 2.49621785E+1 -1.00000000E+2 8.73457900E+5 0.00000000E+0 5.94449043E+1 4.49405125E-1 9.21308994E-1 3.23972809E-3 1.30945444E-1 2.36891417E-3 3.49187851E-1 3.71710103E-3
09 15 2014 17 03 49 1440 3.50531108E+1 2.49621785E+1 -5.00000000E+1 8.73462400E+5 0.00000000E+0 5.95343113E+1 4.48927553E-1 9.23210382E-1 2.80464698E-3 1.56325102E-1 2.82160978E-3 3.58301401E-1 4.11051939E-3
09 15 2014 17 03 54 1444 3.50531108E+1 2.49621785E+1 0.00000000E+0 8.73466900E+5 0.00000000E+0 5.95174432E+1 4.52846062E-1 9.35274363E-1 2.75508687E-3 1.63853168E-1 2.14175496E-3 3.37684155E-1 3.65245157E-3
09 15 2014 17 03 58 1449 3.50531108E+1 2.49621785E+1 5.00000000E+1 8.73471400E+5 0.00000000E+0 5.95089197E+1 4.14446099E-1 9.24861431E-1 3.41672252E-3 1.53619051E-1 2.37547230E-3 3.06576490E-1 3.87362617E-3
09 15 2014 17 04 03 1453 3.50531108E+1 2.49621785E+1 1.00000000E+2 8.73475900E+5 0.00000000E+0 5.94147295E+1 4.43529419E-1 9.01393592E-1 3.06778685E-3 1.58600509E-1 2.65740253E-3 2.95087695E-1 3.85395232E-3
09 15 2014 17 04 12 1463 4.50682853E+1 2.49621785E+1 -1.00000000E+2 8.73485600E+5 0.00000000E+0 5.95211387E+1 4.38992278E-1 9.21106339E-1 3.10970453E-3 1.16652250E-1 2.33520687E-3 3.42679024E-1 4.42308826E-3
09 15 2014 17 04 17 1467 4.50682853E+1 2.49621785E+1 -5.00000000E+1 8.73490100E+5 0.00000000E+0 5.95491529E+1 4.39470945E-1 9.37479734E-1 3.55641281E-3 1.41072273E-1 2.65164699E-3 3.45557928E-1 4.52117304E-3
09 15 2014 17 04 21 1472 4.50682853E+1 2.49621785E+1 0.00000000E+0 8.73494600E+5 0.00000000E+0 5.94974756E+1 4.42276510E-1 9.46897268E-1 2.47568767E-3 1.50626898E-1 2.72291922E-3 3.24392319E-1 3.61012455E-3
09 15 2014 17 04 26 1476 4.50682853E+1 2.49621785E+1 5.00000000E+1 8.73499100E+5 0.00000000E+0 5.94830513E+1 4.44437215E-1 9.18127596E-1 3.47257806E-3 1.42402947E-1 1.96748002E-3 2.86884606E-1 3.97236376E-3
09 15 2014 17 04 30 1481 4.50682853E+1 2.49621785E+1 1.00000000E+2 8.73503600E+5 0.00000000E+0 5.94426394E+1 4.56750333E-1 8.91977549E-1 3.12502985E-3 1.40738487E-1 2.38838579E-3 2.70098448E-1 3.67404806E-3
09 15 2014 17 04 40 1490 5.49317147E+1 2.49621785E+1 -1.00000000E+2 8.73513200E+5 0.00000000E+0 5.94660044E+1 4.11461431E-1 8.94564390E-1 2.67380239E-3 9.03010368E-2 3.09690669E-3 3.03614140E-1 4.17830820E-3
09 15 2014 17 04 44 1495 5.49317147E+1 2.49621785E+1 -5.00000000E+1 8.73517700E+5 0.00000000E+0 5.94942570E+1 4.42454632E-1 9.10490751E-1 3.63269342E-3 1.31797791E-1 1.57314429E-3 3.08972597E-1 3.16989489E-3
09 15 2014 17 04 49 1499 5.49317147E+1 2.49621785E+1 0.00000000E+0 8.73522300E+5 0.00000000E+0 5.95571399E+1 4.31094964E-1 9.42969322E-1 3.02484648E-3 1.50209665E-1 3.05311896E-3 2.84618139E-1 4.23495091E-3
09 15 2014 17 04 54 1504 5.49317147E+1 2.49621785E+1 5.00000000E+1 8.73526800E+5 0.00000000E+0 5.94844222E+1 4.51950978E-1 9.10246372E-1 3.72222850E-3 1.34778023E-1 2.22932947E-3 2.26795673E-1 3.39110207E-3
09 15 2014 17 04 58 1508 5.49317147E+1 2.49621785E+1 1.00000000E+2 8.73531300E+5 0.00000000E+0 5.94737381E+1 4.61750833E-1 8.85687768E-1 2.37969880E-3 1.29163265E-1 2.77393297E-3 2.12475657E-1 3.59289627E-3
09 15 2014 17 05 08 1518 6.49468892E+1 2.49621785E+1 -1.00000000E+2 8.73540900E+5 0.00000000E+0 5.95364571E+1 4.34435957E-1 8.92359018E-1 2.71268176E-3 8.52167606E-2 2.37137559E-3 2.42358446E-1 3.94244822E-3
09 15 2014 17 05 12 1523 6.49468892E+1 2.49621785E+1 -5.00000000E+1 8.73545400E+5 0.00000000E+0 5.95405102E+1 4.43364198E-1 9.11021233E-1 2.99727436E-3 1.17963552E-1 4.00568514E-3 2.62767076E-1 4.20382359E-3
09 15 2014 17 05 17 1527 6.49468892E+1 2.49621785E+1 0.00000000E+0 8.73550000E+5 0.00000000E+0 5.95084429E+1 4.52454590E-1 9.40877199E-1 2.58447540E-3 1.32161379E-1 1.81461897E-3 2.46900320E-1 3.44640307E-3
09 15 2014 17 05 21 1532 6.49468892E+1 2.49621785E+1 5.00000000E+1 8.73554500E+5 0.00000000E+0 5.95220923E+1 4.58418131E-1 9.01192427E-1 3.83513163E-3 1.15849078E-1 3.49596189E-3 1.97395682E-1 3.68300118E-3
09 15 2014 17 05 26 1536 6.49468892E+1 2.49621785E+1 1.00000000E+2 8.73559000E+5 0.00000000E+0 5.95418215E+1 4.43041111E-1 8.61662626E-1 2.51614252E-3 1.17832422E-1 2.31461764E-3 1.87641382E-1 3.81616259E-3
