Month Day Year Hour Minute Second Time_s x y z Current CurrentError 1Axis 1AxisError Bx BxError By ByError Bz BzError
09 16 2014 20 28 59 27 -6.49468892E+1 -2.49621785E+1 -1.00000000E+2 9.72172700E+5 0.00000000E+0 7.30963945E+1 4.46188879E-1 1.01864338E-1 2.74780849E-3 9.97722149E-2 2.24106623E-3 3.55875492E-1 2.82394811E-3
09 16 2014 20 29 03 30 -5.49317147E+1 -2.49621785E+1 -1.00000000E+2 9.72175900E+5 0.00000000E+0 7.31214136E+1 4.68738388E-1 1.17994845E-1 3.56386434E-3 1.04859471E-1 2.78377728E-3 3.51108611E-1 2.75464399E-3
09 16 2014 20 29 06 33 -4.50682853E+1 -2.49621785E+1 -1.00000000E+2 9.72179100E+5 0.00000000E+0 7.31316805E+1 4.43175640E-1 1.30164623E-1 2.73290623E-3 1.11895800E-1 2.28299263E-3 3.48454714E-1 3.91770770E-3
09 16 2014 20 29 09 37 -3.50531108E+1 -2.49621785E+1 -1.00000000E+2 9.72182300E+5 0.00000000E+0 7.31254816E+1 4.54556678E-1 1.39683485E-1 2.46314840E-3 1.17564201E-1 2.31207153E-3 3.45158577E-1 3.48033536E-3
09 16 2014 20 29 12 40 -2.50379363E+1 -2.49621785E+1 -1.00000000E+2 9.72185600E+5 0.00000000E+0 7.31698871E+1 4.39834629E-1 1.48922205E-1 2.86334215E-3 1.24579668E-1 1.93401374E-3 3.44234705E-1 3.38243956E-3
09 16 2014 20 29 16 44 0.00000000E+0 -2.49621785E+1 -1.00000000E+2 9.72189400E+5 0.00000000E+0 7.30105489E+1 4.21554730E-1 1.52572989E-1 1.83384808E-3 1.47819519E-1 1.53158037E-3 3.44030559E-1 2.96076736E-3
09 16 2014 20 29 20 48 2.50379363E+1 -2.49621785E+1 -1.00000000E+2 9.72193200E+5 0.00000000E+0 7.31246471E+1 4.24042391E-1 1.49881840E-1 2.55853826E-3 1.69408321E-1 2.18373856E-3 3.43549252E-1 3.15514312E-3
09 16 2014 20 29 23 51 3.50531108E+1 -2.49621785E+1 -1.00000000E+2 9.72196400E+5 0.00000000E+0 7.30778575E+1 4.41878983E-1 1.40386820E-1 3.08354035E-3 1.79082155E-1 2.72879110E-3 3.41159105E-1 3.73049297E-3
09 16 2014 20 29 26 54 4.50682853E+1 -2.49621785E+1 -1.00000000E+2 9.72199600E+5 0.00000000E+0 7.31622577E+1 4.60721031E-1 1.23554468E-1 3.06192538E-3 1.85781717E-1 2.36607088E-3 3.40199471E-1 3.75473906E-3
09 16 2014 20 29 30 57 5.49317147E+1 -2.49621785E+1 -1.00000000E+2 9.72202900E+5 0.00000000E+0 7.30769336E+1 4.61786872E-1 1.06483698E-1 2.69370793E-3 1.97604299E-1 1.98707976E-3 3.40044498E-1 3.60398685E-3
09 16 2014 20 29 33 60 6.49468892E+1 -2.49621785E+1 -1.00000000E+2 9.72206100E+5 0.00000000E+0 7.31345415E+1 4.42550081E-1 8.38875771E-2 1.99366529E-3 2.03496218E-1 1.94211808E-3 3.32421064E-1 3.76207735E-3
09 16 2014 20 29 40 68 -6.49468892E+1 -1.25567322E+1 -1.00000000E+2 9.72213400E+5 0.00000000E+0 7.30653852E+1 4.62204351E-1 9.62167978E-2 2.47460990E-3 1.12533569E-1 2.47427489E-3 3.48180532E-1 3.68907331E-3
09 16 2014 20 29 43 71 -5.49317147E+1 -1.25567322E+1 -1.00000000E+2 9.72216600E+5 0.00000000E+0 7.31122494E+1 4.23088955E-1 1.14995241E-1 2.71185448E-3 1.17659569E-1 2.20320875E-3 3.42810154E-1 2.91106624E-3
09 16 2014 20 29 47 74 -4.50682853E+1 -1.25567322E+1 -1.00000000E+2 9.72219800E+5 0.00000000E+0 7.31042624E+1 4.35441519E-1 1.24621391E-1 2.39120254E-3 1.19721889E-1 2.41631270E-3 3.43751907E-1 2.69029052E-3
09 16 2014 20 29 50 77 -3.50531108E+1 -1.25567322E+1 -1.00000000E+2 9.72223000E+5 0.00000000E+0 7.31375217E+1 4.52797389E-1 1.30802393E-1 1.96105050E-3 1.26296282E-1 2.08368728E-3 3.42106819E-1 3.05608784E-3
09 16 2014 20 29 53 81 -2.50379363E+1 -1.25567322E+1 -1.00000000E+2 9.72226300E+5 0.00000000E+0 7.31208920E+1 4.41132510E-1 1.39075518E-1 2.06956861E-3 1.30188465E-1 2.10348801E-3 3.44312191E-1 4.02480162E-3
09 16 2014 20 29 57 84 0.00000000E+0 -1.25567322E+1 -1.00000000E+2 9.72230100E+5 0.00000000E+0 7.30727315E+1 4.61757193E-1 1.47408247E-1 2.48930577E-3 1.51187181E-1 2.13839109E-3 3.39579582E-1 3.17299023E-3
09 16 2014 20 30 01 88 2.50379363E+1 -1.25567322E+1 -1.00000000E+2 9.72233900E+5 0.00000000E+0 7.30983019E+1 4.58850086E-1 1.40327215E-1 2.41202954E-3 1.66881084E-1 1.87647292E-3 3.34566832E-1 3.29942802E-3
09 16 2014 20 30 04 91 3.50531108E+1 -1.25567322E+1 -1.00000000E+2 9.72237100E+5 0.00000000E+0 7.31021166E+1 4.64103174E-1 1.29657984E-1 2.64652960E-3 1.74295902E-1 2.50948259E-3 3.34787369E-1 2.58190572E-3
09 16 2014 20 30 07 95 4.50682853E+1 -1.25567322E+1 -1.00000000E+2 9.72240300E+5 0.00000000E+0 7.32024014E+1 4.12044715E-1 1.16579235E-1 2.77750610E-3 1.77912414E-1 2.01317574E-3 3.34464014E-1 3.06369227E-3
09 16 2014 20 30 10 98 5.49317147E+1 -1.25567322E+1 -1.00000000E+2 9.72243500E+5 0.00000000E+0 7.30415583E+1 4.54614462E-1 1.00815296E-1 2.54857963E-3 1.83564425E-1 2.96331296E-3 3.29399109E-1 3.86080825E-3
09 16 2014 20 30 14 101 6.49468892E+1 -1.25567322E+1 -1.00000000E+2 9.72246800E+5 0.00000000E+0 7.31360316E+1 4.40622989E-1 8.09013844E-2 2.37736070E-3 1.91754103E-1 3.11303993E-3 3.28576565E-1 3.10332426E-3
09 16 2014 20 30 21 108 -6.49468892E+1 0.00000000E+0 -1.00000000E+2 9.72254100E+5 0.00000000E+0 7.30898380E+1 4.27542593E-1 9.69171524E-2 2.68015169E-3 1.15025043E-1 2.48943346E-3 3.45969200E-1 3.40477126E-3
09 16 2014 20 30 24 112 -5.49317147E+1 0.00000000E+0 -1.00000000E+2 9.72257300E+5 0.00000000E+0 7.31095672E+1 4.53686233E-1 1.07741356E-1 3.38184800E-3 1.19483471E-1 2.65888620E-3 3.43608856E-1 3.17628861E-3
09 16 2014 20 30 27 115 -4.50682853E+1 0.00000000E+0 -1.00000000E+2 9.72260500E+5 0.00000000E+0 7.31046498E+1 4.34446558E-1 1.18792057E-1 2.87917788E-3 1.23433769E-1 2.26098627E-3 3.41437757E-1 3.87365232E-3
09 16 2014 20 30 30 118 -3.50531108E+1 0.00000000E+0 -1.00000000E+2 9.72263700E+5 0.00000000E+0 7.30792284E+1 4.34116907E-1 1.25527382E-1 2.35641773E-3 1.27547979E-1 2.68836458E-3 3.39192152E-1 3.27868892E-3
09 16 2014 20 30 34 121 -2.50379363E+1 0.00000000E+0 -1.00000000E+2 9.72267000E+5 0.00000000E+0 7.30971098E+1 4.22086145E-1 1.30420923E-1 2.24639977E-3 1.36625767E-1 1.94266679E-3 3.39651108E-1 3.42601337E-3
09 16 2014 20 30 38 125 0.00000000E+0 0.00000000E+0 -1.00000000E+2 9.72270800E+5 0.00000000E+0 7.31139183E+1 4.44768195E-1 1.37698650E-1 2.46588734E-3 1.48081779E-1 3.08410425E-3 3.36790085E-1 3.12936485E-3
09 16 2014 20 30 41 129 2.50379363E+1 0.00000000E+0 -1.00000000E+2 9.72274600E+5 0.00000000E+0 7.31102228E+1 4.38317003E-1 1.27172470E-1 2.64237902E-3 1.62553787E-1 2.47391212E-3 3.35764885E-1 3.52093046E-3
09 16 2014 20 30 45 132 3.50531108E+1 0.00000000E+0 -1.00000000E+2 9.72277800E+5 0.00000000E+0 7.31392205E+1 4.54954644E-1 1.16065145E-1 3.19512773E-3 1.68688595E-1 1.41148950E-3 3.32184136E-1 2.98958543E-3
09 16 2014 20 30 48 135 4.50682853E+1 0.00000000E+0 -1.00000000E+2 9.72281000E+5 0.00000000E+0 7.31043220E+1 4.28481453E-1 1.04725361E-1 2.44627589E-3 1.73771381E-1 1.68680535E-3 3.30036879E-1 2.89363919E-3
09 16 2014 20 30 51 139 5.49317147E+1 0.00000000E+0 -1.00000000E+2 9.72284200E+5 0.00000000E+0 7.31282234E+1 4.20573383E-1 9.26017761E-2 2.71525163E-3 1.77919865E-1 1.90950416E-3 3.27324867E-1 3.27465439E-3
09 16 2014 20 30 54 142 6.49468892E+1 0.00000000E+0 -1.00000000E+2 9.72287500E+5 0.00000000E+0 7.30993748E+1 4.20510814E-1 6.99579716E-2 2.32261763E-3 1.83075666E-1 2.06254555E-3 3.24279070E-1 3.27357501E-3
09 16 2014 20 31 02 149 -6.49468892E+1 1.25567322E+1 -1.00000000E+2 9.72294800E+5 0.00000000E+0 7.31285810E+1 4.18916527E-1 9.36985016E-2 2.43447620E-3 1.27887726E-1 1.71778107E-3 3.37576866E-1 2.77276432E-3
09 16 2014 20 31 05 152 -5.49317147E+1 1.25567322E+1 -1.00000000E+2 9.72298000E+5 0.00000000E+0 7.30841160E+1 4.39317734E-1 1.04171038E-1 2.70881894E-3 1.29419565E-1 1.95279494E-3 3.39394808E-1 2.89802998E-3
09 16 2014 20 31 08 156 -4.50682853E+1 1.25567322E+1 -1.00000000E+2 9.72301200E+5 0.00000000E+0 7.30887800E+1 4.54357199E-1 1.11199915E-1 3.59799329E-3 1.28395855E-1 1.41751742E-3 3.31401825E-1 3.10920742E-3
09 16 2014 20 31 11 159 -3.50531108E+1 1.25567322E+1 -1.00000000E+2 9.72304400E+5 0.00000000E+0 7.31402636E+1 4.53039630E-1 1.18386745E-1 2.92715696E-3 1.37412548E-1 2.12935675E-3 3.33231688E-1 2.94025487E-3
09 16 2014 20 31 14 162 -2.50379363E+1 1.25567322E+1 -1.00000000E+2 9.72307700E+5 0.00000000E+0 7.31009245E+1 4.66918286E-1 1.27041340E-1 2.37037397E-3 1.37633085E-1 2.41828520E-3 3.30793858E-1 2.70235709E-3
09 16 2014 20 31 18 166 0.00000000E+0 1.25567322E+1 -1.00000000E+2 9.72311500E+5 0.00000000E+0 7.31195211E+1 4.41711486E-1 1.30593777E-1 2.21792686E-3 1.50990486E-1 1.86588044E-3 3.31681967E-1 3.47256326E-3
09 16 2014 20 31 22 170 2.50379363E+1 1.25567322E+1 -1.00000000E+2 9.72315300E+5 0.00000000E+0 7.30649382E+1 4.32356545E-1 1.22159719E-1 2.48058463E-3 1.57862902E-1 1.50443194E-3 3.30924988E-1 3.28896680E-3
09 16 2014 20 31 25 173 3.50531108E+1 1.25567322E+1 -1.00000000E+2 9.72318500E+5 0.00000000E+0 7.31463432E+1 4.42516667E-1 1.16038322E-1 2.68165823E-3 1.62744522E-1 2.12742399E-3 3.23051214E-1 4.05486393E-3
09 16 2014 20 31 28 176 4.50682853E+1 1.25567322E+1 -1.00000000E+2 9.72321700E+5 0.00000000E+0 7.31185675E+1 4.34759590E-1 1.04314089E-1 2.55250182E-3 1.67769194E-1 2.66062265E-3 3.18312645E-1 3.14628858E-3
09 16 2014 20 31 32 179 5.49317147E+1 1.25567322E+1 -1.00000000E+2 9.72324900E+5 0.00000000E+0 7.31938481E+1 4.49284527E-1 8.80420208E-2 2.32975560E-3 1.68335438E-1 2.44792636E-3 3.12513113E-1 3.27485424E-3
09 16 2014 20 31 35 183 6.49468892E+1 1.25567322E+1 -1.00000000E+2 9.72328200E+5 0.00000000E+0 7.30790943E+1 4.48032901E-1 6.93053007E-2 2.14703619E-3 1.70975924E-1 1.96243258E-3 3.07805836E-1 3.25231512E-3
09 16 2014 20 31 42 190 -6.49468892E+1 2.49621785E+1 -1.00000000E+2 9.72335500E+5 0.00000000E+0 7.31666684E+1 4.51702342E-1 9.04500484E-2 2.30633049E-3 1.28829479E-1 1.91755606E-3 3.32158804E-1 2.78021950E-3
09 16 2014 20 31 45 193 -5.49317147E+1 2.49621785E+1 -1.00000000E+2 9.72338700E+5 0.00000000E+0 7.31244683E+1 4.75762965E-1 1.04263425E-1 2.80310871E-3 1.33268535E-1 1.37062605E-3 3.31036747E-1 3.31778071E-3
09 16 2014 20 31 49 196 -4.50682853E+1 2.49621785E+1 -1.00000000E+2 9.72341900E+5 0.00000000E+0 7.31030107E+1 4.35114831E-1 1.11627579E-1 2.06708250E-3 1.31839514E-1 1.81387691E-3 3.26913595E-1 3.49788641E-3
09 16 2014 20 31 52 199 -3.50531108E+1 2.49621785E+1 -1.00000000E+2 9.72345100E+5 0.00000000E+0 7.31460452E+1 4.24755416E-1 1.15764141E-1 2.63083344E-3 1.35093927E-1 2.48792326E-3 3.27712297E-1 2.86819658E-3
09 16 2014 20 31 55 203 -2.50379363E+1 2.49621785E+1 -1.00000000E+2 9.72348300E+5 0.00000000E+0 7.31124729E+1 4.36066043E-1 1.20714307E-1 2.42979415E-3 1.37463212E-1 2.66839816E-3 3.29747796E-1 2.78853776E-3
09 16 2014 20 31 59 207 0.00000000E+0 2.49621785E+1 -1.00000000E+2 9.72352200E+5 0.00000000E+0 7.31547922E+1 4.34813596E-1 1.22830272E-1 1.96984108E-3 1.49875879E-1 1.74523920E-3 3.30165029E-1 3.20814768E-3
09 16 2014 20 32 03 210 2.50379363E+1 2.49621785E+1 -1.00000000E+2 9.72356000E+5 0.00000000E+0 7.30984211E+1 4.56996632E-1 1.14619732E-1 2.82299446E-3 1.55586004E-1 2.69247900E-3 3.21280956E-1 2.99085431E-3
09 16 2014 20 32 06 214 3.50531108E+1 2.49621785E+1 -1.00000000E+2 9.72359200E+5 0.00000000E+0 7.31716156E+1 4.46186281E-1 1.12187862E-1 1.94651305E-3 1.56295300E-1 1.48837088E-3 3.18378210E-1 3.10134130E-3
09 16 2014 20 32 09 217 4.50682853E+1 2.49621785E+1 -1.00000000E+2 9.72362400E+5 0.00000000E+0 7.31099844E+1 4.41570752E-1 9.66966152E-2 2.34441303E-3 1.56468153E-1 2.73743871E-3 3.15266848E-1 3.43597030E-3
09 16 2014 20 32 12 220 5.49317147E+1 2.49621785E+1 -1.00000000E+2 9.72365600E+5 0.00000000E+0 7.31801987E+1 4.23428980E-1 8.18148255E-2 2.49285931E-3 1.54972076E-1 1.87781435E-3 3.10853124E-1 3.50453010E-3
09 16 2014 20 32 16 223 6.49468892E+1 2.49621785E+1 -1.00000000E+2 9.72368800E+5 0.00000000E+0 7.30965137E+1 4.47521464E-1 6.52670860E-2 2.53368637E-3 1.54966116E-1 2.10440341E-3 3.10933590E-1 3.00885559E-3
09 16 2014 20 32 23 231 -6.49468892E+1 -2.49621785E+1 -5.00000000E+1 9.72376700E+5 0.00000000E+0 7.31564760E+1 4.36676790E-1 1.37865543E-1 2.73826509E-3 1.28066540E-1 2.30250870E-3 2.77978182E-1 3.21976023E-3
09 16 2014 20 32 27 234 -5.49317147E+1 -2.49621785E+1 -5.00000000E+1 9.72379900E+5 0.00000000E+0 7.31796026E+1 4.27298290E-1 1.52081251E-1 3.67710039E-3 1.29789114E-1 2.19295815E-3 2.84779072E-1 3.37128202E-3
09 16 2014 20 32 30 237 -4.50682853E+1 -2.49621785E+1 -5.00000000E+1 9.72383100E+5 0.00000000E+0 7.32268393E+1 4.41660551E-1 1.55150890E-1 2.06430657E-3 1.32694840E-1 2.04534564E-3 2.95467675E-1 3.29701338E-3
09 16 2014 20 32 33 241 -3.50531108E+1 -2.49621785E+1 -5.00000000E+1 9.72386300E+5 0.00000000E+0 7.31779933E+1 4.43198115E-1 1.62637234E-1 2.35359112E-3 1.42407417E-1 2.46118147E-3 3.00312042E-1 2.79640115E-3
09 16 2014 20 32 36 244 -2.50379363E+1 -2.49621785E+1 -5.00000000E+1 9.72389500E+5 0.00000000E+0 7.33762383E+1 4.48023886E-1 1.72239542E-1 3.06773352E-3 1.49548054E-1 1.92433094E-3 3.08626890E-1 3.13673551E-3
09 16 2014 20 32 40 248 0.00000000E+0 -2.49621785E+1 -5.00000000E+1 9.72393400E+5 0.00000000E+0 7.33454823E+1 4.53550435E-1 1.82914734E-1 2.68416724E-3 1.72948837E-1 2.07654089E-3 3.19564342E-1 3.67633246E-3
09 16 2014 20 32 44 252 2.50379363E+1 -2.49621785E+1 -5.00000000E+1 9.72397200E+5 0.00000000E+0 7.32444525E+1 4.27454292E-1 1.80649757E-1 2.63665510E-3 1.99389458E-1 2.77863854E-3 3.36939096E-1 3.18289273E-3
09 16 2014 20 32 47 255 3.50531108E+1 -2.49621785E+1 -5.00000000E+1 9.72400400E+5 0.00000000E+0 7.28078932E+1 4.43622967E-1 1.72443688E-1 2.29261036E-3 2.10992992E-1 2.91107320E-3 3.41653824E-1 3.57654359E-3
09 16 2014 20 32 50 258 4.50682853E+1 -2.49621785E+1 -5.00000000E+1 9.72403600E+5 0.00000000E+0 7.29740858E+1 4.21807635E-1 1.66022778E-1 2.49039470E-3 2.18284130E-1 2.68096086E-3 3.54105234E-1 3.53515027E-3
09 16 2014 20 32 54 261 5.49317147E+1 -2.49621785E+1 -5.00000000E+1 9.72406800E+5 0.00000000E+0 7.30606318E+1 4.81608341E-1 1.64312124E-1 2.34600764E-3 2.27499008E-1 1.98362327E-3 3.65763903E-1 2.83182321E-3
09 16 2014 20 32 57 264 6.49468892E+1 -2.49621785E+1 -5.00000000E+1 9.72410000E+5 0.00000000E+0 7.32076168E+1 4.11535837E-1 1.51008368E-1 2.64329408E-3 2.37390399E-1 2.22887370E-3 3.76850367E-1 3.77060823E-3
09 16 2014 20 33 04 272 -6.49468892E+1 -1.25567322E+1 -5.00000000E+1 9.72417500E+5 0.00000000E+0 7.31426477E+1 4.30386550E-1 1.33711100E-1 2.67855356E-3 1.26004219E-1 3.52190749E-3 2.78759003E-1 3.87565786E-3
09 16 2014 20 33 07 275 -5.49317147E+1 -1.25567322E+1 -5.00000000E+1 9.72420700E+5 0.00000000E+0 7.31320977E+1 4.37116993E-1 1.40625238E-1 2.42594334E-3 1.31255388E-1 2.23237205E-3 2.88319588E-1 3.34913458E-3
09 16 2014 20 33 11 278 -4.50682853E+1 -1.25567322E+1 -5.00000000E+1 9.72423900E+5 0.00000000E+0 7.31723905E+1 4.24423045E-1 1.47962570E-1 2.17230322E-3 1.33591890E-1 2.10433232E-3 2.97588110E-1 3.57445348E-3
09 16 2014 20 33 14 281 -3.50531108E+1 -1.25567322E+1 -5.00000000E+1 9.72427100E+5 0.00000000E+0 7.32240081E+1 4.35199686E-1 1.53459609E-1 2.33224833E-3 1.35540962E-1 2.48916304E-3 3.04721296E-1 3.44683754E-3
09 16 2014 20 33 17 285 -2.50379363E+1 -1.25567322E+1 -5.00000000E+1 9.72430300E+5 0.00000000E+0 7.31260180E+1 4.40118895E-1 1.60580873E-1 2.74997839E-3 1.43086910E-1 2.88292486E-3 3.08001041E-1 3.53337791E-3
09 16 2014 20 33 21 288 0.00000000E+0 -1.25567322E+1 -5.00000000E+1 9.72434100E+5 0.00000000E+0 7.31708407E+1 4.51315375E-1 1.66261196E-1 2.53504392E-3 1.62851810E-1 2.05456132E-3 3.20929289E-1 3.18519477E-3
09 16 2014 20 33 25 292 2.50379363E+1 -1.25567322E+1 -5.00000000E+1 9.72438000E+5 0.00000000E+0 7.31165409E+1 4.39420723E-1 1.63954496E-1 2.55975845E-3 1.81728601E-1 2.85905506E-3 3.34924459E-1 2.67972608E-3
09 16 2014 20 33 28 296 3.50531108E+1 -1.25567322E+1 -5.00000000E+1 9.72441200E+5 0.00000000E+0 7.31734037E+1 4.40673677E-1 1.60527229E-1 2.36509864E-3 1.93351507E-1 2.58829262E-3 3.44526768E-1 3.57395649E-3
09 16 2014 20 33 31 299 4.50682853E+1 -1.25567322E+1 -5.00000000E+1 9.72444400E+5 0.00000000E+0 7.30724633E+1 4.48239161E-1 1.51820481E-1 2.91838649E-3 2.03363597E-1 2.16049366E-3 3.51905823E-1 4.24201976E-3
09 16 2014 20 33 34 302 5.49317147E+1 -1.25567322E+1 -5.00000000E+1 9.72447600E+5 0.00000000E+0 7.31722116E+1 4.38903609E-1 1.44368410E-1 2.09656966E-3 2.11173296E-1 2.30684931E-3 3.56441736E-1 3.89914520E-3
09 16 2014 20 33 38 305 6.49468892E+1 -1.25567322E+1 -5.00000000E+1 9.72450800E+5 0.00000000E+0 7.31301308E+1 4.55721809E-1 1.30087137E-1 2.51185838E-3 2.16883421E-1 1.83958981E-3 3.70597839E-1 3.11787141E-3
09 16 2014 20 33 45 312 -6.49468892E+1 0.00000000E+0 -5.00000000E+1 9.72458100E+5 0.00000000E+0 7.31565356E+1 4.48232481E-1 1.29920244E-1 2.47508337E-3 1.31899118E-1 2.27846708E-3 2.81381607E-1 3.41503653E-3
09 16 2014 20 33 48 316 -5.49317147E+1 0.00000000E+0 -5.00000000E+1 9.72461400E+5 0.00000000E+0 7.31054544E+1 4.49001870E-1 1.36023760E-1 2.50846158E-3 1.35076046E-1 2.00257414E-3 2.93493271E-1 2.99012900E-3
09 16 2014 20 33 51 319 -4.50682853E+1 0.00000000E+0 -5.00000000E+1 9.72464600E+5 0.00000000E+0 7.32105225E+1 4.21193029E-1 1.39325857E-1 1.94497546E-3 1.36539340E-1 1.75248468E-3 2.98097730E-1 2.19848778E-3
09 16 2014 20 33 55 322 -3.50531108E+1 0.00000000E+0 -5.00000000E+1 9.72467800E+5 0.00000000E+0 7.31326938E+1 4.32087096E-1 1.43826008E-1 2.25670591E-3 1.41805410E-1 2.19282172E-3 3.03435326E-1 3.34734751E-3
09 16 2014 20 33 58 325 -2.50379363E+1 0.00000000E+0 -5.00000000E+1 9.72471000E+5 0.00000000E+0 7.31924176E+1 4.63480263E-1 1.46120787E-1 2.71367417E-3 1.45190954E-1 1.70549118E-3 3.07476521E-1 3.75503785E-3
09 16 2014 20 34 02 329 0.00000000E+0 0.00000000E+0 -5.00000000E+1 9.72474800E+5 0.00000000E+0 7.31170177E+1 4.60276899E-1 1.51836872E-1 2.01196406E-3 1.59132481E-1 2.12717788E-3 3.18545103E-1 3.87968431E-3
09 16 2014 20 34 05 333 2.50379363E+1 0.00000000E+0 -5.00000000E+1 9.72478700E+5 0.00000000E+0 7.32362270E+1 4.65176454E-1 1.46454573E-1 2.55132946E-3 1.78033113E-1 1.64885521E-3 3.29166651E-1 3.18580524E-3
09 16 2014 20 34 09 336 3.50531108E+1 0.00000000E+0 -5.00000000E+1 9.72481900E+5 0.00000000E+0 7.31425732E+1 4.23696708E-1 1.43110752E-1 2.87621491E-3 1.82308257E-1 2.05820227E-3 3.36080790E-1 3.98082878E-3
09 16 2014 20 34 12 339 4.50682853E+1 0.00000000E+0 -5.00000000E+1 9.72485100E+5 0.00000000E+0 7.31988549E+1 4.45159152E-1 1.37203932E-1 2.34320040E-3 1.89459324E-1 2.97762104E-3 3.42196226E-1 3.32651932E-3
09 16 2014 20 34 15 343 5.49317147E+1 0.00000000E+0 -5.00000000E+1 9.72488300E+5 0.00000000E+0 7.31205344E+1 4.45666977E-1 1.29926205E-1 2.16205312E-3 1.95336342E-1 2.44349201E-3 3.47715616E-1 3.22440281E-3
09 16 2014 20 34 18 346 6.49468892E+1 0.00000000E+0 -5.00000000E+1 9.72491500E+5 0.00000000E+0 7.32262433E+1 4.33053485E-1 1.19648874E-1 2.27466767E-3 2.02849507E-1 1.33306691E-3 3.59237194E-1 3.33672459E-3
09 16 2014 20 34 26 353 -6.49468892E+1 1.25567322E+1 -5.00000000E+1 9.72498900E+5 0.00000000E+0 7.31288195E+1 4.71563715E-1 1.23709440E-1 2.50261069E-3 1.34235620E-1 2.46333058E-3 2.83229351E-1 3.92770354E-3
09 16 2014 20 34 29 356 -5.49317147E+1 1.25567322E+1 -5.00000000E+1 9.72502100E+5 0.00000000E+0 7.32496381E+1 4.07981610E-1 1.34959817E-1 2.93260506E-3 1.36956573E-1 2.40864722E-3 2.92241573E-1 2.88542303E-3
09 16 2014 20 34 32 360 -4.50682853E+1 1.25567322E+1 -5.00000000E+1 9.72505300E+5 0.00000000E+0 7.31442571E+1 4.65300930E-1 1.39254332E-1 2.26325045E-3 1.40357018E-1 2.30682499E-3 2.95484066E-1 2.80561352E-3
09 16 2014 20 34 35 363 -3.50531108E+1 1.25567322E+1 -5.00000000E+1 9.72508500E+5 0.00000000E+0 7.32027292E+1 4.51335531E-1 1.43134594E-1 2.41940609E-3 1.44225359E-1 2.25364640E-3 3.04085016E-1 3.16918695E-3
09 16 2014 20 34 38 366 -2.50379363E+1 1.25567322E+1 -5.00000000E+1 9.72511700E+5 0.00000000E+0 7.31264949E+1 4.39896217E-1 1.47432089E-1 2.38790818E-3 1.46007538E-1 2.42542687E-3 3.09920311E-1 3.39200624E-3
09 16 2014 20 34 42 370 0.00000000E+0 1.25567322E+1 -5.00000000E+1 9.72515500E+5 0.00000000E+0 7.32288510E+1 4.38515055E-1 1.45837665E-1 2.68820692E-3 1.57848001E-1 1.90081820E-3 3.20270658E-1 2.79735717E-3
09 16 2014 20 34 46 374 2.50379363E+1 1.25567322E+1 -5.00000000E+1 9.72519400E+5 0.00000000E+0 7.30714202E+1 4.29735517E-1 1.37761235E-1 1.84466505E-3 1.70841813E-1 1.89932237E-3 3.32467258E-1 3.55488118E-3
09 16 2014 20 34 49 377 3.50531108E+1 1.25567322E+1 -5.00000000E+1 9.72522600E+5 0.00000000E+0 7.31772780E+1 4.52655455E-1 1.31541491E-1 2.25868534E-3 1.76465511E-1 1.56871644E-3 3.36247683E-1 3.55304630E-3
09 16 2014 20 34 53 380 4.50682853E+1 1.25567322E+1 -5.00000000E+1 9.72525800E+5 0.00000000E+0 7.31141567E+1 4.64817666E-1 1.29443407E-1 2.36474285E-3 1.78003311E-1 1.73984529E-3 3.44252586E-1 3.32519811E-3
09 16 2014 20 34 56 383 5.49317147E+1 1.25567322E+1 -5.00000000E+1 9.72529000E+5 0.00000000E+0 7.31961429E+1 4.27299902E-1 1.22644007E-1 2.11876138E-3 1.82040036E-1 2.37720929E-3 3.49313021E-1 2.77785783E-3
09 16 2014 20 34 59 387 6.49468892E+1 1.25567322E+1 -5.00000000E+1 9.72532200E+5 0.00000000E+0 7.31040239E+1 4.40486055E-1 1.13624334E-1 2.82531840E-3 1.87444687E-1 3.06727634E-3 3.54969501E-1 3.05131173E-3
09 16 2014 20 35 06 394 -6.49468892E+1 2.49621785E+1 -5.00000000E+1 9.72539500E+5 0.00000000E+0 7.31971860E+1 4.37684067E-1 1.26823783E-1 2.14527045E-3 1.43155456E-1 2.90403714E-3 2.83688307E-1 3.03160575E-3
09 16 2014 20 35 10 397 -5.49317147E+1 2.49621785E+1 -5.00000000E+1 9.72542800E+5 0.00000000E+0 7.30925202E+1 4.39248790E-1 1.37931108E-1 2.74752947E-3 1.42258406E-1 1.73841533E-3 2.92593241E-1 3.80222165E-3
09 16 2014 20 35 13 400 -4.50682853E+1 2.49621785E+1 -5.00000000E+1 9.72546000E+5 0.00000000E+0 7.31774569E+1 4.65594166E-1 1.38098001E-1 2.23438140E-3 1.41102076E-1 2.42100538E-3 2.99280882E-1 3.54655677E-3
09 16 2014 20 35 16 404 -3.50531108E+1 2.49621785E+1 -5.00000000E+1 9.72549200E+5 0.00000000E+0 7.31233954E+1 4.34235973E-1 1.44815445E-1 2.68115614E-3 1.42377615E-1 1.40905762E-3 3.05414200E-1 3.42369849E-3
09 16 2014 20 35 19 407 -2.50379363E+1 2.49621785E+1 -5.00000000E+1 9.72552400E+5 0.00000000E+0 7.31853396E+1 4.27361943E-1 1.43922865E-1 2.52307947E-3 1.46098435E-1 2.48457966E-3 3.10771167E-1 3.67826343E-3
09 16 2014 20 35 23 411 0.00000000E+0 2.49621785E+1 -5.00000000E+1 9.72556200E+5 0.00000000E+0 7.30659962E+1 4.58199976E-1 1.44493580E-1 3.11145981E-3 1.55258179E-1 2.23033574E-3 3.19755077E-1 3.45568447E-3
09 16 2014 20 35 27 414 2.50379363E+1 2.49621785E+1 -5.00000000E+1 9.72560000E+5 0.00000000E+0 7.31433034E+1 4.48114526E-1 1.37299299E-1 3.16909255E-3 1.66028738E-1 2.86856163E-3 3.26138735E-1 3.12809188E-3
09 16 2014 20 35 30 418 3.50531108E+1 2.49621785E+1 -5.00000000E+1 9.72563300E+5 0.00000000E+0 7.30699897E+1 4.41934531E-1 1.32358074E-1 2.38202022E-3 1.68663263E-1 2.07642383E-3 3.32206488E-1 3.28110612E-3
09 16 2014 20 35 33 421 4.50682853E+1 2.49621785E+1 -5.00000000E+1 9.72566500E+5 0.00000000E+0 7.31131434E+1 4.28445074E-1 1.24639273E-1 2.61474274E-3 1.73801184E-1 2.65983541E-3 3.36462259E-1 4.51315910E-3
09 16 2014 20 35 36 424 5.49317147E+1 2.49621785E+1 -5.00000000E+1 9.72569700E+5 0.00000000E+0 7.30475783E+1 4.60537776E-1 1.13672018E-1 2.39403941E-3 1.75756216E-1 2.12695811E-3 3.43167782E-1 3.06281073E-3
09 16 2014 20 35 40 427 6.49468892E+1 2.49621785E+1 -5.00000000E+1 9.72572900E+5 0.00000000E+0 7.31046796E+1 4.42536928E-1 1.03849173E-1 2.89746213E-3 1.83719397E-1 1.80013506E-3 3.52680683E-1 3.05557385E-3
09 16 2014 20 35 47 435 -6.49468892E+1 -2.49621785E+1 0.00000000E+0 9.72580700E+5 0.00000000E+0 7.30904937E+1 4.11888343E-1 1.85394287E-1 2.27423674E-3 9.72807407E-2 1.96813171E-3 2.59673595E-1 2.65972996E-3
09 16 2014 20 35 51 438 -5.49317147E+1 -2.49621785E+1 0.00000000E+0 9.72583900E+5 0.00000000E+0 7.30696917E+1 4.44213194E-1 1.87128782E-1 2.83076654E-3 1.07961893E-1 2.92367346E-3 2.60847807E-1 3.19387121E-3
09 16 2014 20 35 54 442 -4.50682853E+1 -2.49621785E+1 0.00000000E+0 9.72587200E+5 0.00000000E+0 7.30914623E+1 4.72008971E-1 1.88633800E-1 2.22334114E-3 1.15826726E-1 2.52238706E-3 2.66842544E-1 2.45156785E-3
09 16 2014 20 35 57 445 -3.50531108E+1 -2.49621785E+1 0.00000000E+0 9.72590400E+5 0.00000000E+0 7.30767250E+1 4.48307618E-1 1.93440914E-1 2.41693169E-3 1.24883652E-1 2.23736697E-3 2.72029638E-1 3.65334736E-3
09 16 2014 20 36 00 448 -2.50379363E+1 -2.49621785E+1 0.00000000E+0 9.72593600E+5 0.00000000E+0 7.30722547E+1 4.23550009E-1 1.95252895E-1 2.62200540E-3 1.31016970E-1 2.13999942E-3 2.78502703E-1 3.58877904E-3
09 16 2014 20 36 04 452 0.00000000E+0 -2.49621785E+1 0.00000000E+0 9.72597400E+5 0.00000000E+0 7.30808973E+1 4.35706645E-1 2.00492144E-1 2.44284147E-3 1.57946348E-1 2.78215578E-3 2.91746855E-1 4.22147168E-3
09 16 2014 20 36 08 456 2.50379363E+1 -2.49621785E+1 0.00000000E+0 9.72601200E+5 0.00000000E+0 7.30274618E+1 4.54542978E-1 2.03892589E-1 2.40431671E-3 1.97537243E-1 2.12244711E-3 2.96913087E-1 2.52195275E-3
09 16 2014 20 36 11 459 3.50531108E+1 -2.49621785E+1 0.00000000E+0 9.72604400E+5 0.00000000E+0 7.31198192E+1 4.40541639E-1 2.01445818E-1 2.79470892E-3 2.11107731E-1 2.27827832E-3 2.97826529E-1 3.08838772E-3
09 16 2014 20 36 14 462 4.50682853E+1 -2.49621785E+1 0.00000000E+0 9.72607700E+5 0.00000000E+0 7.30697513E+1 4.40941962E-1 2.00873613E-1 2.24639977E-3 2.30062008E-1 2.91358306E-3 3.04150581E-1 2.96586741E-3
09 16 2014 20 36 18 465 5.49317147E+1 -2.49621785E+1 0.00000000E+0 9.72610900E+5 0.00000000E+0 7.30434656E+1 4.24967693E-1 1.99240446E-1 2.54804399E-3 2.48473883E-1 2.88348909E-3 3.07667255E-1 3.21432570E-3
09 16 2014 20 36 21 468 6.49468892E+1 -2.49621785E+1 0.00000000E+0 9.72614100E+5 0.00000000E+0 7.31295347E+1 4.49363471E-1 1.95212662E-1 2.68964928E-3 2.67632306E-1 2.41634172E-3 3.10361385E-1 2.82536914E-3
09 16 2014 20 36 28 476 -6.49468892E+1 -1.25567322E+1 0.00000000E+0 9.72621400E+5 0.00000000E+0 7.30450153E+1 4.42473227E-1 1.70069933E-1 2.78988747E-3 1.06471777E-1 2.02093103E-3 2.72512436E-1 3.01925311E-3
09 16 2014 20 36 31 479 -5.49317147E+1 -1.25567322E+1 0.00000000E+0 9.72624600E+5 0.00000000E+0 7.31436163E+1 4.26795388E-1 1.71855092E-1 2.59714886E-3 1.10656023E-1 2.93345295E-3 2.79277563E-1 3.35074956E-3
09 16 2014 20 36 35 482 -4.50682853E+1 -1.25567322E+1 0.00000000E+0 9.72627800E+5 0.00000000E+0 7.30594993E+1 4.13962485E-1 1.77383423E-1 2.43693278E-3 1.18464231E-1 1.73479753E-3 2.81327963E-1 2.78161806E-3
09 16 2014 20 36 38 485 -3.50531108E+1 -1.25567322E+1 0.00000000E+0 9.72631100E+5 0.00000000E+0 7.31239915E+1 4.68512428E-1 1.75797939E-1 2.16177635E-3 1.24180317E-1 2.21069847E-3 2.83759832E-1 2.99419720E-3
09 16 2014 20 36 41 489 -2.50379363E+1 -1.25567322E+1 0.00000000E+0 9.72634300E+5 0.00000000E+0 7.31269121E+1 4.10411970E-1 1.82461739E-1 2.14311648E-3 1.32733583E-1 2.93215445E-3 2.83604860E-1 3.43775481E-3
09 16 2014 20 36 45 492 0.00000000E+0 -1.25567322E+1 0.00000000E+0 9.72638100E+5 0.00000000E+0 7.32644647E+1 4.36068758E-1 1.82442367E-1 2.45735766E-3 1.54986978E-1 2.36978753E-3 2.93001533E-1 3.50696225E-3
09 16 2014 20 36 49 496 2.50379363E+1 -1.25567322E+1 0.00000000E+0 9.72641900E+5 0.00000000E+0 7.31580853E+1 4.60299725E-1 1.84804201E-1 2.31862108E-3 1.84375048E-1 2.90519589E-3 2.99447775E-1 3.22699974E-3
09 16 2014 20 36 52 499 3.50531108E+1 -1.25567322E+1 0.00000000E+0 9.72645100E+5 0.00000000E+0 7.32128620E+1 4.66217089E-1 1.84041262E-1 2.48051678E-3 1.92672014E-1 2.31765314E-3 3.04812193E-1 3.39594540E-3
09 16 2014 20 36 55 503 4.50682853E+1 -1.25567322E+1 0.00000000E+0 9.72648400E+5 0.00000000E+0 7.31343627E+1 4.55133622E-1 1.83880329E-1 2.86689895E-3 2.05999613E-1 2.85591409E-3 3.05515528E-1 3.01237715E-3
09 16 2014 20 36 58 506 5.49317147E+1 -1.25567322E+1 0.00000000E+0 9.72651600E+5 0.00000000E+0 7.32374936E+1 4.28903796E-1 1.80922449E-1 2.13900966E-3 2.19710171E-1 2.14994375E-3 3.08364630E-1 3.60753389E-3
09 16 2014 20 37 02 509 6.49468892E+1 -1.25567322E+1 0.00000000E+0 9.72654800E+5 0.00000000E+0 7.31288791E+1 4.72126372E-1 1.80077553E-1 2.36794310E-3 2.34764814E-1 1.99635523E-3 3.17168236E-1 3.54168710E-3
09 16 2014 20 37 09 516 -6.49468892E+1 0.00000000E+0 0.00000000E+0 9.72662100E+5 0.00000000E+0 7.32190162E+1 4.34596801E-1 1.55799091E-1 2.99132785E-3 1.12369657E-1 2.22547067E-3 2.80141830E-1 3.42554761E-3
09 16 2014 20 37 12 520 -5.49317147E+1 0.00000000E+0 0.00000000E+0 9.72665300E+5 0.00000000E+0 7.31461644E+1 4.35880739E-1 1.57463551E-1 2.81965417E-3 1.16610527E-1 1.52495711E-3 2.84397602E-1 3.27019751E-3
09 16 2014 20 37 15 523 -4.50682853E+1 0.00000000E+0 0.00000000E+0 9.72668600E+5 0.00000000E+0 7.31959343E+1 4.51924552E-1 1.62458420E-1 3.10681697E-3 1.19364262E-1 1.90738785E-3 2.91848183E-1 3.52033561E-3
09 16 2014 20 37 19 526 -3.50531108E+1 0.00000000E+0 0.00000000E+0 9.72671800E+5 0.00000000E+0 7.31149316E+1 4.52250047E-1 1.67362392E-1 1.97732663E-3 1.22487545E-1 1.94375733E-3 2.95087695E-1 3.46565687E-3
09 16 2014 20 37 22 529 -2.50379363E+1 0.00000000E+0 0.00000000E+0 9.72675000E+5 0.00000000E+0 7.31912851E+1 4.00878088E-1 1.68722868E-1 2.55712738E-3 1.26522779E-1 2.07678400E-3 2.97629833E-1 3.72945528E-3
09 16 2014 20 37 26 533 1.06221548E+0 0.00000000E+0 0.00000000E+0 9.72678800E+5 0.00000000E+0 7.31850863E+1 4.37121549E-1 1.68484449E-1 2.64652960E-3 1.48057938E-1 2.41163415E-3 3.03393602E-1 2.27518206E-3
09 16 2014 20 37 29 537 2.50379363E+1 0.00000000E+0 0.00000000E+0 9.72682600E+5 0.00000000E+0 7.31599927E+1 4.51272981E-1 1.66773796E-1 2.05641708E-3 1.68830156E-1 2.83657338E-3 3.12525034E-1 2.81444364E-3
09 16 2014 20 37 33 540 3.50531108E+1 0.00000000E+0 0.00000000E+0 9.72685800E+5 0.00000000E+0 7.31875300E+1 4.50461750E-1 1.66553259E-1 2.18283930E-3 1.80256367E-1 2.07412625E-3 3.15368176E-1 2.69809142E-3
09 16 2014 20 37 36 543 4.50682853E+1 0.00000000E+0 0.00000000E+0 9.72689100E+5 0.00000000E+0 7.30861723E+1 4.35608181E-1 1.70432031E-1 2.47148535E-3 1.92277133E-1 2.03447513E-3 3.19898129E-1 3.07827840E-3
09 16 2014 20 37 39 547 5.49317147E+1 0.00000000E+0 0.00000000E+0 9.72692300E+5 0.00000000E+0 7.31815100E+1 4.56588845E-1 1.68526173E-1 2.76046363E-3 2.03806162E-1 2.54921785E-3 3.23855877E-1 3.35598360E-3
09 16 2014 20 37 42 550 6.49468892E+1 0.00000000E+0 0.00000000E+0 9.72695500E+5 0.00000000E+0 7.31384158E+1 4.36717137E-1 1.72352791E-1 2.46700934E-3 2.12019682E-1 2.37459053E-3 3.27718258E-1 3.05126270E-3
09 16 2014 20 37 50 557 -6.49468892E+1 1.25567322E+1 0.00000000E+0 9.72702800E+5 0.00000000E+0 7.31403232E+1 4.54864692E-1 1.61659718E-1 2.90071927E-3 1.21462345E-1 2.64981292E-3 2.94357538E-1 3.49266515E-3
09 16 2014 20 37 53 560 -5.49317147E+1 1.25567322E+1 0.00000000E+0 9.72706000E+5 0.00000000E+0 7.31425285E+1 4.57012999E-1 1.62696838E-1 2.58630519E-3 1.22898817E-1 1.74193974E-3 2.92319059E-1 3.55325680E-3
09 16 2014 20 37 56 564 -4.50682853E+1 1.25567322E+1 0.00000000E+0 9.72709200E+5 0.00000000E+0 7.30846524E+1 4.63516958E-1 1.62088871E-1 3.21344136E-3 1.24609470E-1 2.28096872E-3 2.93928385E-1 2.31164287E-3
09 16 2014 20 37 59 567 -3.50531108E+1 1.25567322E+1 0.00000000E+0 9.72712500E+5 0.00000000E+0 7.31089115E+1 4.22492182E-1 1.59978867E-1 1.91087460E-3 1.27536058E-1 2.00159349E-3 2.97772884E-1 3.01575818E-3
09 16 2014 20 38 02 570 -2.50379363E+1 1.25567322E+1 0.00000000E+0 9.72715700E+5 0.00000000E+0 7.31307268E+1 4.46673297E-1 1.59198046E-1 2.00875519E-3 1.31589174E-1 2.38113302E-3 2.99739838E-1 4.42663791E-3
09 16 2014 20 38 06 574 0.00000000E+0 1.25567322E+1 0.00000000E+0 9.72719500E+5 0.00000000E+0 7.31350183E+1 4.31355240E-1 1.63787603E-1 2.47272518E-3 1.48528814E-1 3.11159803E-3 3.12548876E-1 3.59094586E-3
09 16 2014 20 38 10 578 2.50379363E+1 1.25567322E+1 0.00000000E+0 9.72723300E+5 0.00000000E+0 7.31075406E+1 4.41248060E-1 1.59573555E-1 2.70664368E-3 1.65003538E-1 2.44498377E-3 3.17585468E-1 3.53015893E-3
09 16 2014 20 38 13 581 3.50531108E+1 1.25567322E+1 0.00000000E+0 9.72726500E+5 0.00000000E+0 7.30989873E+1 4.65085919E-1 1.61506236E-1 2.86241959E-3 1.74224377E-1 2.43218115E-3 3.19071114E-1 3.06778685E-3
09 16 2014 20 38 16 584 4.50682853E+1 1.25567322E+1 0.00000000E+0 9.72729700E+5 0.00000000E+0 7.31470585E+1 4.46610685E-1 1.58303976E-1 2.46241953E-3 1.82360411E-1 3.04585905E-3 3.20798159E-1 3.28670899E-3
09 16 2014 20 38 20 587 5.49317147E+1 1.25567322E+1 0.00000000E+0 9.72733000E+5 0.00000000E+0 7.30797648E+1 4.22883818E-1 1.60056353E-1 2.87725706E-3 1.91450119E-1 2.40355703E-3 3.26532125E-1 3.24682519E-3
09 16 2014 20 38 23 591 6.49468892E+1 1.25567322E+1 0.00000000E+0 9.72736200E+5 0.00000000E+0 7.30671287E+1 4.20767870E-1 1.64699554E-1 2.66963818E-3 1.98888779E-1 1.94747343E-3 3.34501266E-1 3.18818143E-3
09 16 2014 20 38 30 598 -6.49468892E+1 2.49621785E+1 0.00000000E+0 9.72743500E+5 0.00000000E+0 7.31438994E+1 4.23138358E-1 1.60121918E-1 2.71855513E-3 1.34152174E-1 1.78133985E-3 2.97683477E-1 3.01560317E-3
09 16 2014 20 38 33 601 -5.49317147E+1 2.49621785E+1 0.00000000E+0 9.72746700E+5 0.00000000E+0 7.30534792E+1 4.38236625E-1 1.60193443E-1 2.71001286E-3 1.32787228E-1 2.30244374E-3 3.01343203E-1 3.08159927E-3
09 16 2014 20 38 37 604 -4.50682853E+1 2.49621785E+1 0.00000000E+0 9.72749900E+5 0.00000000E+0 7.31753558E+1 4.37516059E-1 1.58272684E-1 1.59444746E-3 1.35190785E-1 1.34832593E-3 3.05376947E-1 2.60801257E-3
09 16 2014 20 38 40 607 -3.50531108E+1 2.49621785E+1 0.00000000E+0 9.72753100E+5 0.00000000E+0 7.30796456E+1 4.42916872E-1 1.55407190E-1 2.35205730E-3 1.39069557E-1 2.31168331E-3 3.06600332E-1 3.91808951E-3
09 16 2014 20 38 43 611 -2.50379363E+1 2.49621785E+1 0.00000000E+0 9.72756400E+5 0.00000000E+0 7.31492639E+1 4.40669667E-1 1.56956911E-1 2.10610871E-3 1.42592192E-1 2.44161646E-3 3.08698416E-1 2.80358006E-3
09 16 2014 20 38 47 615 0.00000000E+0 2.49621785E+1 0.00000000E+0 9.72760200E+5 0.00000000E+0 7.30924010E+1 4.44591062E-1 1.57088041E-1 2.64924128E-3 1.55621767E-1 2.25570311E-3 3.14837694E-1 3.27964689E-3
09 16 2014 20 38 51 618 2.50379363E+1 2.49621785E+1 0.00000000E+0 9.72764000E+5 0.00000000E+0 7.31464475E+1 4.47345460E-1 1.59509480E-1 2.27164606E-3 1.65380538E-1 1.65050345E-3 3.22997570E-1 2.86796839E-3
09 16 2014 20 38 54 622 3.50531108E+1 2.49621785E+1 0.00000000E+0 9.72767200E+5 0.00000000E+0 7.31054544E+1 4.20902023E-1 1.59370899E-1 2.65094173E-3 1.70660019E-1 2.77244061E-3 3.25202942E-1 3.16888604E-3
09 16 2014 20 38 57 625 4.50682853E+1 2.49621785E+1 0.00000000E+0 9.72770400E+5 0.00000000E+0 7.31663704E+1 4.43677155E-1 1.57624483E-1 2.36113441E-3 1.74009800E-1 2.39673249E-3 3.35586071E-1 3.67893566E-3
09 16 2014 20 39 00 628 5.49317147E+1 2.49621785E+1 0.00000000E+0 9.72773700E+5 0.00000000E+0 7.30788112E+1 4.41722928E-1 1.56754255E-1 2.10404796E-3 1.79857016E-1 2.49032712E-3 3.43060493E-1 3.24367348E-3
09 16 2014 20 39 04 631 6.49468892E+1 2.49621785E+1 0.00000000E+0 9.72776900E+5 0.00000000E+0 7.31919706E+1 4.17097132E-1 1.57929957E-1 2.12902084E-3 1.86011195E-1 2.16592705E-3 3.47435474E-1 3.55955026E-3
09 16 2014 20 39 11 639 -6.49468892E+1 -2.49621785E+1 5.00000000E+1 9.72784700E+5 0.00000000E+0 7.31000900E+1 4.47299126E-1 1.73127651E-1 2.08498807E-3 4.71651554E-2 1.95585662E-3 3.24523449E-1 3.11126750E-3
09 16 2014 20 39 15 642 -5.49317147E+1 -2.49621785E+1 5.00000000E+1 9.72787900E+5 0.00000000E+0 7.31655955E+1 4.40994983E-1 1.78045034E-1 2.17673166E-3 5.94794750E-2 2.34639018E-3 3.15308571E-1 4.02422550E-3
09 16 2014 20 39 18 645 -4.50682853E+1 -2.49621785E+1 5.00000000E+1 9.72791100E+5 0.00000000E+0 7.31197596E+1 4.12587630E-1 1.82086229E-1 2.62045744E-3 7.25805759E-2 1.80096585E-3 3.11183929E-1 3.59347043E-3
09 16 2014 20 39 21 649 -3.50531108E+1 -2.49621785E+1 5.00000000E+1 9.72794400E+5 0.00000000E+0 7.31511414E+1 4.69093200E-1 1.82911754E-1 2.73190484E-3 8.30590725E-2 2.77819886E-3 3.09661031E-1 4.28089726E-3
09 16 2014 20 39 24 652 -2.50379363E+1 -2.49621785E+1 5.00000000E+1 9.72797600E+5 0.00000000E+0 7.31006265E+1 4.24903233E-1 1.84738636E-1 2.60776102E-3 9.24229622E-2 2.13321702E-3 3.05497646E-1 2.78527923E-3
09 16 2014 20 39 28 656 0.00000000E+0 -2.49621785E+1 5.00000000E+1 9.72801400E+5 0.00000000E+0 7.31582642E+1 4.51940407E-1 1.91152096E-1 1.98893268E-3 1.22636557E-1 2.00741432E-3 3.02010775E-1 3.46958966E-3
09 16 2014 20 39 32 660 2.50379363E+1 -2.49621785E+1 5.00000000E+1 9.72805200E+5 0.00000000E+0 7.31153488E+1 4.22032326E-1 1.81925297E-1 2.65686008E-3 1.54632330E-1 1.88972898E-3 2.95591354E-1 2.66543239E-3
09 16 2014 20 39 35 663 3.50531108E+1 -2.49621785E+1 5.00000000E+1 9.72808400E+5 0.00000000E+0 7.31374323E+1 4.72144817E-1 1.76981091E-1 2.64378685E-3 1.67578459E-1 2.79824605E-3 2.88553536E-1 2.78755021E-3
09 16 2014 20 39 38 666 4.50682853E+1 -2.49621785E+1 5.00000000E+1 9.72811600E+5 0.00000000E+0 7.31225014E+1 4.50189220E-1 1.72555447E-1 2.69920004E-3 1.80530548E-1 2.38587922E-3 2.79480219E-1 3.47303707E-3
09 16 2014 20 39 42 669 5.49317147E+1 -2.49621785E+1 5.00000000E+1 9.72814900E+5 0.00000000E+0 7.31174350E+1 4.15153500E-1 1.62148476E-1 2.73610641E-3 1.93911791E-1 2.41357948E-3 2.70307064E-1 4.27205772E-3
09 16 2014 20 39 45 672 6.49468892E+1 -2.49621785E+1 5.00000000E+1 9.72818100E+5 0.00000000E+0 7.31449723E+1 4.37171607E-1 1.47438049E-1 2.47759781E-3 2.09856033E-1 3.19974956E-3 2.59816647E-1 3.40672580E-3
09 16 2014 20 39 52 680 -6.49468892E+1 -1.25567322E+1 5.00000000E+1 9.72825400E+5 0.00000000E+0 7.31202364E+1 4.23906854E-1 1.62333250E-1 2.26642075E-3 6.31093979E-2 2.83249004E-3 3.28403711E-1 3.27389486E-3
09 16 2014 20 39 55 683 -5.49317147E+1 -1.25567322E+1 5.00000000E+1 9.72828600E+5 0.00000000E+0 7.31402636E+1 4.40750454E-1 1.68126822E-1 3.00889909E-3 7.22944736E-2 2.48027555E-3 3.19057703E-1 2.90987769E-3
09 16 2014 20 39 59 686 -4.50682853E+1 -1.25567322E+1 5.00000000E+1 9.72831800E+5 0.00000000E+0 7.31142610E+1 4.74369043E-1 1.74634159E-1 2.51697037E-3 7.79405236E-2 2.49646710E-3 3.19287181E-1 3.59658595E-3
09 16 2014 20 40 02 689 -3.50531108E+1 -1.25567322E+1 5.00000000E+1 9.72835000E+5 0.00000000E+0 7.31044412E+1 4.47789271E-1 1.79868937E-1 2.78021950E-3 8.69631767E-2 2.13545978E-3 3.17001343E-1 3.63983597E-3
09 16 2014 20 40 05 693 -2.50379363E+1 -1.25567322E+1 5.00000000E+1 9.72838300E+5 0.00000000E+0 7.31406212E+1 3.86076485E-1 1.82390213E-1 2.23522646E-3 9.57906246E-2 2.00875519E-3 3.14605236E-1 4.02309160E-3
09 16 2014 20 40 09 696 0.00000000E+0 -1.25567322E+1 5.00000000E+1 9.72842100E+5 0.00000000E+0 7.31704831E+1 4.48907439E-1 1.82342529E-1 2.02910290E-3 1.21515989E-1 1.67442212E-3 3.08561325E-1 2.74614760E-3
09 16 2014 20 40 13 700 2.50379363E+1 -1.25567322E+1 5.00000000E+1 9.72845900E+5 0.00000000E+0 7.31578469E+1 4.32644767E-1 1.76899135E-1 3.13786047E-3 1.45912170E-1 2.57705376E-3 2.99148262E-1 3.60292699E-3
09 16 2014 20 40 16 703 3.50531108E+1 -1.25567322E+1 5.00000000E+1 9.72849100E+5 0.00000000E+0 7.31266737E+1 4.32834002E-1 1.72227621E-1 2.77310823E-3 1.59615278E-1 2.45633718E-3 2.90220976E-1 2.74780168E-3
09 16 2014 20 40 19 707 4.50682853E+1 -1.25567322E+1 5.00000000E+1 9.72852300E+5 0.00000000E+0 7.31763840E+1 4.43409238E-1 1.64365768E-1 3.06976255E-3 1.70463324E-1 2.79315625E-3 2.87979841E-1 3.77842380E-3
09 16 2014 20 40 22 710 5.49317147E+1 -1.25567322E+1 5.00000000E+1 9.72855600E+5 0.00000000E+0 7.31938481E+1 4.52480108E-1 1.53797865E-1 2.02315040E-3 1.83016062E-1 2.29071127E-3 2.78455019E-1 2.69247900E-3
09 16 2014 20 40 26 713 6.49468892E+1 -1.25567322E+1 5.00000000E+1 9.72858800E+5 0.00000000E+0 7.30955601E+1 4.45457324E-1 1.43282115E-1 2.11797874E-3 1.91397965E-1 1.65007289E-3 2.70411372E-1 3.45443071E-3
09 16 2014 20 40 33 720 -6.49468892E+1 0.00000000E+0 5.00000000E+1 9.72866100E+5 0.00000000E+0 7.32004642E+1 4.52340166E-1 1.52307749E-1 2.63945486E-3 7.46428967E-2 2.67548024E-3 3.31997871E-1 2.42184708E-3
09 16 2014 20 40 36 724 -5.49317147E+1 0.00000000E+0 5.00000000E+1 9.72869300E+5 0.00000000E+0 7.30720162E+1 4.22991449E-1 1.59084797E-1 2.57852385E-3 8.39382410E-2 1.68805012E-3 3.23817134E-1 3.77019992E-3
09 16 2014 20 40 39 727 -4.50682853E+1 0.00000000E+0 5.00000000E+1 9.72872500E+5 0.00000000E+0 7.32028484E+1 4.26970579E-1 1.62148476E-1 2.88097842E-3 8.71121883E-2 2.27169476E-3 3.15678120E-1 3.02442610E-3
09 16 2014 20 40 43 730 -3.50531108E+1 0.00000000E+0 5.00000000E+1 9.72875800E+5 0.00000000E+0 7.31104016E+1 4.43988084E-1 1.66100264E-1 2.62667230E-3 9.05811787E-2 2.29801345E-3 3.17823887E-1 3.11434306E-3
09 16 2014 20 40 46 733 -2.50379363E+1 0.00000000E+0 5.00000000E+1 9.72879000E+5 0.00000000E+0 7.32380897E+1 4.28062830E-1 1.73397362E-1 2.64346208E-3 9.79825854E-2 1.86336424E-3 3.14228237E-1 3.17776244E-3
09 16 2014 20 40 50 737 0.00000000E+0 0.00000000E+0 5.00000000E+1 9.72882800E+5 0.00000000E+0 7.30893761E+1 4.45410366E-1 1.70700252E-1 2.67994529E-3 1.18725002E-1 2.05992767E-3 3.08446586E-1 2.78822985E-3
09 16 2014 20 40 53 741 2.50379363E+1 0.00000000E+0 5.00000000E+1 9.72886600E+5 0.00000000E+0 7.31972456E+1 4.53803799E-1 1.60640478E-1 2.19282172E-3 1.38092041E-1 2.87962812E-3 3.00872326E-1 2.91435308E-3
09 16 2014 20 40 57 744 3.50531108E+1 0.00000000E+0 5.00000000E+1 9.72889800E+5 0.00000000E+0 7.31537342E+1 4.61126888E-1 1.55860186E-1 2.80464698E-3 1.50263309E-1 1.78981167E-3 2.96294689E-1 3.44818760E-3
09 16 2014 20 41 00 747 4.50682853E+1 0.00000000E+0 5.00000000E+1 9.72893000E+5 0.00000000E+0 7.31769800E+1 4.20586133E-1 1.48785114E-1 1.93340455E-3 1.55788660E-1 2.72478642E-3 2.85834074E-1 2.98784563E-3
09 16 2014 20 41 03 751 5.49317147E+1 0.00000000E+0 5.00000000E+1 9.72896200E+5 0.00000000E+0 7.31325150E+1 4.42089811E-1 1.41598284E-1 1.41735033E-3 1.65864825E-1 3.07146153E-3 2.82526016E-1 2.02585657E-3
09 16 2014 20 41 06 754 6.49468892E+1 0.00000000E+0 5.00000000E+1 9.72899500E+5 0.00000000E+0 7.31763244E+1 4.44693100E-1 1.30742788E-1 2.06290815E-3 1.74826384E-1 2.36859842E-3 2.73597240E-1 3.91129256E-3
09 16 2014 20 41 14 761 -6.49468892E+1 1.25567322E+1 5.00000000E+1 9.72906900E+5 0.00000000E+0 7.31225014E+1 4.52724505E-1 1.39844418E-1 3.00781138E-3 9.03248787E-2 2.17040871E-3 3.33619118E-1 3.09881405E-3
09 16 2014 20 41 17 765 -5.49317147E+1 1.25567322E+1 5.00000000E+1 9.72910200E+5 0.00000000E+0 7.31787086E+1 4.31241699E-1 1.44466758E-1 2.72356922E-3 9.29236412E-2 2.59938218E-3 3.25992703E-1 3.15634594E-3
09 16 2014 20 41 20 768 -4.50682853E+1 1.25567322E+1 5.00000000E+1 9.72913400E+5 0.00000000E+0 7.30987191E+1 4.22042937E-1 1.45435333E-1 2.14053235E-3 9.85145569E-2 2.27745744E-3 3.21453810E-1 3.88954231E-3
09 16 2014 20 41 23 771 -3.50531108E+1 1.25567322E+1 5.00000000E+1 9.72916600E+5 0.00000000E+0 7.31709003E+1 4.38859215E-1 1.50585175E-1 2.92988972E-3 1.05249882E-1 1.90299095E-3 3.17227840E-1 2.87273690E-3
09 16 2014 20 41 27 774 -2.50379363E+1 1.25567322E+1 5.00000000E+1 9.72919800E+5 0.00000000E+0 7.30950385E+1 4.43277136E-1 1.56395137E-1 2.77272667E-3 1.11460686E-1 1.48062865E-3 3.12432647E-1 3.40220194E-3
09 16 2014 20 41 30 778 0.00000000E+0 1.25567322E+1 5.00000000E+1 9.72923700E+5 0.00000000E+0 7.31817484E+1 4.34169108E-1 1.60741806E-1 2.80596006E-3 1.25092268E-1 1.79680806E-3 3.09675932E-1 3.29384678E-3
09 16 2014 20 41 34 782 2.50379363E+1 1.25567322E+1 5.00000000E+1 9.72927500E+5 0.00000000E+0 7.31098652E+1 4.60369676E-1 1.53613091E-1 2.09404417E-3 1.41870975E-1 2.11660326E-3 3.01855803E-1 3.58427455E-3
09 16 2014 20 41 37 785 3.50531108E+1 1.25567322E+1 5.00000000E+1 9.72930700E+5 0.00000000E+0 7.31844902E+1 4.30004040E-1 1.50221586E-1 2.53125720E-3 1.46049261E-1 1.89170690E-3 2.97957659E-1 3.57135530E-3
09 16 2014 20 41 41 788 4.50682853E+1 1.25567322E+1 5.00000000E+1 9.72933900E+5 0.00000000E+0 7.30948895E+1 4.57936445E-1 1.43766403E-1 2.23910463E-3 1.49764121E-1 2.35970917E-3 2.89656222E-1 2.89205397E-3
09 16 2014 20 41 44 791 5.49317147E+1 1.25567322E+1 5.00000000E+1 9.72937100E+5 0.00000000E+0 7.31737614E+1 4.42388701E-1 1.36160851E-1 2.47003925E-3 1.56521797E-1 1.97402278E-3 2.82347202E-1 3.19439222E-3
09 16 2014 20 41 47 795 6.49468892E+1 1.25567322E+1 5.00000000E+1 9.72940400E+5 0.00000000E+0 7.31524229E+1 4.45700478E-1 1.27232075E-1 2.43757723E-3 1.62076950E-1 1.85824867E-3 2.73728371E-1 3.33575311E-3
09 16 2014 20 41 54 802 -6.49468892E+1 2.49621785E+1 5.00000000E+1 9.72947700E+5 0.00000000E+0 7.31753707E+1 4.44123168E-1 1.34432316E-1 2.82659543E-3 1.02084875E-1 1.78846348E-3 3.32140923E-1 3.57598588E-3
09 16 2014 20 41 58 805 -5.49317147E+1 2.49621785E+1 5.00000000E+1 9.72950900E+5 0.00000000E+0 7.31505156E+1 4.24397919E-1 1.39468908E-1 2.55572303E-3 1.02174282E-1 2.08706764E-3 3.22872400E-1 3.53874517E-3
09 16 2014 20 42 01 809 -4.50682853E+1 2.49621785E+1 5.00000000E+1 9.72954100E+5 0.00000000E+0 7.31352568E+1 4.72594526E-1 1.43748522E-1 2.57752051E-3 1.04576349E-1 1.48534009E-3 3.19600105E-1 3.01032185E-3
09 16 2014 20 42 04 812 -3.50531108E+1 2.49621785E+1 5.00000000E+1 9.72957400E+5 0.00000000E+0 7.31663108E+1 4.47145377E-1 1.48493052E-1 3.20415855E-3 1.11323595E-1 1.76064578E-3 3.19194794E-1 3.81732367E-3
09 16 2014 20 42 07 815 -2.50379363E+1 2.49621785E+1 5.00000000E+1 9.72960600E+5 0.00000000E+0 7.31940269E+1 4.30656507E-1 1.49458647E-1 2.41593349E-3 1.14691257E-1 2.50500792E-3 3.14885378E-1 3.59660675E-3
09 16 2014 20 42 11 819 0.00000000E+0 2.49621785E+1 5.00000000E+1 9.72964400E+5 0.00000000E+0 7.31765628E+1 4.39007441E-1 1.49661303E-1 1.75903077E-3 1.26594305E-1 2.16156010E-3 3.06773186E-1 4.07784186E-3
09 16 2014 20 42 15 823 2.50379363E+1 2.49621785E+1 5.00000000E+1 9.72968200E+5 0.00000000E+0 7.31664300E+1 4.50672105E-1 1.43462420E-1 2.32429155E-3 1.31887197E-1 2.12414307E-3 3.01617384E-1 3.65432992E-3
09 16 2014 20 42 18 826 3.50531108E+1 2.49621785E+1 5.00000000E+1 9.72971400E+5 0.00000000E+0 7.32046366E+1 4.35936055E-1 1.40585005E-1 2.30199229E-3 1.39974058E-1 2.21195345E-3 2.97412276E-1 3.48963010E-3
09 16 2014 20 42 21 829 4.50682853E+1 2.49621785E+1 5.00000000E+1 9.72974700E+5 0.00000000E+0 7.31486678E+1 4.40945728E-1 1.35421753E-1 2.65716973E-3 1.39671564E-1 2.19786398E-3 2.93570757E-1 5.18717601E-3
09 16 2014 20 42 25 832 5.49317147E+1 2.49621785E+1 5.00000000E+1 9.72977900E+5 0.00000000E+0 7.31952786E+1 4.33758254E-1 1.28078461E-1 2.79206485E-3 1.42335892E-1 2.57540860E-3 2.91246176E-1 2.95269314E-3
09 16 2014 20 42 28 835 6.49468892E+1 2.49621785E+1 5.00000000E+1 9.72981100E+5 0.00000000E+0 7.31114298E+1 4.38256049E-1 1.19134784E-1 4.05191773E-3 1.48981810E-1 1.82692531E-3 2.83762813E-1 3.75054857E-3
09 16 2014 20 42 36 843 -6.49468892E+1 -2.49621785E+1 1.00000000E+2 9.72988900E+5 0.00000000E+0 7.32037425E+1 4.60648203E-1 1.34788454E-1 2.65945167E-3 4.08962369E-2 1.40070915E-3 3.45997512E-1 3.64267615E-3
09 16 2014 20 42 39 846 -5.49317147E+1 -2.49621785E+1 1.00000000E+2 9.72992100E+5 0.00000000E+0 7.31708407E+1 4.20844298E-1 1.51485205E-1 3.27677214E-3 4.47094440E-2 2.28469559E-3 3.37541103E-1 3.31300701E-3
09 16 2014 20 42 42 850 -4.50682853E+1 -2.49621785E+1 1.00000000E+2 9.72995400E+5 0.00000000E+0 7.31417537E+1 4.33099683E-1 1.57266855E-1 3.46536191E-3 5.39183617E-2 2.49789166E-3 3.34060192E-1 2.82023768E-3
09 16 2014 20 42 45 853 -3.50531108E+1 -2.49621785E+1 1.00000000E+2 9.72998600E+5 0.00000000E+0 7.31957704E+1 4.48109494E-1 1.66974962E-1 3.10942642E-3 6.53639436E-2 1.62563405E-3 3.29799950E-1 3.17224222E-3
09 16 2014 20 42 49 856 -2.50379363E+1 -2.49621785E+1 1.00000000E+2 9.73001800E+5 0.00000000E+0 7.31991529E+1 4.38063497E-1 1.74242258E-1 2.19922477E-3 7.43150711E-2 1.61675593E-3 3.27163935E-1 4.00493819E-3
09 16 2014 20 42 52 860 0.00000000E+0 -2.49621785E+1 1.00000000E+2 9.73005600E+5 0.00000000E+0 7.31763840E+1 4.41612198E-1 1.77168846E-1 2.60933801E-3 1.00243092E-1 2.22714765E-3 3.24845314E-1 3.32866025E-3
09 16 2014 20 42 56 864 2.50379363E+1 -2.49621785E+1 1.00000000E+2 9.73009500E+5 0.00000000E+0 7.31874704E+1 4.36813964E-1 1.72334909E-1 2.67631877E-3 1.27476454E-1 2.10077503E-3 3.23611498E-1 3.30595018E-3
09 16 2014 20 42 59 867 3.50531108E+1 -2.49621785E+1 1.00000000E+2 9.73012700E+5 0.00000000E+0 7.31937587E+1 4.48786667E-1 1.63182616E-1 2.71451009E-3 1.39929354E-1 2.00858220E-3 3.18638980E-1 3.69983560E-3
09 16 2014 20 43 03 870 4.50682853E+1 -2.49621785E+1 1.00000000E+2 9.73015900E+5 0.00000000E+0 7.31770992E+1 4.34060789E-1 1.45673752E-1 3.19333840E-3 1.47342682E-1 2.54590762E-3 3.17203999E-1 3.09482899E-3
09 16 2014 20 43 06 874 5.49317147E+1 -2.49621785E+1 1.00000000E+2 9.73019200E+5 0.00000000E+0 7.32230544E+1 4.33350121E-1 1.34837627E-1 3.17781883E-3 1.58983469E-1 2.22626592E-3 3.11881304E-1 3.29702425E-3
09 16 2014 20 43 09 877 6.49468892E+1 -2.49621785E+1 1.00000000E+2 9.73022400E+5 0.00000000E+0 7.31205195E+1 4.42815786E-1 1.06006861E-1 1.93863286E-3 1.70908868E-1 2.43090269E-3 3.08744609E-1 4.30376217E-3
09 16 2014 20 43 16 884 -6.49468892E+1 -1.25567322E+1 1.00000000E+2 9.73029700E+5 0.00000000E+0 7.32359886E+1 4.31537386E-1 1.31577253E-1 2.77175934E-3 5.71668148E-2 2.23505078E-3 3.37916613E-1 3.46911538E-3
09 16 2014 20 43 20 887 -5.49317147E+1 -1.25567322E+1 1.00000000E+2 9.73032900E+5 0.00000000E+0 7.31364638E+1 4.26556918E-1 1.44600868E-1 2.02304873E-3 6.08488917E-2 2.90732818E-3 3.33629549E-1 2.91310651E-3
09 16 2014 20 43 23 890 -4.50682853E+1 -1.25567322E+1 1.00000000E+2 9.73036100E+5 0.00000000E+0 7.32361674E+1 4.52183301E-1 1.55997276E-1 2.12277819E-3 7.19606876E-2 1.74614251E-3 3.29893827E-1 2.59890497E-3
09 16 2014 20 43 26 894 -3.50531108E+1 -1.25567322E+1 1.00000000E+2 9.73039400E+5 0.00000000E+0 7.31861591E+1 4.54471124E-1 1.61212683E-1 2.78237084E-3 7.81357288E-2 1.83804416E-3 3.25441360E-1 4.17169767E-3
09 16 2014 20 43 29 897 -2.50379363E+1 -1.25567322E+1 1.00000000E+2 9.73042600E+5 0.00000000E+0 7.31540918E+1 4.19550548E-1 1.66183710E-1 2.25967854E-3 8.68439674E-2 2.31333281E-3 3.18914652E-1 3.37615378E-3
09 16 2014 20 43 33 901 0.00000000E+0 -1.25567322E+1 1.00000000E+2 9.73046400E+5 0.00000000E+0 7.31314719E+1 4.44564431E-1 1.68725848E-1 1.64022914E-3 1.14083290E-1 2.37981077E-3 3.21120024E-1 2.79112711E-3
09 16 2014 20 43 37 905 2.50379363E+1 -1.25567322E+1 1.00000000E+2 9.73050200E+5 0.00000000E+0 7.31538236E+1 4.39819681E-1 1.59464777E-1 2.72942201E-3 1.35846436E-1 2.27310527E-3 3.19026411E-1 2.93594475E-3
09 16 2014 20 43 40 908 3.50531108E+1 -1.25567322E+1 1.00000000E+2 9.73053400E+5 0.00000000E+0 7.31728673E+1 4.26635914E-1 1.52248144E-1 2.34505100E-3 1.44881010E-1 1.95356081E-3 3.14497948E-1 3.23674856E-3
09 16 2014 20 43 43 911 4.50682853E+1 -1.25567322E+1 1.00000000E+2 9.73056600E+5 0.00000000E+0 7.31374621E+1 4.52039176E-1 1.41215324E-1 2.72482073E-3 1.54817104E-1 2.48227255E-3 3.09848785E-1 2.67333380E-3
09 16 2014 20 43 47 914 5.49317147E+1 -1.25567322E+1 1.00000000E+2 9.73059900E+5 0.00000000E+0 7.31555223E+1 4.24965757E-1 1.23769045E-1 2.59619833E-3 1.58804655E-1 2.37106017E-3 3.07363272E-1 3.31949685E-3
09 16 2014 20 43 50 917 6.49468892E+1 -1.25567322E+1 1.00000000E+2 9.73063100E+5 0.00000000E+0 7.31205940E+1 4.39800741E-1 9.81926918E-2 3.23547739E-3 1.65814161E-1 1.92237685E-3 3.00240517E-1 3.14124484E-3
09 16 2014 20 43 57 925 -6.49468892E+1 0.00000000E+0 1.00000000E+2 9.73070400E+5 0.00000000E+0 7.32038617E+1 4.31288544E-1 1.28513575E-1 2.72950365E-3 6.67750835E-2 2.48292782E-3 3.28850746E-1 4.03747404E-3
09 16 2014 20 44 00 928 -5.49317147E+1 0.00000000E+0 1.00000000E+2 9.73073700E+5 0.00000000E+0 7.31555820E+1 4.52759012E-1 1.42168999E-1 2.76785061E-3 7.27891922E-2 2.69029052E-3 3.24523449E-1 3.48778457E-3
09 16 2014 20 44 04 931 -4.50682853E+1 0.00000000E+0 1.00000000E+2 9.73076900E+5 0.00000000E+0 7.31889009E+1 4.08175975E-1 1.47581100E-1 2.53619432E-3 8.03828239E-2 2.74661057E-3 3.25560570E-1 3.80271831E-3
09 16 2014 20 44 07 934 -3.50531108E+1 0.00000000E+0 1.00000000E+2 9.73080100E+5 0.00000000E+0 7.31752068E+1 4.52815451E-1 1.53467059E-1 2.24623328E-3 8.77305865E-2 3.85532715E-3 3.20747495E-1 3.05878896E-3
09 16 2014 20 44 10 938 -2.50379363E+1 0.00000000E+0 1.00000000E+2 9.73083300E+5 0.00000000E+0 7.32297897E+1 4.22754955E-1 1.59013271E-1 2.72687864E-3 9.34541225E-2 2.47151498E-3 3.22151184E-1 3.12501190E-3
09 16 2014 20 44 14 941 0.00000000E+0 0.00000000E+0 1.00000000E+2 9.73087100E+5 0.00000000E+0 7.31976628E+1 4.53446036E-1 1.64097548E-1 2.68167914E-3 1.13147497E-1 2.26424164E-3 3.12554836E-1 2.86856815E-3
09 16 2014 20 44 18 945 2.50379363E+1 0.00000000E+0 1.00000000E+2 9.73091000E+5 0.00000000E+0 7.31833577E+1 4.40168141E-1 1.48546696E-1 3.06080763E-3 1.33848190E-1 1.73726405E-3 3.12143564E-1 3.37650822E-3
09 16 2014 20 44 21 949 3.50531108E+1 0.00000000E+0 1.00000000E+2 9.73094200E+5 0.00000000E+0 7.31769949E+1 4.49865538E-1 1.37932599E-1 2.70772865E-3 1.40339136E-1 2.10272932E-3 3.08595598E-1 3.53543985E-3
09 16 2014 20 44 24 952 4.50682853E+1 0.00000000E+0 1.00000000E+2 9.73097400E+5 0.00000000E+0 7.32179284E+1 4.70633411E-1 1.26934052E-1 2.42264991E-3 1.45947933E-1 1.95502470E-3 3.07732821E-1 3.29716036E-3
09 16 2014 20 44 27 955 5.49317147E+1 0.00000000E+0 1.00000000E+2 9.73100600E+5 0.00000000E+0 7.32268095E+1 4.39443956E-1 1.11109018E-1 2.62786797E-3 1.55466795E-1 2.42902447E-3 3.00604105E-1 3.30708119E-3
09 16 2014 20 44 31 958 6.49468892E+1 0.00000000E+0 1.00000000E+2 9.73103800E+5 0.00000000E+0 7.31599927E+1 4.81663993E-1 9.20653343E-2 2.84084832E-3 1.57666206E-1 2.10508747E-3 2.91782618E-1 3.54271646E-3
09 16 2014 20 44 38 965 -6.49468892E+1 1.25567322E+1 1.00000000E+2 9.73111100E+5 0.00000000E+0 7.32116103E+1 4.31747515E-1 1.19721889E-1 2.39985113E-3 7.75337219E-2 2.10331022E-3 3.26442719E-1 3.38379367E-3
09 16 2014 20 44 41 969 -5.49317147E+1 1.25567322E+1 1.00000000E+2 9.73114300E+5 0.00000000E+0 7.31674433E+1 4.48584898E-1 1.32048130E-1 2.41073458E-3 8.35597515E-2 2.58308592E-3 3.22830677E-1 4.02903638E-3
09 16 2014 20 44 44 972 -4.50682853E+1 1.25567322E+1 1.00000000E+2 9.73117600E+5 0.00000000E+0 7.32598454E+1 4.41504221E-1 1.36815012E-1 2.20616376E-3 8.62628222E-2 2.73986934E-3 3.19585204E-1 3.72647426E-3
09 16 2014 20 44 48 975 -3.50531108E+1 1.25567322E+1 1.00000000E+2 9.73120800E+5 0.00000000E+0 7.31830597E+1 4.28120341E-1 1.45959854E-1 2.73659841E-3 9.41634178E-2 2.43505986E-3 3.15922499E-1 3.34553155E-3
09 16 2014 20 44 51 978 -2.50379363E+1 1.25567322E+1 1.00000000E+2 9.73124000E+5 0.00000000E+0 7.32523799E+1 4.61301197E-1 1.49649382E-1 3.19808366E-3 9.97722149E-2 2.14767476E-3 3.16244364E-1 3.19246582E-3
09 16 2014 20 44 55 982 0.00000000E+0 1.25567322E+1 1.00000000E+2 9.73127800E+5 0.00000000E+0 7.31862783E+1 4.48826562E-1 1.51795149E-1 2.72066588E-3 1.14351511E-1 3.33402057E-3 3.09574604E-1 3.10520359E-3
09 16 2014 20 44 58 986 2.50379363E+1 1.25567322E+1 1.00000000E+2 9.73131600E+5 0.00000000E+0 7.32592344E+1 4.65688935E-1 1.35385990E-1 2.86757718E-3 1.31011009E-1 1.82026728E-3 3.05813551E-1 3.49724487E-3
09 16 2014 20 45 02 989 3.50531108E+1 1.25567322E+1 1.00000000E+2 9.73134900E+5 0.00000000E+0 7.31774420E+1 4.25955709E-1 1.30362809E-1 3.37875629E-3 1.36993825E-1 1.65594748E-3 3.00675631E-1 3.67208474E-3
09 16 2014 20 45 05 992 4.50682853E+1 1.25567322E+1 1.00000000E+2 9.73138100E+5 0.00000000E+0 7.32437968E+1 4.26573148E-1 1.18106604E-1 2.67229143E-3 1.41298771E-1 3.09028218E-3 2.99316645E-1 2.95800781E-3
09 16 2014 20 45 08 996 5.49317147E+1 1.25567322E+1 1.00000000E+2 9.73141300E+5 0.00000000E+0 7.31961727E+1 4.44295740E-1 9.91761684E-2 3.54950802E-3 1.47330761E-1 2.03480827E-3 2.95996666E-1 2.92641587E-3
09 16 2014 20 45 11 999 6.49468892E+1 1.25567322E+1 1.00000000E+2 9.73144500E+5 0.00000000E+0 7.32414424E+1 4.51544244E-1 8.41766596E-2 2.91868067E-3 1.49935484E-1 2.84758032E-3 2.89030373E-1 3.17522732E-3
09 16 2014 20 45 19 1006 -6.49468892E+1 2.49621785E+1 1.00000000E+2 9.73151800E+5 0.00000000E+0 7.32140541E+1 4.23188719E-1 1.19924545E-1 2.48916304E-3 8.67128372E-2 1.52534943E-3 3.25191021E-1 3.58148246E-3
09 16 2014 20 45 22 1009 -5.49317147E+1 2.49621785E+1 1.00000000E+2 9.73155000E+5 0.00000000E+0 7.32014328E+1 4.78766080E-1 1.31793320E-1 2.14133368E-3 9.17613506E-2 2.19055517E-3 3.17350030E-1 3.54511538E-3
09 16 2014 20 45 25 1013 -4.50682853E+1 2.49621785E+1 1.00000000E+2 9.73158200E+5 0.00000000E+0 7.32368231E+1 4.29453365E-1 1.37114525E-1 2.39501551E-3 9.40203667E-2 2.24327618E-3 3.18235159E-1 3.45771298E-3
09 16 2014 20 45 28 1016 -3.50531108E+1 2.49621785E+1 1.00000000E+2 9.73161500E+5 0.00000000E+0 7.31947422E+1 4.21280619E-1 1.46555901E-1 2.41671506E-3 9.61899757E-2 2.48943346E-3 3.16745043E-1 3.10437851E-3
09 16 2014 20 45 31 1019 -2.50379363E+1 2.49621785E+1 1.00000000E+2 9.73164700E+5 0.00000000E+0 7.31981397E+1 4.30894041E-1 1.44660473E-1 2.70501281E-3 1.01894140E-1 3.01847887E-3 3.11875343E-1 3.61405879E-3
09 16 2014 20 45 35 1023 0.00000000E+0 2.49621785E+1 1.00000000E+2 9.73168500E+5 0.00000000E+0 7.31325895E+1 4.52400006E-1 1.45234168E-1 2.43207159E-3 1.15387142E-1 1.41751742E-3 3.06233764E-1 2.93486557E-3
09 16 2014 20 45 39 1027 2.50379363E+1 2.49621785E+1 1.00000000E+2 9.73172300E+5 0.00000000E+0 7.32726604E+1 4.72744819E-1 1.30631030E-1 2.73756678E-3 1.29967928E-1 2.28952192E-3 3.01524997E-1 2.94774950E-3
09 16 2014 20 45 42 1030 3.50531108E+1 2.49621785E+1 1.00000000E+2 9.73175500E+5 0.00000000E+0 7.31716752E+1 4.42434664E-1 1.22249126E-1 2.56507811E-3 1.33436918E-1 2.50959435E-3 2.98035145E-1 3.85330375E-3
09 16 2014 20 45 46 1033 4.50682853E+1 2.49621785E+1 1.00000000E+2 9.73178800E+5 0.00000000E+0 7.32141733E+1 4.50265654E-1 1.10352039E-1 3.44766699E-3 1.34271383E-1 2.54481305E-3 2.91204453E-1 3.22888237E-3
09 16 2014 20 45 49 1036 5.49317147E+1 2.49621785E+1 1.00000000E+2 9.73182000E+5 0.00000000E+0 7.31358677E+1 4.58191098E-1 9.51662660E-2 3.04321455E-3 1.40257180E-1 2.43177942E-3 2.88411975E-1 3.03796636E-3
09 16 2014 20 45 52 1040 6.49468892E+1 2.49621785E+1 1.00000000E+2 9.73185200E+5 0.00000000E+0 7.32568502E+1 4.47293859E-1 7.48515129E-2 3.31625634E-3 1.40756369E-1 1.94111652E-3 2.81441212E-1 2.54529061E-3
