Month Day Year Hour Minute Second Time_s x y z Current CurrentError 1Axis 1AxisError Bx BxError By ByError Bz BzError
09 16 2014 22 58 39 7 -6.49468892E+1 -2.49621785E+1 -1.00000000E+2 9.81152200E+5 0.00000000E+0 7.31758475E+1 4.36010238E-1 3.26327562E+1 2.99597647E-3 2.61962414E-2 3.66365108E-3 -3.54647636E-2 3.57345419E-3
09 16 2014 22 58 42 10 -5.49317147E+1 -2.49621785E+1 -1.00000000E+2 9.81155400E+5 0.00000000E+0 7.31357336E+1 4.28991346E-1 3.26395214E+1 3.08329779E-3 3.83853912E-2 2.40728830E-3 -4.31239605E-2 1.02263503E-2
09 16 2014 22 58 45 13 -4.50682853E+1 -2.49621785E+1 -1.00000000E+2 9.81158600E+5 0.00000000E+0 7.32281059E+1 4.58469736E-1 3.26396003E+1 3.31713816E-3 4.56273556E-2 3.19857281E-3 -4.40776348E-2 8.96376706E-3
09 16 2014 22 58 49 16 -3.50531108E+1 -2.49621785E+1 -1.00000000E+2 9.81161800E+5 0.00000000E+0 7.31461048E+1 4.16970780E-1 3.26465368E+1 3.40420006E-3 5.26249409E-2 1.93594642E-3 -4.66167927E-2 8.28017832E-3
09 16 2014 22 58 52 20 -2.50379363E+1 -2.49621785E+1 -1.00000000E+2 9.81165000E+5 0.00000000E+0 7.31483698E+1 4.45252866E-1 3.26483309E+1 3.02704016E-3 6.27338886E-2 2.51572632E-3 -5.28156757E-2 1.00938129E-2
09 16 2014 22 58 56 23 0.00000000E+0 -2.49621785E+1 -1.00000000E+2 9.81168800E+5 0.00000000E+0 7.31116533E+1 4.65049979E-1 3.26461434E+1 2.34020602E-3 9.12845135E-2 3.00307679E-3 -6.65128231E-2 6.69658006E-3
09 16 2014 22 58 59 27 2.50379363E+1 -2.49621785E+1 -1.00000000E+2 9.81172700E+5 0.00000000E+0 7.31836557E+1 4.50135803E-1 3.26471984E+1 3.31142067E-3 1.08665228E-1 2.05695348E-3 -7.66038895E-2 6.14183932E-3
09 16 2014 22 59 03 30 3.50531108E+1 -2.49621785E+1 -1.00000000E+2 9.81175900E+5 0.00000000E+0 7.31975585E+1 4.37968931E-1 3.26388404E+1 3.08134492E-3 1.10216439E-1 2.86001901E-3 -8.03247094E-2 1.12238543E-2
09 16 2014 22 59 06 34 4.50682853E+1 -2.49621785E+1 -1.00000000E+2 9.81179100E+5 0.00000000E+0 7.30892420E+1 4.56262451E-1 3.26326907E+1 3.16280844E-3 1.23333931E-1 2.66009551E-3 -7.87615776E-2 7.34703745E-3
09 16 2014 22 59 09 37 5.49317147E+1 -2.49621785E+1 -1.00000000E+2 9.81182300E+5 0.00000000E+0 7.32027888E+1 4.35370638E-1 3.26237857E+1 2.59112298E-3 1.30492449E-1 3.01882575E-3 -8.13782215E-2 7.71956999E-3
09 16 2014 22 59 12 40 6.49468892E+1 -2.49621785E+1 -1.00000000E+2 9.81185500E+5 0.00000000E+0 7.30737299E+1 4.19420165E-1 3.26132998E+1 2.58044058E-3 1.28835440E-1 3.90368713E-3 -8.31708312E-2 5.56725144E-3
09 16 2014 22 59 20 47 -6.49468892E+1 -1.25567322E+1 -1.00000000E+2 9.81192900E+5 0.00000000E+0 7.31899738E+1 4.78665023E-1 3.26261580E+1 2.32525673E-3 2.09987164E-2 2.98318591E-3 -4.57167625E-2 9.46901610E-3
09 16 2014 22 59 23 51 -5.49317147E+1 -1.25567322E+1 -1.00000000E+2 9.81196100E+5 0.00000000E+0 7.31268525E+1 4.34200644E-1 3.26307490E+1 3.42830352E-3 3.13520432E-2 2.81461859E-3 -4.97326255E-2 1.37497615E-2
09 16 2014 22 59 26 54 -4.50682853E+1 -1.25567322E+1 -1.00000000E+2 9.81199300E+5 0.00000000E+0 7.31335878E+1 4.34172002E-1 3.26314032E+1 2.61474274E-3 4.20093536E-2 2.52596995E-3 -4.93109226E-2 8.67160741E-3
09 16 2014 22 59 29 57 -3.50531108E+1 -1.25567322E+1 -1.00000000E+2 9.81202500E+5 0.00000000E+0 7.31351376E+1 4.41897487E-1 3.26344430E+1 3.18430234E-3 5.14268875E-2 3.00718965E-3 -5.74231148E-2 7.33827730E-3
09 16 2014 22 59 32 60 -2.50379363E+1 -1.25567322E+1 -1.00000000E+2 9.81205700E+5 0.00000000E+0 7.31703639E+1 4.34899565E-1 3.26351404E+1 2.55013456E-3 6.15000725E-2 2.60081088E-3 -6.39736652E-2 1.01627709E-2
09 16 2014 22 59 36 64 0.00000000E+0 -1.25567322E+1 -1.00000000E+2 9.81209500E+5 0.00000000E+0 7.31988996E+1 4.53405805E-1 3.26392800E+1 2.51674687E-3 9.11578536E-2 2.39636124E-3 -7.05346465E-2 7.52420212E-3
09 16 2014 22 59 40 68 2.50379363E+1 -1.25567322E+1 -1.00000000E+2 9.81213400E+5 0.00000000E+0 7.31596351E+1 4.61203368E-1 3.26366499E+1 2.19615684E-3 1.16705894E-1 2.46199172E-3 -7.91475177E-2 6.32917415E-3
09 16 2014 22 59 43 71 3.50531108E+1 -1.25567322E+1 -1.00000000E+2 9.81216600E+5 0.00000000E+0 7.32121468E+1 4.62182401E-1 3.26328099E+1 3.39832321E-3 1.17367506E-1 2.31041304E-3 -8.52406025E-2 1.05736815E-2
09 16 2014 22 59 47 74 4.50682853E+1 -1.25567322E+1 -1.00000000E+2 9.81219800E+5 0.00000000E+0 7.31510520E+1 4.39744187E-1 3.26303363E+1 2.26939713E-3 1.24692917E-1 2.26745180E-3 -8.55028629E-2 6.24682480E-3
09 16 2014 22 59 50 78 5.49317147E+1 -1.25567322E+1 -1.00000000E+2 9.81223000E+5 0.00000000E+0 7.32121617E+1 4.70749866E-1 3.26201096E+1 2.93481513E-3 1.29669905E-1 2.38637029E-3 -8.32304358E-2 7.74074042E-3
09 16 2014 22 59 53 81 6.49468892E+1 -1.25567322E+1 -1.00000000E+2 9.81226200E+5 0.00000000E+0 7.31247067E+1 4.34087854E-1 3.26123059E+1 3.34105728E-3 1.32036209E-1 3.05505977E-3 -8.78572464E-2 8.53667142E-3
09 16 2014 23 00 00 88 -6.49468892E+1 0.00000000E+0 -1.00000000E+2 9.81233600E+5 0.00000000E+0 7.32512027E+1 4.06544337E-1 3.26129198E+1 3.21408525E-3 1.38431787E-2 3.50020209E-3 -5.24520874E-2 1.09093978E-2
09 16 2014 23 00 04 91 -5.49317147E+1 0.00000000E+0 -1.00000000E+2 9.81236800E+5 0.00000000E+0 7.31419921E+1 4.19524265E-1 3.26153398E+1 3.79840846E-3 2.70128250E-2 4.40105049E-3 -5.78582287E-2 1.42278527E-2
09 16 2014 23 00 07 95 -4.50682853E+1 0.00000000E+0 -1.00000000E+2 9.81240000E+5 0.00000000E+0 7.32032657E+1 4.42322231E-1 3.26202929E+1 2.40613067E-3 4.23014164E-2 3.76004893E-3 -6.09159470E-2 6.76796309E-3
09 16 2014 23 00 10 98 -3.50531108E+1 0.00000000E+0 -1.00000000E+2 9.81243200E+5 0.00000000E+0 7.31511116E+1 4.71867590E-1 3.26223910E+1 2.71521720E-3 4.80115414E-2 2.24719870E-3 -6.70015812E-2 1.06230109E-2
09 16 2014 23 00 13 101 -2.50379363E+1 0.00000000E+0 -1.00000000E+2 9.81246400E+5 0.00000000E+0 7.31818378E+1 4.61164825E-1 3.26234400E+1 2.59664724E-3 6.08116388E-2 2.55225762E-3 -7.16149807E-2 7.60918912E-3
09 16 2014 23 00 17 105 0.00000000E+0 0.00000000E+0 -1.00000000E+2 9.81250200E+5 0.00000000E+0 7.31763840E+1 4.28166495E-1 3.26213717E+1 3.29089921E-3 9.19580460E-2 2.92856197E-3 -7.92443752E-2 6.40490522E-3
09 16 2014 23 00 21 109 2.50379363E+1 0.00000000E+0 -1.00000000E+2 9.81254100E+5 0.00000000E+0 7.31485486E+1 4.45466213E-1 3.26242328E+1 2.87481901E-3 1.17379427E-1 3.19621215E-3 -9.07659531E-2 5.71634402E-3
09 16 2014 23 00 24 112 3.50531108E+1 0.00000000E+0 -1.00000000E+2 9.81257300E+5 0.00000000E+0 7.32133985E+1 4.42672792E-1 3.26204419E+1 2.69792509E-3 1.20753050E-1 3.05213890E-3 -9.50813293E-2 9.82609470E-3
09 16 2014 23 00 27 115 4.50682853E+1 0.00000000E+0 -1.00000000E+2 9.81260500E+5 0.00000000E+0 7.31570125E+1 4.27112879E-1 3.26170266E+1 3.12287506E-3 1.29300356E-1 2.78048851E-3 -9.31799412E-2 6.06831736E-3
09 16 2014 23 00 30 118 5.49317147E+1 0.00000000E+0 -1.00000000E+2 9.81263700E+5 0.00000000E+0 7.31878281E+1 4.45286343E-1 3.26136410E+1 2.80358006E-3 1.40738487E-1 2.17876658E-3 -9.02473927E-2 5.67907311E-3
09 16 2014 23 00 34 122 6.49468892E+1 0.00000000E+0 -1.00000000E+2 9.81266900E+5 0.00000000E+0 7.31173754E+1 4.49944214E-1 3.26093256E+1 2.80272623E-3 1.36649609E-1 2.73159226E-3 -9.61601734E-2 8.67583271E-3
09 16 2014 23 00 41 129 -6.49468892E+1 1.25567322E+1 -1.00000000E+2 9.81274200E+5 0.00000000E+0 7.31510520E+1 4.41872754E-1 3.26020718E+1 3.02271925E-3 8.83936882E-3 2.79845319E-3 -5.82516193E-2 9.96192980E-3
09 16 2014 23 00 44 132 -5.49317147E+1 1.25567322E+1 -1.00000000E+2 9.81277500E+5 0.00000000E+0 7.31151104E+1 4.34483093E-1 3.26066792E+1 2.62296796E-3 2.52485275E-2 2.33556716E-3 -5.96463680E-2 1.17967611E-2
09 16 2014 23 00 47 135 -4.50682853E+1 1.25567322E+1 -1.00000000E+2 9.81280700E+5 0.00000000E+0 7.31656551E+1 4.27993698E-1 3.26056123E+1 2.91363440E-3 3.75092030E-2 3.00317641E-3 -6.11364841E-2 5.41227518E-3
09 16 2014 23 00 51 138 -3.50531108E+1 1.25567322E+1 -1.00000000E+2 9.81283900E+5 0.00000000E+0 7.31326640E+1 4.45554481E-1 3.26100364E+1 2.58850513E-3 5.07757068E-2 1.90708474E-3 -6.18472695E-2 9.94400981E-3
09 16 2014 23 00 54 142 -2.50379363E+1 1.25567322E+1 -1.00000000E+2 9.81287100E+5 0.00000000E+0 7.30796456E+1 4.56550082E-1 3.26101661E+1 2.45798850E-3 6.31093979E-2 2.92881735E-3 -6.92069530E-2 8.49948331E-3
09 16 2014 23 00 58 146 0.00000000E+0 1.25567322E+1 -1.00000000E+2 9.81290900E+5 0.00000000E+0 7.31372833E+1 4.49296434E-1 3.26132596E+1 2.54804399E-3 9.64760780E-2 2.34403814E-3 -8.18967819E-2 5.66027790E-3
09 16 2014 23 01 01 149 2.50379363E+1 1.25567322E+1 -1.00000000E+2 9.81294700E+5 0.00000000E+0 7.31225610E+1 4.47379494E-1 3.26116085E+1 3.11652775E-3 1.20216608E-1 1.69801950E-3 -9.02175903E-2 5.93702829E-3
09 16 2014 23 01 05 153 3.50531108E+1 1.25567322E+1 -1.00000000E+2 9.81298000E+5 0.00000000E+0 7.31742978E+1 4.50728860E-1 3.26125085E+1 2.68669478E-3 1.22457743E-1 3.21711095E-3 -9.44316387E-2 9.60156058E-3
09 16 2014 23 01 08 156 4.50682853E+1 1.25567322E+1 -1.00000000E+2 9.81301200E+5 0.00000000E+0 7.31226802E+1 4.38647748E-1 3.26110721E+1 3.44842620E-3 1.35950744E-1 2.88541277E-3 -9.23424959E-2 4.83816939E-3
09 16 2014 23 01 11 159 5.49317147E+1 1.25567322E+1 -1.00000000E+2 9.81304400E+5 0.00000000E+0 7.31148720E+1 4.48060465E-1 3.26105773E+1 2.88582263E-3 1.42472982E-1 2.57141955E-3 -9.06050205E-2 5.94758537E-3
09 16 2014 23 01 14 162 6.49468892E+1 1.25567322E+1 -1.00000000E+2 9.81307600E+5 0.00000000E+0 7.31804967E+1 4.52258952E-1 3.26065779E+1 2.68533731E-3 1.43873692E-1 2.42490258E-3 -9.53435898E-2 7.98047397E-3
09 16 2014 23 01 22 170 -6.49468892E+1 2.49621785E+1 -1.00000000E+2 9.81315000E+5 0.00000000E+0 7.32238591E+1 4.47166503E-1 3.25867012E+1 2.28785320E-3 2.60770321E-3 1.94905062E-3 -6.08637929E-2 9.23924227E-3
09 16 2014 23 01 25 173 -5.49317147E+1 2.49621785E+1 -1.00000000E+2 9.81318300E+5 0.00000000E+0 7.31121898E+1 4.34033403E-1 3.25881243E+1 2.10743115E-3 2.08675861E-2 2.61645846E-3 -6.49929047E-2 1.23031477E-2
09 16 2014 23 01 28 176 -4.50682853E+1 2.49621785E+1 -1.00000000E+2 9.81321500E+5 0.00000000E+0 7.31150508E+1 4.38328637E-1 3.25929165E+1 2.11861650E-3 3.76701355E-2 1.62441723E-3 -6.43908978E-2 8.35023018E-3
09 16 2014 23 01 31 179 -3.50531108E+1 2.49621785E+1 -1.00000000E+2 9.81324700E+5 0.00000000E+0 7.31216669E+1 4.32927304E-1 3.25887859E+1 2.61531477E-3 5.26666641E-2 2.17436809E-3 -6.70969486E-2 8.22314695E-3
09 16 2014 23 01 35 182 -2.50379363E+1 2.49621785E+1 -1.00000000E+2 9.81327900E+5 0.00000000E+0 7.30670989E+1 4.27161751E-1 3.25909182E+1 2.74749828E-3 6.35907054E-2 2.39883087E-3 -7.28890300E-2 9.84353760E-3
09 16 2014 23 01 38 186 0.00000000E+0 2.49621785E+1 -1.00000000E+2 9.81331700E+5 0.00000000E+0 7.31213689E+1 4.61919465E-1 3.25950205E+1 2.37358239E-3 9.68337059E-2 2.52440013E-3 -8.36551189E-2 5.44006360E-3
09 16 2014 23 01 42 190 2.50379363E+1 2.49621785E+1 -1.00000000E+2 9.81335500E+5 0.00000000E+0 7.31486678E+1 4.59843390E-1 3.25975180E+1 1.66785413E-3 1.23858452E-1 2.03410977E-3 -9.19640064E-2 5.38459338E-3
09 16 2014 23 01 45 193 3.50531108E+1 2.49621785E+1 -1.00000000E+2 9.81338800E+5 0.00000000E+0 7.30926991E+1 4.58899359E-1 3.25982332E+1 2.60560903E-3 1.31428242E-1 1.88942221E-3 -9.87648964E-2 1.18818080E-2
09 16 2014 23 01 49 197 4.50682853E+1 2.49621785E+1 -1.00000000E+2 9.81342000E+5 0.00000000E+0 7.31852055E+1 4.42926552E-1 3.25973630E+1 3.00845784E-3 1.38896704E-1 2.27149721E-3 -1.00725889E-1 6.85639978E-3
09 16 2014 23 01 52 200 5.49317147E+1 2.49621785E+1 -1.00000000E+2 9.81345200E+5 0.00000000E+0 7.32077658E+1 4.54227728E-1 3.25975195E+1 2.77707970E-3 1.50643289E-1 1.95722087E-3 -9.93087888E-2 5.50560568E-3
09 16 2014 23 01 55 203 6.49468892E+1 2.49621785E+1 -1.00000000E+2 9.81348400E+5 0.00000000E+0 7.31192827E+1 4.35220194E-1 3.25953424E+1 2.44167773E-3 1.55597925E-1 2.08526606E-3 -1.05357170E-1 8.30229068E-3
09 16 2014 23 02 03 211 -6.49468892E+1 -2.49621785E+1 -5.00000000E+1 9.81356200E+5 0.00000000E+0 7.31926560E+1 4.29661955E-1 3.26642454E+1 2.96891095E-3 4.38094139E-2 2.43001731E-3 -9.92357731E-2 5.54944868E-3
09 16 2014 23 02 06 214 -5.49317147E+1 -2.49621785E+1 -5.00000000E+1 9.81359400E+5 0.00000000E+0 7.31458664E+1 4.48568307E-1 3.26644838E+1 2.58800363E-3 5.24163246E-2 2.69548438E-3 -9.45806503E-2 1.47914310E-2
09 16 2014 23 02 09 217 -4.50682853E+1 -2.49621785E+1 -5.00000000E+1 9.81362700E+5 0.00000000E+0 7.31386244E+1 4.65824364E-1 3.26607898E+1 2.34086445E-3 5.97983599E-2 2.61169933E-3 -8.69110227E-2 9.29001379E-3
09 16 2014 23 02 13 220 -3.50531108E+1 -2.49621785E+1 -5.00000000E+1 9.81365900E+5 0.00000000E+0 7.31974244E+1 4.58220686E-1 3.26582074E+1 2.64189778E-3 6.77227974E-2 2.20283529E-3 -8.21650028E-2 9.46232937E-3
09 16 2014 23 02 16 224 -2.50379363E+1 -2.49621785E+1 -5.00000000E+1 9.81369100E+5 0.00000000E+0 7.31253624E+1 4.60272837E-1 3.26596141E+1 2.51132979E-3 7.65323639E-2 2.31381774E-3 -8.07225704E-2 1.07624044E-2
09 16 2014 23 02 20 228 0.00000000E+0 -2.49621785E+1 -5.00000000E+1 9.81372900E+5 0.00000000E+0 7.32102394E+1 4.61580009E-1 3.26646090E+1 3.59284596E-3 1.02055073E-1 2.24387625E-3 -8.09907913E-2 7.23659768E-3
09 16 2014 23 02 23 231 2.50379363E+1 -2.49621785E+1 -5.00000000E+1 9.81376700E+5 0.00000000E+0 7.32365996E+1 4.56912421E-1 3.26701924E+1 2.63340804E-3 1.28842890E-1 2.09221360E-3 -7.26953149E-2 6.17840311E-3
09 16 2014 23 02 27 235 3.50531108E+1 -2.49621785E+1 -5.00000000E+1 9.81380000E+5 0.00000000E+0 7.31588602E+1 4.58132115E-1 3.26672912E+1 3.45152637E-3 1.31541491E-1 2.85119614E-3 -6.76035881E-2 1.13889882E-2
09 16 2014 23 02 30 238 4.50682853E+1 -2.49621785E+1 -5.00000000E+1 9.81383200E+5 0.00000000E+0 7.32014775E+1 4.51036043E-1 3.26664507E+1 2.30425404E-3 1.44910812E-1 2.50694792E-3 -5.69522381E-2 9.19624126E-3
09 16 2014 23 02 33 241 5.49317147E+1 -2.49621785E+1 -5.00000000E+1 9.81386400E+5 0.00000000E+0 7.31592178E+1 4.40281315E-1 3.26650560E+1 2.10752875E-3 1.46615505E-1 2.42305122E-3 -4.44769859E-2 4.94121389E-3
09 16 2014 23 02 36 244 6.49468892E+1 -2.49621785E+1 -5.00000000E+1 9.81389600E+5 0.00000000E+0 7.32578337E+1 4.35018175E-1 3.26650590E+1 1.65803795E-3 1.45278871E-1 1.96060628E-3 -3.02866101E-2 7.40128341E-3
09 16 2014 23 02 44 252 -6.49468892E+1 -1.25567322E+1 -5.00000000E+1 9.81396900E+5 0.00000000E+0 7.31115937E+1 4.79270111E-1 3.26504946E+1 2.50551545E-3 2.96056271E-2 2.26589268E-3 -9.51588154E-2 1.08610255E-2
09 16 2014 23 02 47 255 -5.49317147E+1 -1.25567322E+1 -5.00000000E+1 9.81400200E+5 0.00000000E+0 7.31054544E+1 4.62432600E-1 3.26495230E+1 2.81609081E-3 4.36127186E-2 2.98719471E-3 -8.80300999E-2 1.66120154E-2
09 16 2014 23 02 50 258 -4.50682853E+1 -1.25567322E+1 -5.00000000E+1 9.81403400E+5 0.00000000E+0 7.31998682E+1 4.35360678E-1 3.26444030E+1 2.59850923E-3 5.08368015E-2 2.71907094E-3 -8.34822655E-2 9.18934383E-3
09 16 2014 23 02 53 261 -3.50531108E+1 -1.25567322E+1 -5.00000000E+1 9.81406600E+5 0.00000000E+0 7.31445551E+1 4.58982556E-1 3.26415718E+1 2.13923037E-3 6.10411167E-2 2.20777847E-3 -8.40306282E-2 1.15773545E-2
09 16 2014 23 02 57 264 -2.50379363E+1 -1.25567322E+1 -5.00000000E+1 9.81409800E+5 0.00000000E+0 7.32149929E+1 4.34529709E-1 3.26436982E+1 2.82208743E-3 7.04452395E-2 2.06406275E-3 -8.28132033E-2 9.47642311E-3
09 16 2014 23 03 00 268 0.00000000E+0 -1.25567322E+1 -5.00000000E+1 9.81413600E+5 0.00000000E+0 7.31153786E+1 4.56122404E-1 3.26464549E+1 2.88073016E-3 9.84519720E-2 1.32451124E-3 -8.04662704E-2 7.27769214E-3
09 16 2014 23 03 04 272 2.50379363E+1 -1.25567322E+1 -5.00000000E+1 9.81417400E+5 0.00000000E+0 7.31261373E+1 4.57654232E-1 3.26490998E+1 3.02951619E-3 1.22958422E-1 2.48419268E-3 -7.67052174E-2 6.12697357E-3
09 16 2014 23 03 07 275 3.50531108E+1 -1.25567322E+1 -5.00000000E+1 9.81420600E+5 0.00000000E+0 7.31703043E+1 4.65450851E-1 3.26506138E+1 2.48723924E-3 1.23298168E-1 2.27867223E-3 -8.07046890E-2 9.36205449E-3
09 16 2014 23 03 11 279 4.50682853E+1 -1.25567322E+1 -5.00000000E+1 9.81423900E+5 0.00000000E+0 7.31171966E+1 4.54836376E-1 3.26519668E+1 2.71439069E-3 1.39325857E-1 2.37377145E-3 -6.99520111E-2 9.86424694E-3
09 16 2014 23 03 14 282 5.49317147E+1 -1.25567322E+1 -5.00000000E+1 9.81427300E+5 0.00000000E+0 7.30840862E+1 4.42048422E-1 3.26530784E+1 3.10245850E-3 1.47186220E-1 2.71305913E-3 -5.64306974E-2 1.06875965E-2
09 16 2014 23 03 17 285 6.49468892E+1 -1.25567322E+1 -5.00000000E+1 9.81430500E+5 0.00000000E+0 7.31234550E+1 4.57243208E-1 3.26567709E+1 2.47387432E-3 1.43629313E-1 1.81131858E-3 -4.78625298E-2 8.63073350E-3
09 16 2014 23 03 25 292 -6.49468892E+1 0.00000000E+0 -5.00000000E+1 9.81437800E+5 0.00000000E+0 7.32174516E+1 4.49548858E-1 3.26379240E+1 2.08053511E-3 2.17407942E-2 1.68805012E-3 -1.02244318E-1 1.04224393E-2
09 16 2014 23 03 28 296 -5.49317147E+1 0.00000000E+0 -5.00000000E+1 9.81441100E+5 0.00000000E+0 7.30981231E+1 4.15760195E-1 3.26370835E+1 2.96730450E-3 3.51130962E-2 2.95020968E-3 -9.78648663E-2 1.66995366E-2
09 16 2014 23 03 31 299 -4.50682853E+1 0.00000000E+0 -5.00000000E+1 9.81444300E+5 0.00000000E+0 7.31118917E+1 4.21136521E-1 3.26336682E+1 2.55191570E-3 4.79876995E-2 2.17741877E-3 -8.90016556E-2 1.22529400E-2
09 16 2014 23 03 34 302 -3.50531108E+1 0.00000000E+0 -5.00000000E+1 9.81447500E+5 0.00000000E+0 7.31772184E+1 4.52566781E-1 3.26320380E+1 2.28221715E-3 5.63561916E-2 2.59445720E-3 -8.42809677E-2 7.76710502E-3
09 16 2014 23 03 37 305 -2.50379363E+1 0.00000000E+0 -5.00000000E+1 9.81450700E+5 0.00000000E+0 7.31284022E+1 4.40989658E-1 3.26329410E+1 2.62102822E-3 6.94453716E-2 2.79957549E-3 -8.55207443E-2 1.10751174E-2
09 16 2014 23 03 41 309 0.00000000E+0 0.00000000E+0 -5.00000000E+1 9.81454500E+5 0.00000000E+0 7.30753541E+1 4.62416972E-1 3.26309383E+1 2.30094083E-3 1.00314617E-1 1.98818043E-3 -8.61167908E-2 8.72064295E-3
09 16 2014 23 03 45 313 2.50379363E+1 0.00000000E+0 -5.00000000E+1 9.81458300E+5 0.00000000E+0 7.31174946E+1 4.17418259E-1 3.26368093E+1 2.21113825E-3 1.24645233E-1 1.71769398E-3 -8.41140747E-2 6.02826656E-3
09 16 2014 23 03 48 316 3.50531108E+1 0.00000000E+0 -5.00000000E+1 9.81461500E+5 0.00000000E+0 7.31359720E+1 4.44937084E-1 3.26372445E+1 2.59752321E-3 1.29783154E-1 2.30445690E-3 -8.34643841E-2 1.04750256E-2
09 16 2014 23 03 52 319 4.50682853E+1 0.00000000E+0 -5.00000000E+1 9.81464800E+5 0.00000000E+0 7.30539113E+1 4.23842359E-1 3.26400772E+1 2.27154180E-3 1.38111413E-1 1.58565907E-3 -7.44834542E-2 7.52162047E-3
09 16 2014 23 03 55 323 5.49317147E+1 0.00000000E+0 -5.00000000E+1 9.81468000E+5 0.00000000E+0 7.31248260E+1 4.22865529E-1 3.26436222E+1 2.26331654E-3 1.43468380E-1 2.48540423E-3 -5.81204891E-2 6.95754047E-3
09 16 2014 23 03 58 326 6.49468892E+1 0.00000000E+0 -5.00000000E+1 9.81471200E+5 0.00000000E+0 7.31197000E+1 4.34353703E-1 3.26502919E+1 2.54576073E-3 1.42759085E-1 2.45329035E-3 -4.81724739E-2 7.42529292E-3
09 16 2014 23 04 05 333 -6.49468892E+1 1.25567322E+1 -5.00000000E+1 9.81478500E+5 0.00000000E+0 7.31192827E+1 4.26352627E-1 3.26293886E+1 2.25431006E-3 1.26779079E-2 1.40000480E-3 -9.88721848E-2 8.53136030E-3
09 16 2014 23 04 08 336 -5.49317147E+1 1.25567322E+1 -5.00000000E+1 9.81481700E+5 0.00000000E+0 7.31188059E+1 4.24742073E-1 3.26257765E+1 2.59861717E-3 2.97188759E-2 2.15276197E-3 -9.54568386E-2 1.38187481E-2
09 16 2014 23 04 12 340 -4.50682853E+1 1.25567322E+1 -5.00000000E+1 9.81485000E+5 0.00000000E+0 7.31590390E+1 4.68923243E-1 3.26242223E+1 3.11231956E-3 4.17605042E-2 2.66621155E-3 -8.69855285E-2 1.25601356E-2
09 16 2014 23 04 15 343 -3.50531108E+1 1.25567322E+1 -5.00000000E+1 9.81488200E+5 0.00000000E+0 7.31099844E+1 4.44547425E-1 3.26210439E+1 2.52148746E-3 5.16712666E-2 2.34288118E-3 -8.34822655E-2 9.25616793E-3
09 16 2014 23 04 18 346 -2.50379363E+1 1.25567322E+1 -5.00000000E+1 9.81491400E+5 0.00000000E+0 7.31248260E+1 4.37893507E-1 3.26218903E+1 2.66977126E-3 6.11007214E-2 2.27846708E-3 -8.55684280E-2 1.08658948E-2
09 16 2014 23 04 22 350 0.00000000E+0 1.25567322E+1 -5.00000000E+1 9.81495200E+5 0.00000000E+0 7.31124282E+1 4.51349513E-1 3.26222599E+1 2.14027901E-3 9.29117203E-2 2.48145887E-3 -8.68797302E-2 8.61339274E-3
09 16 2014 23 04 26 354 2.50379363E+1 1.25567322E+1 -5.00000000E+1 9.81499000E+5 0.00000000E+0 7.31503367E+1 4.41549168E-1 3.26253235E+1 3.06729463E-3 1.24865770E-1 1.94250315E-3 -8.50558281E-2 6.79845093E-3
09 16 2014 23 04 29 357 3.50531108E+1 1.25567322E+1 -5.00000000E+1 9.81502300E+5 0.00000000E+0 7.31962174E+1 4.22932645E-1 3.26292366E+1 2.64808351E-3 1.28172338E-1 2.33529294E-3 -8.36029649E-2 1.24795459E-2
09 16 2014 23 04 32 360 4.50682853E+1 1.25567322E+1 -5.00000000E+1 9.81505500E+5 0.00000000E+0 7.31168985E+1 4.29213025E-1 3.26315343E+1 2.59804146E-3 1.41811371E-1 2.74587522E-3 -7.30037689E-2 8.92528243E-3
09 16 2014 23 04 35 363 5.49317147E+1 1.25567322E+1 -5.00000000E+1 9.81508700E+5 0.00000000E+0 7.31377006E+1 4.13818351E-1 3.26365292E+1 2.94335666E-3 1.50531530E-1 2.12681745E-3 -6.66618347E-2 5.21913463E-3
09 16 2014 23 04 39 366 6.49468892E+1 1.25567322E+1 -5.00000000E+1 9.81511900E+5 0.00000000E+0 7.32100010E+1 4.52159018E-1 3.26375812E+1 2.73294500E-3 1.56730413E-1 2.43782268E-3 -5.75780869E-2 8.40393082E-3
09 16 2014 23 04 46 374 -6.49468892E+1 2.49621785E+1 -5.00000000E+1 9.81519200E+5 0.00000000E+0 7.30960965E+1 4.30073100E-1 3.26142669E+1 2.23793520E-3 8.64267349E-3 3.03297060E-3 -1.02323294E-1 1.04358238E-2
09 16 2014 23 04 49 377 -5.49317147E+1 2.49621785E+1 -5.00000000E+1 9.81522500E+5 0.00000000E+0 7.30649382E+1 4.39362537E-1 3.26110795E+1 3.35822499E-3 2.41175294E-2 2.69026562E-3 -9.89437103E-2 1.38584580E-2
09 16 2014 23 04 52 380 -4.50682853E+1 2.49621785E+1 -5.00000000E+1 9.81525700E+5 0.00000000E+0 7.30985403E+1 4.23521758E-1 3.26098680E+1 2.54337985E-3 3.84151936E-2 2.62399430E-3 -9.34183598E-2 1.04650245E-2
09 16 2014 23 04 56 383 -3.50531108E+1 2.49621785E+1 -5.00000000E+1 9.81528900E+5 0.00000000E+0 7.30976462E+1 4.35606859E-1 3.26059163E+1 2.45584994E-3 4.91619110E-2 1.91611234E-3 -8.96275043E-2 7.96073765E-3
09 16 2014 23 04 59 387 -2.50379363E+1 2.49621785E+1 -5.00000000E+1 9.81532100E+5 0.00000000E+0 7.30977654E+1 4.37213316E-1 3.26063693E+1 2.11043684E-3 6.28054142E-2 2.61611541E-3 -8.89360905E-2 1.23679566E-2
09 16 2014 23 05 03 390 0.00000000E+0 2.49621785E+1 -5.00000000E+1 9.81535900E+5 0.00000000E+0 7.31381774E+1 4.62593791E-1 3.26061308E+1 1.99792815E-3 9.86874104E-2 2.73574418E-3 -8.74578953E-2 7.25609262E-3
09 16 2014 23 05 06 394 2.50379363E+1 2.49621785E+1 -5.00000000E+1 9.81539700E+5 0.00000000E+0 7.31885433E+1 4.22835423E-1 3.26120034E+1 2.56072311E-3 1.31085515E-1 2.18682177E-3 -8.93622637E-2 5.84504514E-3
09 16 2014 23 05 10 398 3.50531108E+1 2.49621785E+1 -5.00000000E+1 9.81542900E+5 0.00000000E+0 7.31072426E+1 4.53234415E-1 3.26165617E+1 1.92043052E-3 1.39534473E-1 1.77090690E-3 -8.76188278E-2 1.09294079E-2
09 16 2014 23 05 13 401 4.50682853E+1 2.49621785E+1 -5.00000000E+1 9.81546200E+5 0.00000000E+0 7.31069446E+1 4.36337451E-1 3.26198161E+1 2.26291995E-3 1.48791075E-1 2.07894374E-3 -8.16881657E-2 7.75452583E-3
09 16 2014 23 05 16 404 5.49317147E+1 2.49621785E+1 -5.00000000E+1 9.81549400E+5 0.00000000E+0 7.31416345E+1 4.22921029E-1 3.26246738E+1 2.39432838E-3 1.61427259E-1 2.41357948E-3 -7.29203224E-2 7.69247350E-3
09 16 2014 23 05 19 407 6.49468892E+1 2.49621785E+1 -5.00000000E+1 9.81552600E+5 0.00000000E+0 7.30717927E+1 4.46916558E-1 3.26280966E+1 3.01726499E-3 1.65879726E-1 2.03379107E-3 -6.56619668E-2 5.51398807E-3
09 16 2014 23 05 27 415 -6.49468892E+1 -2.49621785E+1 0.00000000E+0 9.81560400E+5 0.00000000E+0 7.31160641E+1 4.67590282E-1 3.26953232E+1 2.41655258E-3 1.42455101E-2 2.39404722E-3 -1.11675262E-1 7.83299999E-3
09 16 2014 23 05 30 418 -5.49317147E+1 -2.49621785E+1 0.00000000E+0 9.81563600E+5 0.00000000E+0 7.31504560E+1 4.43570108E-1 3.26881766E+1 2.25657333E-3 3.05473804E-2 2.45097223E-3 -1.02204084E-1 1.31829507E-2
09 16 2014 23 05 34 421 -4.50682853E+1 -2.49621785E+1 0.00000000E+0 9.81566800E+5 0.00000000E+0 7.31095672E+1 4.54675787E-1 3.26815009E+1 2.41909693E-3 4.20928001E-2 2.41191326E-3 -9.79304314E-2 1.50074431E-2
09 16 2014 23 05 37 425 -3.50531108E+1 -2.49621785E+1 0.00000000E+0 9.81570100E+5 0.00000000E+0 7.30959326E+1 4.76084894E-1 3.26789021E+1 2.38498039E-3 4.86522913E-2 3.08316032E-3 -9.79304314E-2 1.16981512E-2
09 16 2014 23 05 40 428 -2.50379363E+1 -2.49621785E+1 0.00000000E+0 9.81573300E+5 0.00000000E+0 7.31648207E+1 4.46345383E-1 3.26798081E+1 2.84342730E-3 5.98073006E-2 2.58673894E-3 -9.74178314E-2 1.16404746E-2
09 16 2014 23 05 44 432 0.00000000E+0 -2.49621785E+1 0.00000000E+0 9.81577100E+5 0.00000000E+0 7.31063485E+1 4.37466460E-1 3.26782763E+1 2.61199524E-3 9.54031944E-2 2.37950694E-3 -1.05142593E-1 1.06802056E-2
09 16 2014 23 05 48 435 2.50379363E+1 -2.49621785E+1 0.00000000E+0 9.81580900E+5 0.00000000E+0 7.30832219E+1 4.54677498E-1 3.26819420E+1 2.25355513E-3 1.24680996E-1 2.99734922E-3 -1.02341175E-1 1.13512693E-2
09 16 2014 23 05 51 439 3.50531108E+1 -2.49621785E+1 0.00000000E+0 9.81584100E+5 0.00000000E+0 7.31338263E+1 4.49521593E-1 3.26869845E+1 3.55048245E-3 1.33150816E-1 2.17363700E-3 -1.08999014E-1 1.38753767E-2
09 16 2014 23 05 54 442 4.50682853E+1 -2.49621785E+1 0.00000000E+0 9.81587300E+5 0.00000000E+0 7.30872899E+1 4.78942608E-1 3.26906964E+1 2.94102267E-3 1.48713589E-1 3.00192882E-3 -9.63211060E-2 1.67871062E-2
09 16 2014 23 05 57 445 5.49317147E+1 -2.49621785E+1 0.00000000E+0 9.81590600E+5 0.00000000E+0 7.31053352E+1 4.51768955E-1 3.26988816E+1 2.49902923E-3 1.61486864E-1 2.22458548E-3 -9.22083855E-2 1.30109545E-2
09 16 2014 23 06 01 448 6.49468892E+1 -2.49621785E+1 0.00000000E+0 9.81593800E+5 0.00000000E+0 7.31417537E+1 4.51046424E-1 3.27075660E+1 2.83066085E-3 1.66559219E-1 3.01617977E-3 -9.03010368E-2 1.06270955E-2
09 16 2014 23 06 08 456 -6.49468892E+1 -1.25567322E+1 0.00000000E+0 9.81601100E+5 0.00000000E+0 7.31538534E+1 4.43683308E-1 3.26856554E+1 2.46235878E-3 1.18076801E-2 1.84697474E-3 -9.55998898E-2 7.64060873E-3
09 16 2014 23 06 11 459 -5.49317147E+1 -1.25567322E+1 0.00000000E+0 9.81604300E+5 0.00000000E+0 7.30774403E+1 4.54492288E-1 3.26802194E+1 2.89208792E-3 2.35974789E-2 2.26463800E-3 -9.64999199E-2 1.53449870E-2
09 16 2014 23 06 14 462 -4.50682853E+1 -1.25567322E+1 0.00000000E+0 9.81607500E+5 0.00000000E+0 7.31386244E+1 4.24610677E-1 3.26711014E+1 2.47560270E-3 3.90335917E-2 3.63408335E-3 -9.44063067E-2 1.36606057E-2
09 16 2014 23 06 17 465 -3.50531108E+1 -1.25567322E+1 0.00000000E+0 9.81610700E+5 0.00000000E+0 7.31191635E+1 4.59171171E-1 3.26727092E+1 2.57728836E-3 4.60088253E-2 2.08906459E-3 -9.33289528E-2 1.44954152E-2
09 16 2014 23 06 21 469 -2.50379363E+1 -1.25567322E+1 0.00000000E+0 9.81614000E+5 0.00000000E+0 7.30832219E+1 4.68971650E-1 3.26695144E+1 2.83999912E-3 5.82695007E-2 1.93057847E-3 -9.29653645E-2 7.97500581E-3
09 16 2014 23 06 25 472 0.00000000E+0 -1.25567322E+1 0.00000000E+0 9.81617800E+5 0.00000000E+0 7.31096268E+1 4.37412964E-1 3.26677799E+1 2.27094561E-3 9.18328762E-2 1.63418364E-3 -9.42468643E-2 8.16666293E-3
09 16 2014 23 06 28 476 2.50379363E+1 -1.25567322E+1 0.00000000E+0 9.81621600E+5 0.00000000E+0 7.31095672E+1 4.54262377E-1 3.26728344E+1 2.32394560E-3 1.20329857E-1 1.80930444E-3 -9.81450081E-2 8.95712832E-3
09 16 2014 23 06 32 479 3.50531108E+1 -1.25567322E+1 0.00000000E+0 9.81624800E+5 0.00000000E+0 7.30333477E+1 4.55245531E-1 3.26783881E+1 2.58996871E-3 1.30474567E-1 2.47504056E-3 -9.77590680E-2 1.14476898E-2
09 16 2014 23 06 35 483 4.50682853E+1 -1.25567322E+1 0.00000000E+0 9.81628000E+5 0.00000000E+0 7.30921030E+1 4.50320201E-1 3.26823115E+1 2.45463904E-3 1.42532587E-1 2.39803502E-3 -9.02235508E-2 1.73927033E-2
09 16 2014 23 06 38 486 5.49317147E+1 -1.25567322E+1 0.00000000E+0 9.81631200E+5 0.00000000E+0 7.31330514E+1 4.63170739E-1 3.26913059E+1 2.94157734E-3 1.54274702E-1 1.64921806E-3 -8.74340534E-2 1.25237243E-2
09 16 2014 23 06 41 489 6.49468892E+1 -1.25567322E+1 0.00000000E+0 9.81634500E+5 0.00000000E+0 7.30735064E+1 4.54985488E-1 3.26998532E+1 1.35814909E-3 1.59606338E-1 1.19199355E-3 -7.92965293E-2 9.85337373E-3
09 16 2014 23 06 49 496 -6.49468892E+1 0.00000000E+0 0.00000000E+0 9.81641800E+5 0.00000000E+0 7.30936527E+1 4.59230589E-1 3.26705933E+1 2.79452826E-3 1.01625919E-2 1.75877563E-3 -8.92817974E-2 8.44102744E-3
09 16 2014 23 06 52 500 -5.49317147E+1 0.00000000E+0 0.00000000E+0 9.81645000E+5 0.00000000E+0 7.30636716E+1 4.61290868E-1 3.26610208E+1 2.40042244E-3 2.23219395E-2 3.03847307E-3 -8.88034701E-2 1.19352627E-2
09 16 2014 23 06 55 503 -4.50682853E+1 0.00000000E+0 0.00000000E+0 9.81648200E+5 0.00000000E+0 7.31142759E+1 4.57367133E-1 3.26568663E+1 2.37987624E-3 3.67701054E-2 1.83763719E-3 -7.78138638E-2 1.42607018E-2
09 16 2014 23 06 58 506 -3.50531108E+1 0.00000000E+0 0.00000000E+0 9.81651400E+5 0.00000000E+0 7.30770230E+1 4.37415850E-1 3.26507032E+1 1.93942039E-3 5.09440899E-2 3.18495995E-3 -8.03411007E-2 1.11690680E-2
09 16 2014 23 07 01 509 -2.50379363E+1 0.00000000E+0 0.00000000E+0 9.81654700E+5 0.00000000E+0 7.30977654E+1 4.27207921E-1 3.26501071E+1 2.42477149E-3 6.04391098E-2 2.02119934E-3 -8.19444656E-2 1.15722820E-2
09 16 2014 23 07 05 513 1.06221548E+0 0.00000000E+0 0.00000000E+0 9.81658500E+5 0.00000000E+0 7.31366873E+1 4.67642712E-1 3.26496884E+1 3.43437770E-3 9.34600830E-2 2.25554561E-3 -8.45640898E-2 5.77410799E-3
09 16 2014 23 07 09 517 2.50379363E+1 0.00000000E+0 0.00000000E+0 9.81662300E+5 0.00000000E+0 7.31687993E+1 4.63184974E-1 3.26589271E+1 2.93247381E-3 1.22152269E-1 2.91700650E-3 -8.86693597E-2 9.64119639E-3
09 16 2014 23 07 12 520 3.50531108E+1 0.00000000E+0 0.00000000E+0 9.81665500E+5 0.00000000E+0 7.30983615E+1 4.55083629E-1 3.26656342E+1 3.14533755E-3 1.33693218E-1 2.33873538E-3 -8.67545605E-2 1.23115509E-2
09 16 2014 23 07 15 523 4.50682853E+1 0.00000000E+0 0.00000000E+0 9.81668700E+5 0.00000000E+0 7.31080174E+1 4.52853032E-1 3.26743603E+1 2.99322908E-3 1.42604113E-1 2.03369606E-3 -8.25583935E-2 1.32912787E-2
09 16 2014 23 07 19 527 5.49317147E+1 0.00000000E+0 0.00000000E+0 9.81672000E+5 0.00000000E+0 7.31893629E+1 4.49311334E-1 3.26832533E+1 2.52393591E-3 1.55195594E-1 2.17465758E-3 -7.21290708E-2 1.14389968E-2
09 16 2014 23 07 22 530 6.49468892E+1 0.00000000E+0 0.00000000E+0 9.81675200E+5 0.00000000E+0 7.30822086E+1 4.55010540E-1 3.26943040E+1 2.93919264E-3 1.59740448E-1 2.25620871E-3 -7.04050064E-2 8.29650499E-3
09 16 2014 23 07 29 537 -6.49468892E+1 1.25567322E+1 0.00000000E+0 9.81682500E+5 0.00000000E+0 7.30143487E+1 4.28680732E-1 3.26524973E+1 2.86333997E-3 1.24871731E-2 1.11870577E-3 -7.84695148E-2 5.77306191E-3
09 16 2014 23 07 32 540 -5.49317147E+1 1.25567322E+1 0.00000000E+0 9.81685700E+5 0.00000000E+0 7.31083751E+1 4.42771386E-1 3.26443851E+1 2.22431649E-3 2.62737274E-2 1.91923254E-3 -7.88986683E-2 1.22009366E-2
09 16 2014 23 07 36 544 -4.50682853E+1 1.25567322E+1 0.00000000E+0 9.81688900E+5 0.00000000E+0 7.30617046E+1 4.55553126E-1 3.26363504E+1 2.78779559E-3 3.99172306E-2 3.08741885E-3 -7.31348991E-2 1.50509881E-2
09 16 2014 23 07 39 547 -3.50531108E+1 1.25567322E+1 0.00000000E+0 9.81692200E+5 0.00000000E+0 7.30533898E+1 4.51993436E-1 3.26339751E+1 2.24285660E-3 4.92781401E-2 2.78785819E-3 -7.16000795E-2 1.21202397E-2
09 16 2014 23 07 42 550 -2.50379363E+1 1.25567322E+1 0.00000000E+0 9.81695400E+5 0.00000000E+0 7.31256604E+1 4.39278655E-1 3.26303184E+1 3.22537691E-3 6.31928444E-2 2.37535422E-3 -7.77900219E-2 9.04424625E-3
09 16 2014 23 07 46 554 0.00000000E+0 1.25567322E+1 0.00000000E+0 9.81699200E+5 0.00000000E+0 7.31018186E+1 4.44622621E-1 3.26347649E+1 3.03922171E-3 9.56475735E-2 1.67665406E-3 -7.71403313E-2 7.91150643E-3
09 16 2014 23 07 50 558 2.50379363E+1 1.25567322E+1 0.00000000E+0 9.81703000E+5 0.00000000E+0 7.31026530E+1 4.50718406E-1 3.26456070E+1 2.25541296E-3 1.24192238E-1 2.28440912E-3 -8.50558281E-2 1.13691116E-2
09 16 2014 23 07 53 561 3.50531108E+1 1.25567322E+1 0.00000000E+0 9.81706200E+5 0.00000000E+0 7.31403232E+1 4.68430397E-1 3.26534569E+1 2.32010448E-3 1.35290623E-1 2.74519417E-3 -8.45432281E-2 1.17957038E-2
09 16 2014 23 07 56 564 4.50682853E+1 1.25567322E+1 0.00000000E+0 9.81709500E+5 0.00000000E+0 7.30791688E+1 4.46335351E-1 3.26574445E+1 3.29127040E-3 1.45129859E-1 1.86717357E-3 -7.38725066E-2 1.47470914E-2
09 16 2014 23 07 59 567 5.49317147E+1 1.25567322E+1 0.00000000E+0 9.81712700E+5 0.00000000E+0 7.31033087E+1 4.44802348E-1 3.26712132E+1 2.86154575E-3 1.57362223E-1 1.67808094E-3 -7.02500343E-2 1.26015761E-2
09 16 2014 23 08 03 570 6.49468892E+1 1.25567322E+1 0.00000000E+0 9.81715900E+5 0.00000000E+0 7.31304288E+1 4.71135432E-1 3.26857805E+1 2.61820877E-3 1.60288811E-1 2.37173039E-3 -6.65843487E-2 9.61558751E-3
09 16 2014 23 08 10 578 -6.49468892E+1 2.49621785E+1 0.00000000E+0 9.81723200E+5 0.00000000E+0 7.31339455E+1 4.41433481E-1 3.26408267E+1 2.22546787E-3 4.73260880E-3 2.00936015E-3 -8.33630562E-2 7.52168904E-3
09 16 2014 23 08 13 581 -5.49317147E+1 2.49621785E+1 0.00000000E+0 9.81726400E+5 0.00000000E+0 7.30834007E+1 4.56774028E-1 3.26347470E+1 2.15581721E-3 1.94728374E-2 1.89802241E-3 -7.98225403E-2 1.37724763E-2
09 16 2014 23 08 16 584 -4.50682853E+1 2.49621785E+1 0.00000000E+0 9.81729600E+5 0.00000000E+0 7.31459260E+1 4.35454019E-1 3.26311231E+1 2.63401565E-3 3.19182873E-2 3.26167252E-3 -7.92682171E-2 1.41192095E-2
09 16 2014 23 08 20 587 -3.50531108E+1 2.49621785E+1 0.00000000E+0 9.81732800E+5 0.00000000E+0 7.31424987E+1 4.51502489E-1 3.26288790E+1 3.18532784E-3 4.63873148E-2 1.61754604E-3 -7.77468085E-2 1.59757183E-2
09 16 2014 23 08 23 591 -2.50379363E+1 2.49621785E+1 0.00000000E+0 9.81736100E+5 0.00000000E+0 7.30837584E+1 4.68245850E-1 3.26225579E+1 2.96961625E-3 5.75840473E-2 2.15080677E-3 -8.01980495E-2 7.50424484E-3
09 16 2014 23 08 27 594 0.00000000E+0 2.49621785E+1 0.00000000E+0 9.81739900E+5 0.00000000E+0 7.31308460E+1 4.33992375E-1 3.26201558E+1 2.68714712E-3 9.27388668E-2 2.87652911E-3 -8.42332840E-2 6.76645997E-3
09 16 2014 23 08 30 598 2.50379363E+1 2.49621785E+1 0.00000000E+0 9.81743700E+5 0.00000000E+0 7.31152296E+1 4.61248180E-1 3.26368809E+1 3.13638378E-3 1.26200914E-1 1.85013068E-3 -8.65161419E-2 8.56927855E-3
09 16 2014 23 08 34 601 3.50531108E+1 2.49621785E+1 0.00000000E+0 9.81746900E+5 0.00000000E+0 7.30089843E+1 4.18603297E-1 3.26446891E+1 2.63377901E-3 1.37679279E-1 2.50527476E-3 -8.36700201E-2 1.01587836E-2
09 16 2014 23 08 37 605 4.50682853E+1 2.49621785E+1 0.00000000E+0 9.81750100E+5 0.00000000E+0 7.31086135E+1 4.47154945E-1 3.26473057E+1 2.41704774E-3 1.47742033E-1 1.94011444E-3 -7.61091709E-2 1.58922936E-2
09 16 2014 23 08 40 608 5.49317147E+1 2.49621785E+1 0.00000000E+0 9.81753300E+5 0.00000000E+0 7.31174350E+1 4.68819956E-1 3.26617301E+1 2.28927417E-3 1.58685446E-1 2.29312617E-3 -6.99341297E-2 1.26568415E-2
09 16 2014 23 08 43 611 6.49468892E+1 2.49621785E+1 0.00000000E+0 9.81756600E+5 0.00000000E+0 7.30593801E+1 4.52841107E-1 3.26764703E+1 2.88572543E-3 1.65247917E-1 2.94059190E-3 -6.69121742E-2 1.25756716E-2
09 16 2014 23 08 51 619 -6.49468892E+1 -2.49621785E+1 5.00000000E+1 9.81764400E+5 0.00000000E+0 7.30940700E+1 4.50127823E-1 3.26790690E+1 2.51156804E-3 -1.67310238E-2 2.50063741E-3 -4.92155552E-2 7.74906472E-3
09 16 2014 23 08 54 622 -5.49317147E+1 -2.49621785E+1 5.00000000E+1 9.81767600E+5 0.00000000E+0 7.30976462E+1 4.28038830E-1 3.26738477E+1 2.85314324E-3 2.49147415E-3 2.51721984E-3 -5.64813614E-2 1.35558368E-2
09 16 2014 23 08 58 625 -4.50682853E+1 -2.49621785E+1 5.00000000E+1 9.81770800E+5 0.00000000E+0 7.31022954E+1 4.58654958E-1 3.26711059E+1 3.48022790E-3 1.23143196E-2 2.39110870E-3 -6.17027283E-2 1.27762459E-2
09 16 2014 23 09 01 629 -3.50531108E+1 -2.49621785E+1 5.00000000E+1 9.81774000E+5 0.00000000E+0 7.30813742E+1 4.42159300E-1 3.26695263E+1 2.10433232E-3 2.35617161E-2 2.97841845E-3 -7.08937645E-2 1.36355781E-2
09 16 2014 23 09 04 632 -2.50379363E+1 -2.49621785E+1 5.00000000E+1 9.81777200E+5 0.00000000E+0 7.31416047E+1 4.71295676E-1 3.26647162E+1 3.35060819E-3 4.11868095E-2 2.62981925E-3 -7.54371285E-2 7.71143370E-3
09 16 2014 23 09 08 636 0.00000000E+0 -2.49621785E+1 5.00000000E+1 9.81781100E+5 0.00000000E+0 7.31208920E+1 4.26937382E-1 3.26643661E+1 2.37900200E-3 7.31796026E-2 2.67194621E-3 -9.40486789E-2 8.17703534E-3
09 16 2014 23 09 12 639 2.50379363E+1 -2.49621785E+1 5.00000000E+1 9.81784900E+5 0.00000000E+0 7.30915070E+1 4.35080197E-1 3.26617360E+1 2.56332800E-3 1.00165606E-1 2.15962152E-3 -1.11317635E-1 9.24310879E-3
09 16 2014 23 09 15 643 3.50531108E+1 -2.49621785E+1 5.00000000E+1 9.81788100E+5 0.00000000E+0 7.31050372E+1 4.39539527E-1 3.26649904E+1 1.89262593E-3 1.06638670E-1 2.14453817E-3 -1.15096569E-1 1.72645215E-2
09 16 2014 23 09 18 646 4.50682853E+1 -2.49621785E+1 5.00000000E+1 9.81791300E+5 0.00000000E+0 7.30950832E+1 4.40678140E-1 3.26633155E+1 2.82229890E-3 1.19227171E-1 2.43855124E-3 -1.15501881E-1 2.73188768E-2
09 16 2014 23 09 21 649 5.49317147E+1 -2.49621785E+1 5.00000000E+1 9.81794500E+5 0.00000000E+0 7.30406493E+1 4.25607654E-1 3.26614827E+1 2.34406207E-3 1.27807260E-1 2.21137784E-3 -1.21913850E-1 2.27366720E-2
09 16 2014 23 09 25 652 6.49468892E+1 -2.49621785E+1 5.00000000E+1 9.81797800E+5 0.00000000E+0 7.30974674E+1 4.37506452E-1 3.26627553E+1 3.01317157E-3 1.27905607E-1 1.65700010E-3 -1.37144327E-1 1.57324639E-2
09 16 2014 23 09 32 660 -6.49468892E+1 -1.25567322E+1 5.00000000E+1 9.81805100E+5 0.00000000E+0 7.30791092E+1 4.63490062E-1 3.26614559E+1 2.54481305E-3 -1.32858753E-2 1.90282390E-3 -5.63085079E-2 1.02398282E-2
09 16 2014 23 09 35 663 -5.49317147E+1 -1.25567322E+1 5.00000000E+1 9.81808300E+5 0.00000000E+0 7.31195807E+1 4.49595691E-1 3.26584637E+1 2.93113394E-3 3.48687172E-3 3.24650267E-3 -5.93602657E-2 9.79881240E-3
09 16 2014 23 09 38 666 -4.50682853E+1 -1.25567322E+1 5.00000000E+1 9.81811500E+5 0.00000000E+0 7.30999708E+1 4.57715486E-1 3.26577783E+1 2.63060599E-3 1.91509724E-2 2.12343872E-3 -6.35743141E-2 1.47922754E-2
09 16 2014 23 09 41 669 -3.50531108E+1 -1.25567322E+1 5.00000000E+1 9.81814700E+5 0.00000000E+0 7.30960071E+1 4.45458999E-1 3.26540768E+1 1.75660191E-3 2.92733312E-2 2.27227155E-3 -6.99684024E-2 1.14302973E-2
09 16 2014 23 09 45 673 -2.50379363E+1 -1.25567322E+1 5.00000000E+1 9.81817900E+5 0.00000000E+0 7.31357336E+1 4.61015687E-1 3.26525688E+1 2.19722582E-3 4.11808491E-2 2.16743443E-3 -7.87496567E-2 8.60251419E-3
09 16 2014 23 09 48 676 0.00000000E+0 -1.25567322E+1 5.00000000E+1 9.81821800E+5 0.00000000E+0 7.31209517E+1 4.37925212E-1 3.26501966E+1 2.64732786E-3 7.57098198E-2 2.79005502E-3 -9.13262367E-2 8.45107179E-3
09 16 2014 23 09 52 680 2.50379363E+1 -1.25567322E+1 5.00000000E+1 9.81825600E+5 0.00000000E+0 7.31119514E+1 4.61482658E-1 3.26507628E+1 2.32686447E-3 1.03521347E-1 2.72179965E-3 -1.08677149E-1 9.68987989E-3
09 16 2014 23 09 56 683 3.50531108E+1 -1.25567322E+1 5.00000000E+1 9.81828800E+5 0.00000000E+0 7.31489658E+1 4.56831826E-1 3.26539874E+1 2.94514125E-3 1.10274553E-1 2.73005164E-3 -1.15436316E-1 1.67457745E-2
09 16 2014 23 09 59 687 4.50682853E+1 -1.25567322E+1 5.00000000E+1 9.81832000E+5 0.00000000E+0 7.31290132E+1 4.45421480E-1 3.26557308E+1 2.03093589E-3 1.22882426E-1 2.11249210E-3 -1.12645328E-1 2.78240873E-2
09 16 2014 23 10 02 690 5.49317147E+1 -1.25567322E+1 5.00000000E+1 9.81835200E+5 0.00000000E+0 7.31043816E+1 4.50065761E-1 3.26549053E+1 2.50013636E-3 1.29997730E-1 1.87870369E-3 -1.20937824E-1 2.26273816E-2
09 16 2014 23 10 05 693 6.49468892E+1 -1.25567322E+1 5.00000000E+1 9.81838400E+5 0.00000000E+0 7.31508732E+1 4.63356556E-1 3.26569915E+1 2.42927849E-3 1.28746033E-1 2.15515792E-3 -1.31070614E-1 1.50530254E-2
09 16 2014 23 10 13 700 -6.49468892E+1 0.00000000E+0 5.00000000E+1 9.81845800E+5 0.00000000E+0 7.31586814E+1 4.32476948E-1 3.26458931E+1 2.89232713E-3 -7.30156898E-3 2.63309974E-3 -5.13851643E-2 1.16579946E-2
09 16 2014 23 10 16 704 -5.49317147E+1 0.00000000E+0 5.00000000E+1 9.81849000E+5 0.00000000E+0 7.31006265E+1 4.18734871E-1 3.26401055E+1 2.91270370E-3 8.04662704E-3 3.00746323E-3 -5.39541245E-2 1.00959560E-2
09 16 2014 23 10 19 707 -4.50682853E+1 0.00000000E+0 5.00000000E+1 9.81852200E+5 0.00000000E+0 7.30523467E+1 4.38637380E-1 3.26361805E+1 2.72252548E-3 2.18376517E-2 1.85967447E-3 -5.77792525E-2 1.36363977E-2
09 16 2014 23 10 22 710 -3.50531108E+1 0.00000000E+0 5.00000000E+1 9.81855400E+5 0.00000000E+0 7.31340647E+1 4.41987607E-1 3.26376796E+1 2.93970154E-3 3.32236290E-2 1.71973930E-3 -6.97135925E-2 1.20436227E-2
09 16 2014 23 10 25 713 -2.50379363E+1 0.00000000E+0 5.00000000E+1 9.81858600E+5 0.00000000E+0 7.31146932E+1 4.42824526E-1 3.26371253E+1 2.58829262E-3 4.60028648E-2 2.40725723E-3 -7.52210617E-2 7.00324206E-3
09 16 2014 23 10 29 717 0.00000000E+0 0.00000000E+0 5.00000000E+1 9.81862500E+5 0.00000000E+0 7.30835795E+1 4.52764662E-1 3.26399624E+1 2.12660643E-3 7.86662102E-2 2.00294760E-3 -8.96573067E-2 8.87119315E-3
09 16 2014 23 10 33 721 2.50379363E+1 0.00000000E+0 5.00000000E+1 9.81866300E+5 0.00000000E+0 7.31599331E+1 4.44655949E-1 3.26425850E+1 3.42616073E-3 1.08432770E-1 2.54220329E-3 -1.07866526E-1 1.04915065E-2
09 16 2014 23 10 36 724 3.50531108E+1 0.00000000E+0 5.00000000E+1 9.81869500E+5 0.00000000E+0 7.31617957E+1 4.58088065E-1 3.26436237E+1 2.02490643E-3 1.13651156E-1 2.93292809E-3 -1.16929412E-1 1.86718879E-2
09 16 2014 23 10 39 727 4.50682853E+1 0.00000000E+0 5.00000000E+1 9.81872700E+5 0.00000000E+0 7.30827451E+1 4.41399809E-1 3.26462269E+1 2.67607422E-3 1.25819445E-1 2.52569604E-3 -1.13403797E-1 2.65577069E-2
09 16 2014 23 10 43 731 5.49317147E+1 0.00000000E+0 5.00000000E+1 9.81875900E+5 0.00000000E+0 7.31392503E+1 4.74923503E-1 3.26487005E+1 2.79310270E-3 1.34742260E-1 1.86576018E-3 -1.14005804E-1 2.15392998E-2
09 16 2014 23 10 46 734 6.49468892E+1 0.00000000E+0 5.00000000E+1 9.81879100E+5 0.00000000E+0 7.31551647E+1 4.40900141E-1 3.26524377E+1 2.81091359E-3 1.35108829E-1 1.87067447E-3 -1.25616789E-1 1.65102356E-2
09 16 2014 23 10 53 741 -6.49468892E+1 1.25567322E+1 5.00000000E+1 9.81886600E+5 0.00000000E+0 7.31341243E+1 4.50868527E-1 3.26301634E+1 2.89720398E-3 -6.23464584E-3 2.44033720E-3 -5.21123409E-2 1.16640750E-2
09 16 2014 23 10 57 744 -5.49317147E+1 1.25567322E+1 5.00000000E+1 9.81889800E+5 0.00000000E+0 7.30663538E+1 4.16811304E-1 3.26273084E+1 2.69964335E-3 1.22904778E-2 1.73567036E-3 -5.75661659E-2 6.88159879E-3
09 16 2014 23 11 00 748 -4.50682853E+1 1.25567322E+1 5.00000000E+1 9.81893000E+5 0.00000000E+0 7.31020570E+1 4.30410006E-1 3.26245010E+1 2.91342261E-3 2.43306160E-2 1.98945908E-3 -6.04510307E-2 1.14004751E-2
09 16 2014 23 11 03 751 -3.50531108E+1 1.25567322E+1 5.00000000E+1 9.81896200E+5 0.00000000E+0 7.31628388E+1 4.40543725E-1 3.26194093E+1 2.75644900E-3 3.74168158E-2 3.02797071E-3 -6.61090016E-2 7.83825253E-3
09 16 2014 23 11 06 754 -2.50379363E+1 1.25567322E+1 5.00000000E+1 9.81899400E+5 0.00000000E+0 7.30796456E+1 4.25580639E-1 3.26242328E+1 2.68319179E-3 4.50551510E-2 2.40214853E-3 -7.16507435E-2 7.91146625E-3
09 16 2014 23 11 10 758 0.00000000E+0 1.25567322E+1 5.00000000E+1 9.81903200E+5 0.00000000E+0 7.30437636E+1 4.52064855E-1 3.26263905E+1 2.26415080E-3 8.19385052E-2 2.01202911E-3 -8.29637051E-2 8.13059745E-3
09 16 2014 23 11 14 762 2.50379363E+1 1.25567322E+1 5.00000000E+1 9.81907100E+5 0.00000000E+0 7.31345415E+1 4.29176639E-1 3.26301396E+1 2.59002586E-3 1.13415718E-1 1.87746913E-3 -1.00761652E-1 1.01990332E-2
09 16 2014 23 11 17 765 3.50531108E+1 1.25567322E+1 5.00000000E+1 9.81910300E+5 0.00000000E+0 7.30630159E+1 4.51668201E-1 3.26380193E+1 2.45938023E-3 1.18958950E-1 2.27499303E-3 -1.06847286E-1 1.56641713E-2
09 16 2014 23 11 20 768 4.50682853E+1 1.25567322E+1 5.00000000E+1 9.81913500E+5 0.00000000E+0 7.30075687E+1 4.34899978E-1 3.26415822E+1 2.47234769E-3 1.29789114E-1 2.45486248E-3 -1.11244619E-1 2.50653501E-2
09 16 2014 23 11 23 771 5.49317147E+1 1.25567322E+1 5.00000000E+1 9.81916700E+5 0.00000000E+0 7.30791092E+1 4.21985571E-1 3.26438904E+1 2.81479574E-3 1.39826536E-1 2.27813879E-3 -1.11383200E-1 2.10598362E-2
09 16 2014 23 11 27 775 6.49468892E+1 1.25567322E+1 5.00000000E+1 9.81919900E+5 0.00000000E+0 7.30554461E+1 4.34588239E-1 3.26531291E+1 2.10675672E-3 1.45006180E-1 2.58798196E-3 -1.21247768E-1 1.32776776E-2
09 16 2014 23 11 34 782 -6.49468892E+1 2.49621785E+1 5.00000000E+1 9.81927200E+5 0.00000000E+0 7.30278492E+1 4.32269907E-1 3.26117337E+1 2.68446677E-3 -6.07371330E-3 2.02322433E-3 -4.96923923E-2 1.12551749E-2
09 16 2014 23 11 37 785 -5.49317147E+1 2.49621785E+1 5.00000000E+1 9.81930500E+5 0.00000000E+0 7.30473399E+1 4.12740308E-1 3.26078653E+1 2.78643368E-3 1.20043755E-2 2.09500832E-3 -5.57780266E-2 1.26021577E-2
09 16 2014 23 11 40 788 -4.50682853E+1 2.49621785E+1 5.00000000E+1 9.81933700E+5 0.00000000E+0 7.30456710E+1 4.16715071E-1 3.26072693E+1 2.61100000E-3 2.61664391E-2 2.45938784E-3 -6.37292862E-2 1.11748205E-2
09 16 2014 23 11 44 791 -3.50531108E+1 2.49621785E+1 5.00000000E+1 9.81936900E+5 0.00000000E+0 7.30572343E+1 4.56464885E-1 3.26066375E+1 1.99178861E-3 3.78489494E-2 2.47424466E-3 -6.99758530E-2 1.13184414E-2
09 16 2014 23 11 47 795 -2.50379363E+1 2.49621785E+1 5.00000000E+1 9.81940100E+5 0.00000000E+0 7.30387568E+1 4.43205540E-1 3.26106966E+1 2.69247900E-3 5.06997108E-2 2.92593022E-3 -7.47144222E-2 6.59431789E-3
09 16 2014 23 11 51 799 0.00000000E+0 2.49621785E+1 5.00000000E+1 9.81943900E+5 0.00000000E+0 7.30625391E+1 4.30758216E-1 3.26126337E+1 2.88222430E-3 8.60571861E-2 2.17343914E-3 -8.78810883E-2 7.77972878E-3
09 16 2014 23 11 55 802 2.50379363E+1 2.49621785E+1 5.00000000E+1 9.81947800E+5 0.00000000E+0 7.30277896E+1 4.70076856E-1 3.26177120E+1 2.62619530E-3 1.15764141E-1 2.18442346E-3 -1.05410814E-1 1.02903655E-2
09 16 2014 23 11 58 806 3.50531108E+1 2.49621785E+1 5.00000000E+1 9.81951000E+5 0.00000000E+0 7.30622560E+1 4.58092925E-1 3.26231942E+1 2.61544882E-3 1.21153891E-1 2.37132368E-3 -1.16504729E-1 1.51891983E-2
09 16 2014 23 12 01 809 4.50682853E+1 2.49621785E+1 5.00000000E+1 9.81954200E+5 0.00000000E+0 7.31053948E+1 4.57108152E-1 3.26284111E+1 2.67217947E-3 1.32697821E-1 2.65583940E-3 -1.07991695E-1 2.33162778E-2
09 16 2014 23 12 04 812 5.49317147E+1 2.49621785E+1 5.00000000E+1 9.81957400E+5 0.00000000E+0 7.29966760E+1 4.53050192E-1 3.26367974E+1 2.98539768E-3 1.41113997E-1 1.84956463E-3 -1.16139650E-1 2.36560102E-2
09 16 2014 23 12 07 815 6.49468892E+1 2.49621785E+1 5.00000000E+1 9.81960600E+5 0.00000000E+0 7.31090456E+1 4.58755742E-1 3.26431394E+1 2.07894074E-3 1.45845115E-1 2.45234062E-3 -1.22226775E-1 1.26054617E-2
09 16 2014 23 12 15 823 -6.49468892E+1 -2.49621785E+1 1.00000000E+2 9.81968500E+5 0.00000000E+0 7.30703771E+1 4.45024926E-1 3.26418430E+1 2.84304367E-3 -1.37165189E-2 1.87401085E-3 -3.18586826E-2 1.11648054E-2
09 16 2014 23 12 18 826 -5.49317147E+1 -2.49621785E+1 1.00000000E+2 9.81971700E+5 0.00000000E+0 7.30915070E+1 4.76170281E-1 3.26425970E+1 2.84515627E-3 -1.02519989E-3 2.48717910E-3 -4.08172607E-2 1.39752319E-2
09 16 2014 23 12 22 829 -4.50682853E+1 -2.49621785E+1 1.00000000E+2 9.81974900E+5 0.00000000E+0 7.31086135E+1 4.57965328E-1 3.26471388E+1 1.89849523E-3 1.17778778E-2 1.83075599E-3 -4.43458557E-2 1.26372501E-2
09 16 2014 23 12 25 833 -3.50531108E+1 -2.49621785E+1 1.00000000E+2 9.81978100E+5 0.00000000E+0 7.30945468E+1 4.47236697E-1 3.26476991E+1 2.75850535E-3 2.28404999E-2 1.47499392E-3 -4.75764275E-2 1.16680260E-2
09 16 2014 23 12 28 836 -2.50379363E+1 -2.49621785E+1 1.00000000E+2 9.81981300E+5 0.00000000E+0 7.30951428E+1 4.52816992E-1 3.26477468E+1 2.42347562E-3 2.95877457E-2 2.67389330E-3 -5.34594059E-2 5.55120051E-3
09 16 2014 23 12 32 840 0.00000000E+0 -2.49621785E+1 1.00000000E+2 9.81985100E+5 0.00000000E+0 7.30962157E+1 4.36362648E-1 3.26484680E+1 2.37494485E-3 5.98609447E-2 2.47598977E-3 -6.35802746E-2 8.70913191E-3
09 16 2014 23 12 36 844 2.50379363E+1 -2.49621785E+1 1.00000000E+2 9.81989000E+5 0.00000000E+0 7.30912685E+1 4.56784966E-1 3.26465905E+1 2.58250675E-3 8.21530819E-2 2.99794180E-3 -8.19563866E-2 8.60434852E-3
09 16 2014 23 12 39 847 3.50531108E+1 -2.49621785E+1 1.00000000E+2 9.81992200E+5 0.00000000E+0 7.31127858E+1 4.47708588E-1 3.26428056E+1 2.65860489E-3 8.47041607E-2 1.73462506E-3 -8.46743584E-2 1.74443089E-2
09 16 2014 23 12 42 850 4.50682853E+1 -2.49621785E+1 1.00000000E+2 9.81995400E+5 0.00000000E+0 7.30583817E+1 4.41806036E-1 3.26368138E+1 2.17251912E-3 9.50917602E-2 2.99204037E-3 -8.27535987E-2 3.37259695E-2
09 16 2014 23 12 45 853 5.49317147E+1 -2.49621785E+1 1.00000000E+2 9.81998600E+5 0.00000000E+0 7.30627775E+1 4.42645796E-1 3.26299548E+1 2.35860681E-3 1.00088120E-1 2.49708307E-3 -8.09848309E-2 2.80992432E-2
09 16 2014 23 12 49 856 6.49468892E+1 -2.49621785E+1 1.00000000E+2 9.82001800E+5 0.00000000E+0 7.30928779E+1 4.49316888E-1 3.26194882E+1 2.54029021E-3 9.94145870E-2 1.52195004E-3 -9.37044621E-2 1.56099966E-2
09 16 2014 23 12 56 864 -6.49468892E+1 -1.25567322E+1 1.00000000E+2 9.82009200E+5 0.00000000E+0 7.30757713E+1 4.50249192E-1 3.26363504E+1 2.95906960E-3 -1.57892704E-2 2.04015861E-3 -4.90725040E-2 5.58823681E-3
09 16 2014 23 12 59 867 -5.49317147E+1 -1.25567322E+1 1.00000000E+2 9.82012500E+5 0.00000000E+0 7.30071962E+1 4.83921371E-1 3.26344594E+1 2.99204037E-3 -2.70456076E-3 1.99271857E-3 -5.49405813E-2 1.01738802E-2
09 16 2014 23 13 02 870 -4.50682853E+1 -1.25567322E+1 1.00000000E+2 9.82015700E+5 0.00000000E+0 7.31152296E+1 4.51276134E-1 3.26348960E+1 2.68663911E-3 1.22845173E-2 2.42754602E-3 -5.80370426E-2 1.66830375E-2
09 16 2014 23 13 06 873 -3.50531108E+1 -1.25567322E+1 1.00000000E+2 9.82018900E+5 0.00000000E+0 7.30774999E+1 4.34670669E-1 3.26398969E+1 2.32802938E-3 2.11060047E-2 2.80544690E-3 -6.28411770E-2 1.19044337E-2
09 16 2014 23 13 09 877 -2.50379363E+1 -1.25567322E+1 1.00000000E+2 9.82022100E+5 0.00000000E+0 7.30187446E+1 4.48488303E-1 3.26381698E+1 2.89532796E-3 3.12104821E-2 2.59216253E-3 -7.15553761E-2 8.18340877E-3
09 16 2014 23 13 13 881 0.00000000E+0 -1.25567322E+1 1.00000000E+2 9.82025900E+5 0.00000000E+0 7.32009113E+1 4.26623356E-1 3.26365307E+1 3.30891684E-3 6.23241067E-2 1.85048185E-3 -8.26716423E-2 1.00439044E-2
09 16 2014 23 13 17 884 2.50379363E+1 -1.25567322E+1 1.00000000E+2 9.82029800E+5 0.00000000E+0 7.30887055E+1 4.40190502E-1 3.26376081E+1 2.24986810E-3 8.68082047E-2 1.49873699E-3 -9.27507877E-2 9.79468973E-3
09 16 2014 23 13 20 888 3.50531108E+1 -1.25567322E+1 1.00000000E+2 9.82033000E+5 0.00000000E+0 7.30685592E+1 4.30345844E-1 3.26352358E+1 2.47638999E-3 8.96871090E-2 1.83877647E-3 -9.61899757E-2 1.89081867E-2
09 16 2014 23 13 23 891 4.50682853E+1 -1.25567322E+1 1.00000000E+2 9.82036200E+5 0.00000000E+0 7.30838180E+1 4.35617917E-1 3.26320410E+1 3.10556486E-3 9.61959362E-2 2.85722324E-3 -9.21607018E-2 3.04008390E-2
09 16 2014 23 13 26 894 5.49317147E+1 -1.25567322E+1 1.00000000E+2 9.82039400E+5 0.00000000E+0 7.29976594E+1 4.35844743E-1 3.26287374E+1 2.46649705E-3 1.04859471E-1 3.24397515E-3 -9.69544053E-2 2.63144246E-2
09 16 2014 23 13 29 897 6.49468892E+1 -1.25567322E+1 1.00000000E+2 9.82042600E+5 0.00000000E+0 7.31255412E+1 4.37020306E-1 3.26204598E+1 2.18646832E-3 1.04027987E-1 1.80635667E-3 -1.06143951E-1 1.68513466E-2
09 16 2014 23 13 37 905 -6.49468892E+1 0.00000000E+0 1.00000000E+2 9.82050000E+5 0.00000000E+0 7.31121004E+1 4.40184640E-1 3.26220319E+1 3.09484359E-3 -1.86786056E-2 2.24110030E-3 -5.10364771E-2 7.15638098E-3
09 16 2014 23 13 40 908 -5.49317147E+1 0.00000000E+0 1.00000000E+2 9.82053200E+5 0.00000000E+0 7.30314255E+1 4.63976019E-1 3.26220930E+1 2.25304893E-3 -2.04443932E-3 2.87907613E-3 -5.59806824E-2 1.01703576E-2
09 16 2014 23 13 43 911 -4.50682853E+1 0.00000000E+0 1.00000000E+2 9.82056400E+5 0.00000000E+0 7.30797648E+1 4.36216142E-1 3.26199174E+1 2.37226644E-3 1.10566616E-2 2.09314211E-3 -6.30736351E-2 1.37001397E-2
09 16 2014 23 13 46 914 -3.50531108E+1 0.00000000E+0 1.00000000E+2 9.82059600E+5 0.00000000E+0 7.30980933E+1 4.57081409E-1 3.26215476E+1 2.13242507E-3 2.23293900E-2 2.95379957E-3 -6.70179725E-2 1.05327074E-2
09 16 2014 23 13 50 917 -2.50379363E+1 0.00000000E+0 1.00000000E+2 9.82062800E+5 0.00000000E+0 7.30462670E+1 4.58365087E-1 3.26222956E+1 2.23799369E-3 3.10301781E-2 2.08570540E-3 -7.78019428E-2 4.67159465E-3
09 16 2014 23 13 53 921 0.00000000E+0 0.00000000E+0 1.00000000E+2 9.82066600E+5 0.00000000E+0 7.30568767E+1 4.56394946E-1 3.26220691E+1 2.70677493E-3 6.73115253E-2 2.41884185E-3 -8.76247883E-2 8.95131259E-3
09 16 2014 23 13 57 925 2.50379363E+1 0.00000000E+0 1.00000000E+2 9.82070400E+5 0.00000000E+0 7.30628371E+1 4.44783511E-1 3.26230049E+1 2.35590982E-3 9.23097134E-2 2.38928594E-3 -9.99271870E-2 7.14888342E-3
09 16 2014 23 14 00 928 3.50531108E+1 0.00000000E+0 1.00000000E+2 9.82073700E+5 0.00000000E+0 7.30927587E+1 4.36959375E-1 3.26224685E+1 2.67453658E-3 9.70423222E-2 1.95631546E-3 -9.96291637E-2 1.67863966E-2
09 16 2014 23 14 04 931 4.50682853E+1 0.00000000E+0 1.00000000E+2 9.82076900E+5 0.00000000E+0 7.30797648E+1 4.67969070E-1 3.26235220E+1 2.70037109E-3 1.03875995E-1 2.21523023E-3 -9.62689519E-2 3.21894800E-2
09 16 2014 23 14 07 935 5.49317147E+1 0.00000000E+0 1.00000000E+2 9.82080100E+5 0.00000000E+0 7.30575919E+1 4.58964528E-1 3.26211631E+1 2.46205501E-3 1.14601851E-1 2.47810340E-3 -9.56177711E-2 2.76081828E-2
09 16 2014 23 14 10 938 6.49468892E+1 0.00000000E+0 1.00000000E+2 9.82083300E+5 0.00000000E+0 7.30924606E+1 4.40012147E-1 3.26127112E+1 2.36682943E-3 1.12801790E-1 1.84267722E-3 -1.02645159E-1 1.66974315E-2
09 16 2014 23 14 17 945 -6.49468892E+1 1.25567322E+1 1.00000000E+2 9.82090600E+5 0.00000000E+0 7.30698109E+1 4.64423268E-1 3.26057196E+1 2.90110601E-3 -2.11238861E-2 2.20544816E-3 -5.25236130E-2 7.97961169E-3
09 16 2014 23 14 21 948 -5.49317147E+1 1.25567322E+1 1.00000000E+2 9.82093900E+5 0.00000000E+0 7.30459690E+1 4.65520313E-1 3.26057911E+1 3.14818977E-3 -3.83853912E-3 2.66183819E-3 -5.83708286E-2 1.25052447E-2
09 16 2014 23 14 24 952 -4.50682853E+1 1.25567322E+1 1.00000000E+2 9.82097100E+5 0.00000000E+0 7.30725378E+1 4.86388455E-1 3.26062292E+1 2.14791852E-3 1.32694840E-2 2.42583094E-3 -5.85988164E-2 1.05956400E-2
09 16 2014 23 14 27 955 -3.50531108E+1 1.25567322E+1 1.00000000E+2 9.82100300E+5 0.00000000E+0 7.30920434E+1 4.40891785E-1 3.26058388E+1 3.76802205E-3 2.62618065E-2 1.91013077E-3 -6.62684441E-2 1.17010557E-2
09 16 2014 23 14 30 958 -2.50379363E+1 1.25567322E+1 1.00000000E+2 9.82103500E+5 0.00000000E+0 7.30360150E+1 4.73900346E-1 3.26069236E+1 2.28490018E-3 3.83317471E-2 2.53013412E-3 -7.50541687E-2 6.33758325E-3
09 16 2014 23 14 34 962 0.00000000E+0 1.25567322E+1 1.00000000E+2 9.82107300E+5 0.00000000E+0 7.30766058E+1 4.54196846E-1 3.26082468E+1 2.46336854E-3 7.47859478E-2 2.32358350E-3 -8.59618187E-2 8.10548429E-3
09 16 2014 23 14 38 966 2.50379363E+1 1.25567322E+1 1.00000000E+2 9.82111100E+5 0.00000000E+0 7.30623603E+1 4.56175426E-1 3.26067924E+1 3.33548404E-3 1.03318691E-1 1.81907529E-3 -9.95278358E-2 1.01221844E-2
09 16 2014 23 14 41 969 3.50531108E+1 1.25567322E+1 1.00000000E+2 9.82114400E+5 0.00000000E+0 7.29725510E+1 4.29795857E-1 3.26083899E+1 2.60229629E-3 1.08592212E-1 2.09368474E-3 -1.07616186E-1 1.55325938E-2
09 16 2014 23 14 44 972 4.50682853E+1 1.25567322E+1 1.00000000E+2 9.82117600E+5 0.00000000E+0 7.30587244E+1 4.21958328E-1 3.26082706E+1 2.45284062E-3 1.15942955E-1 3.23693342E-3 -1.02889538E-1 2.90211878E-2
09 16 2014 23 14 48 975 5.49317147E+1 1.25567322E+1 1.00000000E+2 9.82120800E+5 0.00000000E+0 7.30330348E+1 4.21334210E-1 3.26065242E+1 2.80938985E-3 1.25145912E-1 2.44814023E-3 -1.05082989E-1 2.64209454E-2
09 16 2014 23 14 51 979 6.49468892E+1 1.25567322E+1 1.00000000E+2 9.82124000E+5 0.00000000E+0 7.30289817E+1 4.23958755E-1 3.26024115E+1 2.55858942E-3 1.26606226E-1 2.41054067E-3 -1.14595890E-1 1.80955287E-2
09 16 2014 23 14 58 986 -6.49468892E+1 2.49621785E+1 1.00000000E+2 9.82131300E+5 0.00000000E+0 7.30420947E+1 4.46845529E-1 3.25883985E+1 2.07527986E-3 -2.30610371E-2 1.98327446E-3 -6.17504120E-2 8.37569449E-3
09 16 2014 23 15 01 989 -5.49317147E+1 2.49621785E+1 1.00000000E+2 9.82134500E+5 0.00000000E+0 7.29964375E+1 4.59863851E-1 3.25903237E+1 2.27551078E-3 -4.24385071E-3 2.58595813E-3 -6.45935535E-2 1.32992558E-2
09 16 2014 23 15 05 992 -4.50682853E+1 2.49621785E+1 1.00000000E+2 9.82137800E+5 0.00000000E+0 7.30391592E+1 4.73780915E-1 3.25881094E+1 2.26387825E-3 1.09151006E-2 2.21098955E-3 -6.85304403E-2 1.22680878E-2
09 16 2014 23 15 08 996 -3.50531108E+1 2.49621785E+1 1.00000000E+2 9.82141000E+5 0.00000000E+0 7.30969310E+1 4.47958239E-1 3.25935006E+1 2.53055534E-3 2.49087811E-2 1.79938702E-3 -7.42197037E-2 1.28690483E-2
09 16 2014 23 15 11 999 -2.50379363E+1 2.49621785E+1 1.00000000E+2 9.82144200E+5 0.00000000E+0 7.30298162E+1 4.32721386E-1 3.25943112E+1 2.93124239E-3 3.68416309E-2 2.03501962E-3 -7.91132450E-2 7.29146506E-3
09 16 2014 23 15 15 1003 0.00000000E+0 2.49621785E+1 1.00000000E+2 9.82148000E+5 0.00000000E+0 7.31045604E+1 4.56121349E-1 3.25976133E+1 3.09325771E-3 7.98881054E-2 2.82928653E-3 -9.46402550E-2 7.92624067E-3
09 16 2014 23 15 19 1006 2.50379363E+1 2.49621785E+1 1.00000000E+2 9.82151800E+5 0.00000000E+0 7.30773062E+1 4.46414776E-1 3.25985923E+1 2.55461131E-3 1.09270215E-1 1.46187404E-3 -1.10343099E-1 7.02355870E-3
09 16 2014 23 15 22 1010 3.50531108E+1 2.49621785E+1 1.00000000E+2 9.82155100E+5 0.00000000E+0 7.30358958E+1 4.45518091E-1 3.25952947E+1 2.34919361E-3 1.13445520E-1 2.94660748E-3 -1.12056732E-1 1.52345063E-2
09 16 2014 23 15 25 1013 4.50682853E+1 2.49621785E+1 1.00000000E+2 9.82158300E+5 0.00000000E+0 7.31028914E+1 4.17297988E-1 3.25952768E+1 2.58844433E-3 1.23465061E-1 3.32890740E-3 -1.09416246E-1 2.64079138E-2
09 16 2014 23 15 28 1016 5.49317147E+1 2.49621785E+1 1.00000000E+2 9.82161500E+5 0.00000000E+0 7.30334520E+1 4.58955830E-1 3.25960338E+1 2.63434928E-3 1.35868788E-1 2.14607218E-3 -1.16592646E-1 2.84378626E-2
09 16 2014 23 15 31 1019 6.49468892E+1 2.49621785E+1 1.00000000E+2 9.82164700E+5 0.00000000E+0 7.31354952E+1 4.67604624E-1 3.25924978E+1 2.38883787E-3 1.39102340E-1 2.05965458E-3 -1.19447708E-1 1.72303135E-2
