Month Day Year Hour Minute Second Time_s x y z Current CurrentError 1Axis 1AxisError Bx BxError By ByError Bz BzError
09 10 2014 10 07 44 21 -6.49468892E+1 -2.49621785E+1 -1.00000000E+2 4.16496800E+5 0.00000000E+0 2.76631862E+1 4.57002660E-1 8.76240432E-1 3.34663848E-3 1.34117901E-1 2.95852664E-3 -2.61604786E-1 3.45419073E-3
09 10 2014 10 07 48 26 -6.49468892E+1 -2.49621785E+1 -5.00000000E+1 4.16501400E+5 0.00000000E+0 2.76150107E+1 4.41946175E-1 8.71855021E-1 3.05012879E-3 1.41441822E-1 2.40837550E-3 -2.80928612E-1 2.85091413E-3
09 10 2014 10 07 53 30 -6.49468892E+1 -2.49621785E+1 0.00000000E+0 4.16505900E+5 0.00000000E+0 2.76448578E+1 4.38317113E-1 8.62434506E-1 3.17639261E-3 1.39936805E-1 2.53400369E-3 -2.82123685E-1 3.23080634E-3
09 10 2014 10 07 57 35 -6.49468892E+1 -2.49621785E+1 5.00000000E+1 4.16510400E+5 0.00000000E+0 2.76208520E+1 4.53362434E-1 8.55803490E-1 3.09654440E-3 1.38247013E-1 2.24594191E-3 -2.94733047E-1 3.70597727E-3
09 10 2014 10 08 02 39 -6.49468892E+1 -2.49621785E+1 1.00000000E+2 4.16514900E+5 0.00000000E+0 2.76213884E+1 4.60823499E-1 8.47913325E-1 2.66603387E-3 1.40994787E-1 2.00965791E-3 -3.07425857E-1 4.58005235E-3
09 10 2014 10 08 11 49 -5.49317147E+1 -2.49621785E+1 -1.00000000E+2 4.16524500E+5 0.00000000E+0 2.75627375E+1 4.45977450E-1 8.68123770E-1 3.89123414E-3 1.22761726E-1 2.87864096E-3 -2.76893377E-1 3.29815832E-3
09 10 2014 10 08 16 53 -5.49317147E+1 -2.49621785E+1 -5.00000000E+1 4.16529000E+5 0.00000000E+0 2.75393575E+1 4.45095565E-1 8.64304602E-1 3.59443684E-3 1.27546489E-1 2.58310100E-3 -2.80112028E-1 3.31235977E-3
09 10 2014 10 08 20 58 -5.49317147E+1 -2.49621785E+1 0.00000000E+0 4.16533600E+5 0.00000000E+0 2.75764465E+1 4.41801847E-1 8.58378410E-1 2.59836531E-3 1.29681826E-1 3.49681712E-3 -2.86698341E-1 3.07424240E-3
09 10 2014 10 08 25 62 -5.49317147E+1 -2.49621785E+1 5.00000000E+1 4.16538100E+5 0.00000000E+0 2.75441259E+1 4.24628714E-1 8.51653516E-1 2.86142649E-3 1.31465495E-1 2.81368228E-3 -2.95393169E-1 3.13544416E-3
09 10 2014 10 08 29 67 -5.49317147E+1 -2.49621785E+1 1.00000000E+2 4.16542600E+5 0.00000000E+0 2.75669694E+1 4.46397055E-1 8.45015049E-1 3.45750207E-3 1.30474567E-1 2.96336975E-3 -3.07714939E-1 4.25250940E-3
09 10 2014 10 08 39 76 -4.50682853E+1 -2.49621785E+1 -1.00000000E+2 4.16552200E+5 0.00000000E+0 2.75699049E+1 4.37665066E-1 8.72910023E-1 2.67871877E-3 1.16631389E-1 2.01642317E-3 -2.65538692E-1 3.67014925E-3
09 10 2014 10 08 43 81 -4.50682853E+1 -2.49621785E+1 -5.00000000E+1 4.16556700E+5 0.00000000E+0 2.75672674E+1 4.68114053E-1 8.67009163E-1 3.35395489E-3 1.23131275E-1 1.98833090E-3 -2.75236368E-1 4.62864956E-3
09 10 2014 10 08 48 85 -4.50682853E+1 -2.49621785E+1 0.00000000E+0 4.16561300E+5 0.00000000E+0 2.76941806E+1 4.58294419E-1 8.63954425E-1 3.75761472E-3 1.25892460E-1 2.69721171E-3 -2.87555158E-1 3.50218924E-3
09 10 2014 10 08 53 90 -4.50682853E+1 -2.49621785E+1 5.00000000E+1 4.16565800E+5 0.00000000E+0 2.76275873E+1 4.52279165E-1 8.54504108E-1 2.38666280E-3 1.26343966E-1 2.83615147E-3 -2.92181969E-1 2.46531097E-3
09 10 2014 10 08 57 94 -4.50682853E+1 -2.49621785E+1 1.00000000E+2 4.16570300E+5 0.00000000E+0 2.75919437E+1 4.36907220E-1 8.46332312E-1 2.71411513E-3 1.27691031E-1 2.84352594E-3 -3.11434269E-1 4.30067453E-3
09 10 2014 10 09 07 104 -3.50531108E+1 -2.49621785E+1 -1.00000000E+2 4.16579900E+5 0.00000000E+0 2.75759697E+1 4.26602275E-1 8.70537758E-1 2.80275959E-3 1.08194351E-1 3.07944445E-3 -2.73978710E-1 4.23612080E-3
09 10 2014 10 09 11 109 -3.50531108E+1 -2.49621785E+1 -5.00000000E+1 4.16584400E+5 0.00000000E+0 2.75493413E+1 4.33873444E-1 8.64654779E-1 2.85721234E-3 1.12384558E-1 2.84191879E-3 -2.78212130E-1 3.30769978E-3
09 10 2014 10 09 16 113 -3.50531108E+1 -2.49621785E+1 0.00000000E+0 4.16588900E+5 0.00000000E+0 2.75570154E+1 4.75678872E-1 8.60673189E-1 2.96810468E-3 1.15370750E-1 3.38759336E-3 -2.83575058E-1 2.63358968E-3
09 10 2014 10 09 20 118 -3.50531108E+1 -2.49621785E+1 5.00000000E+1 4.16593500E+5 0.00000000E+0 2.75509804E+1 4.14412590E-1 8.50245357E-1 3.59210513E-3 1.12570822E-1 2.32288664E-3 -2.98306346E-1 4.87056636E-3
09 10 2014 10 09 25 122 -3.50531108E+1 -2.49621785E+1 1.00000000E+2 4.16598000E+5 0.00000000E+0 2.76018977E+1 4.39023251E-1 8.47333670E-1 2.73634558E-3 1.11621618E-1 2.64765980E-3 -3.04347277E-1 3.68474048E-3
09 10 2014 10 09 34 132 -2.50379363E+1 -2.49621785E+1 -1.00000000E+2 4.16607600E+5 0.00000000E+0 2.76982039E+1 4.40200694E-1 8.68327916E-1 2.67640785E-3 9.80049372E-2 2.82834350E-3 -2.66581774E-1 4.67132113E-3
09 10 2014 10 09 39 136 -2.50379363E+1 -2.49621785E+1 -5.00000000E+1 4.16612100E+5 0.00000000E+0 2.76254416E+1 5.06629796E-1 8.66323709E-1 2.62256872E-3 9.87827778E-2 2.41264964E-3 -2.73168087E-1 3.21143906E-3
09 10 2014 10 09 43 141 -2.50379363E+1 -2.49621785E+1 0.00000000E+0 4.16616600E+5 0.00000000E+0 2.77020782E+1 4.39677565E-1 8.56801867E-1 3.25709071E-3 1.05433166E-1 2.46544054E-3 -2.89306045E-1 2.51297970E-3
09 10 2014 10 09 48 145 -2.50379363E+1 -2.49621785E+1 5.00000000E+1 4.16621100E+5 0.00000000E+0 2.76206136E+1 4.97323379E-1 8.50689411E-1 2.46770655E-3 1.01208687E-1 2.69573410E-3 -3.04633379E-1 3.55666517E-3
09 10 2014 10 09 52 150 -2.50379363E+1 -2.49621785E+1 1.00000000E+2 4.16625700E+5 0.00000000E+0 2.76024342E+1 4.99110915E-1 8.39984417E-1 3.09898300E-3 1.05446577E-1 2.45633718E-3 -3.17394733E-1 3.70155478E-3
09 10 2014 10 10 02 160 0.00000000E+0 -2.49621785E+1 -1.00000000E+2 4.16635400E+5 0.00000000E+0 2.76038051E+1 4.38543417E-1 8.68573785E-1 4.73665078E-3 7.90134072E-2 2.52101343E-3 -2.84038484E-1 3.02979855E-3
09 10 2014 10 10 07 164 0.00000000E+0 -2.49621785E+1 -5.00000000E+1 4.16639900E+5 0.00000000E+0 2.75992155E+1 4.53525636E-1 8.65912437E-1 2.90064192E-3 8.10921192E-2 2.29820872E-3 -2.90256739E-1 4.32768090E-3
09 10 2014 10 10 11 169 0.00000000E+0 -2.49621785E+1 0.00000000E+0 4.16644400E+5 0.00000000E+0 2.76529193E+1 4.61897152E-1 8.59898329E-1 2.93923717E-3 8.27252865E-2 2.82537135E-3 -2.99710035E-1 3.96379025E-3
09 10 2014 10 10 16 173 0.00000000E+0 -2.49621785E+1 5.00000000E+1 4.16648900E+5 0.00000000E+0 2.76486278E+1 4.69237118E-1 8.56876373E-1 3.29432927E-3 8.18431377E-2 2.69475590E-3 -3.02946568E-1 3.48070068E-3
09 10 2014 10 10 20 178 0.00000000E+0 -2.49621785E+1 1.00000000E+2 4.16653400E+5 0.00000000E+0 2.76501775E+1 4.72211245E-1 8.45152140E-1 2.66174687E-3 8.35657120E-2 3.10185373E-3 -3.17811966E-1 3.66938835E-3
09 10 2014 10 10 30 187 2.50379363E+1 -2.49621785E+1 -1.00000000E+2 4.16663100E+5 0.00000000E+0 2.75967121E+1 4.21373640E-1 8.62252712E-1 2.87637960E-3 5.79595566E-2 2.45667971E-3 -2.77721882E-1 4.46913100E-3
09 10 2014 10 10 34 192 2.50379363E+1 -2.49621785E+1 -5.00000000E+1 4.16667700E+5 0.00000000E+0 2.76405811E+1 4.24488934E-1 8.65191221E-1 2.76986980E-3 5.91874123E-2 3.12359947E-3 -2.85780430E-1 4.00766855E-3
09 10 2014 10 10 39 196 2.50379363E+1 -2.49621785E+1 0.00000000E+0 4.16672200E+5 0.00000000E+0 2.75764465E+1 4.42910172E-1 8.58330727E-1 2.51088301E-3 6.49273396E-2 2.81842708E-3 -3.00484896E-1 4.38314853E-3
09 10 2014 10 10 43 201 2.50379363E+1 -2.49621785E+1 5.00000000E+1 4.16676700E+5 0.00000000E+0 2.75694132E+1 4.34154947E-1 8.51374865E-1 2.76889753E-3 6.30378723E-2 2.44722352E-3 -3.16929817E-1 4.63609687E-3
09 10 2014 10 10 48 205 2.50379363E+1 -2.49621785E+1 1.00000000E+2 4.16681200E+5 0.00000000E+0 2.76013017E+1 4.51604141E-1 8.55731964E-1 3.31321018E-3 6.11841679E-2 3.06958591E-3 -3.27724218E-1 3.71824276E-3
09 10 2014 10 10 58 215 3.50531108E+1 -2.49621785E+1 -1.00000000E+2 4.16690800E+5 0.00000000E+0 2.76007652E+1 4.48730849E-1 8.66776705E-1 2.68919910E-3 5.12003899E-2 2.33521487E-3 -2.85947323E-1 2.99640084E-3
09 10 2014 10 11 02 220 3.50531108E+1 -2.49621785E+1 -5.00000000E+1 4.16695400E+5 0.00000000E+0 2.76459455E+1 4.68846378E-1 8.59206915E-1 2.59060335E-3 4.98712063E-2 3.12234811E-3 -2.97033787E-1 3.22760810E-3
09 10 2014 10 11 07 224 3.50531108E+1 -2.49621785E+1 0.00000000E+0 4.16699900E+5 0.00000000E+0 2.76480317E+1 4.50250832E-1 8.57627392E-1 3.02892361E-3 5.67913055E-2 2.66879755E-3 -3.04830074E-1 4.25845006E-3
09 10 2014 10 11 11 229 3.50531108E+1 -2.49621785E+1 5.00000000E+1 4.16704400E+5 0.00000000E+0 2.76008844E+1 4.21692398E-1 8.53115320E-1 2.92039711E-3 5.79476357E-2 2.58147116E-3 -3.18115950E-1 3.94206877E-3
09 10 2014 10 11 16 233 3.50531108E+1 -2.49621785E+1 1.00000000E+2 4.16708900E+5 0.00000000E+0 2.76128054E+1 4.66853022E-1 8.47208500E-1 4.21235948E-3 5.86748123E-2 3.19113599E-3 -3.22276354E-1 3.29602595E-3
09 10 2014 10 11 25 243 4.50682853E+1 -2.49621785E+1 -1.00000000E+2 4.16718500E+5 0.00000000E+0 2.74740905E+1 3.91046075E-1 8.66152346E-1 3.17171954E-3 4.62830067E-2 2.24143053E-3 -2.89283693E-1 4.17055791E-3
09 10 2014 10 11 30 247 4.50682853E+1 -2.49621785E+1 -5.00000000E+1 4.16723100E+5 0.00000000E+0 2.75745988E+1 4.54344858E-1 8.56292248E-1 2.99010399E-3 4.60207462E-2 2.83673158E-3 -3.03339958E-1 3.86289992E-3
09 10 2014 10 11 34 252 4.50682853E+1 -2.49621785E+1 0.00000000E+0 4.16727600E+5 0.00000000E+0 2.76749134E+1 4.78383493E-1 8.56828690E-1 3.50133266E-3 4.58955765E-2 2.78041453E-3 -3.10516357E-1 4.07641097E-3
09 10 2014 10 11 39 256 4.50682853E+1 -2.49621785E+1 5.00000000E+1 4.16732100E+5 0.00000000E+0 2.76486278E+1 4.23607714E-1 8.52191448E-1 2.83742361E-3 4.95493412E-2 2.05360549E-3 -3.17555666E-1 3.25188917E-3
09 10 2014 10 11 43 261 4.50682853E+1 -2.49621785E+1 1.00000000E+2 4.16736600E+5 0.00000000E+0 2.76060104E+1 4.71076456E-1 8.40693712E-1 2.55525474E-3 5.09977341E-2 2.87682162E-3 -3.25071812E-1 4.05733948E-3
09 10 2014 10 11 53 270 5.49317147E+1 -2.49621785E+1 -1.00000000E+2 4.16746200E+5 0.00000000E+0 2.76500583E+1 4.43833580E-1 8.63069296E-1 2.73196872E-3 4.18365002E-2 2.79770474E-3 -2.81274319E-1 3.23741862E-3
09 10 2014 10 11 57 275 5.49317147E+1 -2.49621785E+1 -5.00000000E+1 4.16750700E+5 0.00000000E+0 2.75534987E+1 4.32210014E-1 8.51857662E-1 3.03750470E-3 3.66032124E-2 2.61474274E-3 -2.88027525E-1 3.79016380E-3
09 10 2014 10 12 02 279 5.49317147E+1 -2.49621785E+1 0.00000000E+0 4.16755300E+5 0.00000000E+0 2.75720954E+1 4.93098337E-1 8.46898556E-1 2.77559520E-3 4.08053398E-2 2.68073767E-3 -3.03214788E-1 2.99849062E-3
09 10 2014 10 12 07 284 5.49317147E+1 -2.49621785E+1 5.00000000E+1 4.16759800E+5 0.00000000E+0 2.75350213E+1 4.92435832E-1 8.42982531E-1 2.81555957E-3 4.51683998E-2 2.08814247E-3 -3.12471390E-1 5.62682734E-3
09 10 2014 10 12 11 288 5.49317147E+1 -2.49621785E+1 1.00000000E+2 4.16764300E+5 0.00000000E+0 2.74301767E+1 4.24390340E-1 8.20618868E-1 1.06531588E-2 4.33683395E-2 2.27850811E-3 -3.19844484E-1 3.15219635E-3
09 10 2014 10 12 21 298 6.49468892E+1 -2.49621785E+1 -1.00000000E+2 4.16773900E+5 0.00000000E+0 2.75665522E+1 4.51892759E-1 8.39829445E-1 3.27268954E-3 3.31819057E-2 2.49494804E-3 -2.91460752E-1 4.09615605E-3
09 10 2014 10 12 25 303 6.49468892E+1 -2.49621785E+1 -5.00000000E+1 4.16778400E+5 0.00000000E+0 2.75772214E+1 4.62211509E-1 8.46403837E-1 3.45464001E-3 2.41339207E-2 2.81237003E-3 -2.94679403E-1 4.18985153E-3
09 10 2014 10 12 30 307 6.49468892E+1 -2.49621785E+1 0.00000000E+0 4.16782900E+5 0.00000000E+0 2.75381207E+1 4.55155281E-1 8.44913721E-1 3.18284573E-3 3.39090824E-2 2.53072528E-3 -2.97713280E-1 3.37006159E-3
09 10 2014 10 12 34 312 6.49468892E+1 -2.49621785E+1 5.00000000E+1 4.16787500E+5 0.00000000E+0 2.75630951E+1 4.50029365E-1 8.38589668E-1 2.62157749E-3 3.53693962E-2 3.31381964E-3 -3.10659409E-1 3.90193042E-3
09 10 2014 10 12 39 316 6.49468892E+1 -2.49621785E+1 1.00000000E+2 4.16792000E+5 0.00000000E+0 2.75784731E+1 4.66243253E-1 8.34280252E-1 3.31548378E-3 3.79681587E-2 1.99868608E-3 -3.20500135E-1 4.16352754E-3
09 10 2014 10 12 50 327 -6.49468892E+1 -1.25567322E+1 -1.00000000E+2 4.16802800E+5 0.00000000E+0 2.75653601E+1 4.67002297E-1 8.79555941E-1 2.92309994E-3 1.20878220E-1 2.45273898E-3 -2.73913145E-1 3.80263308E-3
09 10 2014 10 12 54 331 -6.49468892E+1 -1.25567322E+1 -5.00000000E+1 4.16807300E+5 0.00000000E+0 2.75644660E+1 4.40596236E-1 8.71479511E-1 2.57613454E-3 1.28239393E-1 1.60163862E-3 -2.82198191E-1 3.68603934E-3
09 10 2014 10 12 59 336 -6.49468892E+1 -1.25567322E+1 0.00000000E+0 4.16811800E+5 0.00000000E+0 2.76710838E+1 4.33213670E-1 8.71136785E-1 2.68362149E-3 1.28932297E-1 2.74887721E-3 -2.80648470E-1 2.80196780E-3
09 10 2014 10 13 03 340 -6.49468892E+1 -1.25567322E+1 5.00000000E+1 4.16816300E+5 0.00000000E+0 2.75712609E+1 4.56309229E-1 8.60947371E-1 3.16989489E-3 1.28376484E-1 2.65347978E-3 -2.89851427E-1 5.08968121E-3
09 10 2014 10 13 08 345 -6.49468892E+1 -1.25567322E+1 1.00000000E+2 4.16820900E+5 0.00000000E+0 2.74926424E+1 4.60837581E-1 8.51827860E-1 3.17437479E-3 1.29401684E-1 2.38966939E-3 -2.99692154E-1 3.52742473E-3
09 10 2014 10 13 17 355 -5.49317147E+1 -1.25567322E+1 -1.00000000E+2 4.16830500E+5 0.00000000E+0 2.75325775E+1 4.21576545E-1 8.78918171E-1 2.79353781E-3 1.15078688E-1 3.07649811E-3 -2.68596411E-1 4.35764903E-3
09 10 2014 10 13 22 359 -5.49317147E+1 -1.25567322E+1 -5.00000000E+1 4.16835000E+5 0.00000000E+0 2.75726616E+1 4.71167007E-1 8.76583159E-1 2.85761642E-3 1.15334988E-1 2.80044586E-3 -2.84254551E-1 3.44072512E-3
09 10 2014 10 13 26 364 -5.49317147E+1 -1.25567322E+1 0.00000000E+0 4.16839500E+5 0.00000000E+0 2.76002884E+1 4.84686420E-1 8.69613886E-1 3.13048201E-3 1.17665529E-1 2.42014020E-3 -2.93743610E-1 3.63804779E-3
09 10 2014 10 13 31 368 -5.49317147E+1 -1.25567322E+1 5.00000000E+1 4.16844000E+5 0.00000000E+0 2.75982916E+1 4.44199445E-1 8.65019858E-1 3.33010782E-3 1.14917755E-1 2.61247006E-3 -2.97576189E-1 3.97296741E-3
09 10 2014 10 13 35 373 -5.49317147E+1 -1.25567322E+1 1.00000000E+2 4.16848500E+5 0.00000000E+0 2.75446773E+1 4.47799927E-1 8.58187675E-1 3.63004160E-3 1.18285418E-1 3.12943058E-3 -3.09491158E-1 2.46549299E-3
09 10 2014 10 13 45 382 -4.50682853E+1 -1.25567322E+1 -1.00000000E+2 4.16858200E+5 0.00000000E+0 2.76414305E+1 4.76822400E-1 8.80718231E-1 3.67917284E-3 1.05209649E-1 3.37931704E-3 -2.73883343E-1 4.48539638E-3
09 10 2014 10 13 49 387 -4.50682853E+1 -1.25567322E+1 -5.00000000E+1 4.16862700E+5 0.00000000E+0 2.76144147E+1 5.10723491E-1 8.81350040E-1 2.60575256E-3 1.09457970E-1 2.91145161E-3 -2.81429291E-1 3.52203491E-3
09 10 2014 10 13 54 391 -4.50682853E+1 -1.25567322E+1 0.00000000E+0 4.16867200E+5 0.00000000E+0 2.75702775E+1 4.37852518E-1 8.67702067E-1 3.96693428E-3 1.10097229E-1 1.85648775E-3 -2.94186175E-1 4.58529174E-3
09 10 2014 10 13 58 396 -4.50682853E+1 -1.25567322E+1 5.00000000E+1 4.16871700E+5 0.00000000E+0 2.75326967E+1 4.96097010E-1 8.59987736E-1 3.35103229E-3 1.11061335E-1 2.95091945E-3 -2.96229124E-1 3.77160817E-3
09 10 2014 10 14 03 400 -4.50682853E+1 -1.25567322E+1 1.00000000E+2 4.16876200E+5 0.00000000E+0 2.75864005E+1 4.59018303E-1 8.58575106E-1 2.82044321E-3 1.08230114E-1 1.96943286E-3 -3.06588411E-1 3.65698969E-3
09 10 2014 10 14 13 410 -3.50531108E+1 -1.25567322E+1 -1.00000000E+2 4.16885800E+5 0.00000000E+0 2.75978446E+1 4.21048737E-1 8.75508785E-1 3.29457901E-3 1.01083517E-1 2.95780553E-3 -2.67809629E-1 3.54318089E-3
09 10 2014 10 14 17 415 -3.50531108E+1 -1.25567322E+1 -5.00000000E+1 4.16890400E+5 0.00000000E+0 2.75315344E+1 4.70096081E-1 8.71032476E-1 3.57773539E-3 9.94428992E-2 3.10866462E-3 -2.78741121E-1 3.40905221E-3
09 10 2014 10 14 22 419 -3.50531108E+1 -1.25567322E+1 0.00000000E+0 4.16894900E+5 0.00000000E+0 2.75201201E+1 4.66951600E-1 8.57096910E-1 3.12546063E-3 1.01971626E-1 2.67411707E-3 -2.83944607E-1 3.85602024E-3
09 10 2014 10 14 26 424 -3.50531108E+1 -1.25567322E+1 5.00000000E+1 4.16899400E+5 0.00000000E+0 2.75829434E+1 4.71920603E-1 8.53765011E-1 2.87767945E-3 1.01292133E-1 2.84899832E-3 -2.89982557E-1 2.96765106E-3
09 10 2014 10 14 31 428 -3.50531108E+1 -1.25567322E+1 1.00000000E+2 4.16903900E+5 0.00000000E+0 2.75574923E+1 4.26808670E-1 8.52674246E-1 3.05468640E-3 1.04248524E-1 1.84900851E-3 -3.01742554E-1 3.62645470E-3
09 10 2014 10 14 40 438 -2.50379363E+1 -1.25567322E+1 -1.00000000E+2 4.16913500E+5 0.00000000E+0 2.76441127E+1 4.46320380E-1 8.75331461E-1 3.54333613E-3 9.07108188E-2 3.24998391E-3 -2.60770321E-1 3.39610508E-3
09 10 2014 10 14 45 442 -2.50379363E+1 -1.25567322E+1 -5.00000000E+1 4.16918000E+5 0.00000000E+0 2.75693536E+1 4.67680756E-1 8.72993469E-1 3.29741555E-3 9.61184502E-2 2.11030393E-3 -2.64155865E-1 3.72138446E-3
09 10 2014 10 14 49 447 -2.50379363E+1 -1.25567322E+1 0.00000000E+0 4.16922600E+5 0.00000000E+0 2.75321603E+1 4.30468008E-1 8.72522593E-1 2.98133002E-3 1.01387501E-1 2.86872459E-3 -2.76857615E-1 4.54684115E-3
09 10 2014 10 14 54 451 -2.50379363E+1 -1.25567322E+1 5.00000000E+1 4.16927100E+5 0.00000000E+0 2.75487304E+1 4.55344414E-1 8.58104229E-1 2.83900476E-3 1.01685524E-1 2.75908146E-3 -2.91180611E-1 3.14338704E-3
09 10 2014 10 14 58 456 -2.50379363E+1 -1.25567322E+1 1.00000000E+2 4.16931600E+5 0.00000000E+0 2.76089311E+1 4.59982273E-1 8.50671530E-1 3.27599598E-3 9.68098640E-2 2.78925069E-3 -2.96807289E-1 4.42227651E-3
09 10 2014 10 15 08 465 0.00000000E+0 -1.25567322E+1 -1.00000000E+2 4.16941300E+5 0.00000000E+0 2.75194049E+1 4.36518254E-1 8.66293907E-1 2.78202808E-3 7.33673573E-2 1.79813960E-3 -2.62415409E-1 3.86342266E-3
09 10 2014 10 15 13 470 0.00000000E+0 -1.25567322E+1 -5.00000000E+1 4.16945800E+5 0.00000000E+0 2.75260210E+1 4.99713581E-1 8.55785608E-1 3.19574410E-3 7.57157803E-2 2.27347198E-3 -2.79515982E-1 3.74202358E-3
09 10 2014 10 15 17 475 0.00000000E+0 -1.25567322E+1 0.00000000E+0 4.16950300E+5 0.00000000E+0 2.75569558E+1 4.48056271E-1 8.44305754E-1 2.88717003E-3 7.98940659E-2 2.52039712E-3 -2.85071135E-1 3.03020121E-3
09 10 2014 10 15 22 479 0.00000000E+0 -1.25567322E+1 5.00000000E+1 4.16954900E+5 0.00000000E+0 2.76057720E+1 5.04232289E-1 8.42428207E-1 2.70393424E-3 7.73906708E-2 3.29786917E-3 -3.00174952E-1 3.27941883E-3
09 10 2014 10 15 26 484 0.00000000E+0 -1.25567322E+1 1.00000000E+2 4.16959400E+5 0.00000000E+0 2.75903940E+1 4.84622206E-1 8.40181112E-1 2.16363521E-3 7.76588917E-2 2.40619284E-3 -3.05837393E-1 3.99484073E-3
09 10 2014 10 15 36 493 2.50379363E+1 -1.25567322E+1 -1.00000000E+2 4.16969100E+5 0.00000000E+0 2.75148749E+1 4.83705328E-1 8.57853889E-1 2.60302430E-3 5.12540340E-2 2.48328927E-3 -2.76446342E-1 3.57376814E-3
09 10 2014 10 15 40 498 2.50379363E+1 -1.25567322E+1 -5.00000000E+1 4.16973600E+5 0.00000000E+0 2.75626183E+1 4.56693459E-1 8.60214233E-1 2.65576196E-3 5.85317612E-2 2.51932858E-3 -2.82877684E-1 3.36608102E-3
09 10 2014 10 15 45 502 2.50379363E+1 -1.25567322E+1 0.00000000E+0 4.16978100E+5 0.00000000E+0 2.75945067E+1 4.63593147E-1 8.52692127E-1 2.67956559E-3 5.91456890E-2 2.18660515E-3 -2.93427706E-1 4.03266859E-3
09 10 2014 10 15 49 507 2.50379363E+1 -1.25567322E+1 5.00000000E+1 4.16982600E+5 0.00000000E+0 2.75974870E+1 4.73143121E-1 8.44734907E-1 2.73081863E-3 6.30557537E-2 3.08649815E-3 -3.01295519E-1 3.39308101E-3
09 10 2014 10 15 54 511 2.50379363E+1 -1.25567322E+1 1.00000000E+2 4.16987200E+5 0.00000000E+0 2.75449753E+1 4.36234750E-1 8.41122866E-1 2.14097781E-3 6.01172447E-2 2.61263229E-3 -3.10486555E-1 3.43165755E-3
09 10 2014 10 16 04 521 3.50531108E+1 -1.25567322E+1 -1.00000000E+2 4.16996800E+5 0.00000000E+0 2.75412798E+1 4.54074510E-1 8.69071484E-1 3.20271681E-3 4.71770763E-2 2.75389212E-3 -2.71397829E-1 3.67596115E-3
09 10 2014 10 16 08 525 3.50531108E+1 -1.25567322E+1 -5.00000000E+1 4.17001300E+5 0.00000000E+0 2.76263356E+1 4.49932441E-1 8.70805979E-1 3.35646830E-3 4.35709953E-2 1.76116610E-3 -2.83062458E-1 3.60035322E-3
09 10 2014 10 16 13 530 3.50531108E+1 -1.25567322E+1 0.00000000E+0 4.17005800E+5 0.00000000E+0 2.75840759E+1 4.20408530E-1 8.64213705E-1 2.50308882E-3 4.28676605E-2 2.88092650E-3 -2.88498402E-1 3.90708333E-3
09 10 2014 10 16 17 534 3.50531108E+1 -1.25567322E+1 5.00000000E+1 4.17010300E+5 0.00000000E+0 2.76063681E+1 4.39444807E-1 8.60959291E-1 3.18744823E-3 4.84526157E-2 3.16167313E-3 -2.99757719E-1 3.43797237E-3
09 10 2014 10 16 22 539 3.50531108E+1 -1.25567322E+1 1.00000000E+2 4.17014800E+5 0.00000000E+0 2.75763869E+1 4.68538814E-1 8.52398574E-1 2.50319403E-3 4.70727682E-2 2.23396852E-3 -3.11471522E-1 3.92177879E-3
09 10 2014 10 16 31 549 4.50682853E+1 -1.25567322E+1 -1.00000000E+2 4.17024500E+5 0.00000000E+0 2.75920033E+1 4.29745817E-1 8.74257088E-1 3.08022158E-3 3.74078751E-2 2.58312211E-3 -2.67779827E-1 3.10669660E-3
09 10 2014 10 16 36 553 4.50682853E+1 -1.25567322E+1 -5.00000000E+1 4.17029000E+5 0.00000000E+0 2.75895596E+1 4.57877639E-1 8.69733095E-1 2.35173929E-3 3.48567963E-2 1.93514459E-3 -2.77858973E-1 3.92434584E-3
09 10 2014 10 16 40 558 4.50682853E+1 -1.25567322E+1 0.00000000E+0 4.17033500E+5 0.00000000E+0 2.76304483E+1 4.79183089E-1 8.67229700E-1 3.13692626E-3 4.08411026E-2 2.52389640E-3 -2.85947323E-1 3.43462587E-3
09 10 2014 10 16 45 562 4.50682853E+1 -1.25567322E+1 5.00000000E+1 4.17038000E+5 0.00000000E+0 2.76188254E+1 4.71819382E-1 8.61603022E-1 2.63150856E-3 4.32074070E-2 2.29025411E-3 -2.97129154E-1 3.84273001E-3
09 10 2014 10 16 49 567 4.50682853E+1 -1.25567322E+1 1.00000000E+2 4.17042500E+5 0.00000000E+0 2.75800228E+1 4.65309020E-1 8.61912966E-1 3.03749855E-3 4.64737415E-2 2.14551449E-3 -3.04442644E-1 4.92884302E-3
09 10 2014 10 16 59 576 5.49317147E+1 -1.25567322E+1 -1.00000000E+2 4.17052200E+5 0.00000000E+0 2.76234150E+1 4.47723978E-1 8.80545378E-1 2.51471528E-3 2.70366669E-2 2.57500198E-3 -2.73698568E-1 3.95967461E-3
09 10 2014 10 17 03 581 5.49317147E+1 -1.25567322E+1 -5.00000000E+1 4.17056700E+5 0.00000000E+0 2.76065469E+1 4.72451811E-1 8.72755051E-1 2.94592841E-3 3.01778316E-2 3.20135619E-3 -2.78729200E-1 3.73910426E-3
09 10 2014 10 17 08 585 5.49317147E+1 -1.25567322E+1 0.00000000E+0 4.17061200E+5 0.00000000E+0 2.75978446E+1 4.47752757E-1 8.72045755E-1 3.01550396E-3 3.20136547E-2 2.46636501E-3 -2.87818909E-1 4.78518808E-3
09 10 2014 10 17 12 590 5.49317147E+1 -1.25567322E+1 5.00000000E+1 4.17065700E+5 0.00000000E+0 2.75771618E+1 4.62512541E-1 8.65352154E-1 2.37661339E-3 3.23712826E-2 2.64347563E-3 -3.03357840E-1 3.24350630E-3
09 10 2014 10 17 17 594 5.49317147E+1 -1.25567322E+1 1.00000000E+2 4.17070200E+5 0.00000000E+0 2.77011842E+1 4.42201653E-1 8.62345099E-1 2.41767686E-3 3.21492553E-2 2.19108220E-3 -3.10704112E-1 3.59579562E-3
09 10 2014 10 17 27 604 6.49468892E+1 -1.25567322E+1 -1.00000000E+2 4.17079800E+5 0.00000000E+0 2.75951028E+1 4.86418107E-1 8.72635841E-1 2.74756350E-3 2.32934952E-2 2.41918969E-3 -2.75403261E-1 4.13746992E-3
09 10 2014 10 17 31 608 6.49468892E+1 -1.25567322E+1 -5.00000000E+1 4.17084300E+5 0.00000000E+0 2.75502801E+1 4.46694022E-1 8.63587856E-1 2.98314203E-3 1.59740448E-2 2.79918140E-3 -2.81405449E-1 4.01704492E-3
09 10 2014 10 17 36 613 6.49468892E+1 -1.25567322E+1 0.00000000E+0 4.17088900E+5 0.00000000E+0 2.76222825E+1 4.54837955E-1 8.63993168E-1 3.12972334E-3 2.37047672E-2 2.52889225E-3 -2.91055441E-1 3.39065540E-3
09 10 2014 10 17 40 618 6.49468892E+1 -1.25567322E+1 5.00000000E+1 4.17093400E+5 0.00000000E+0 2.75709480E+1 4.65741041E-1 8.57792795E-1 3.05719151E-3 2.87517905E-2 2.43926744E-3 -3.02605331E-1 3.62285608E-3
09 10 2014 10 17 45 622 6.49468892E+1 -1.25567322E+1 1.00000000E+2 4.17097900E+5 0.00000000E+0 2.75415778E+1 4.50293887E-1 8.48400593E-1 2.75199710E-3 2.87473202E-2 2.03531362E-3 -3.14587355E-1 3.70720312E-3
09 10 2014 10 17 55 633 -6.49468892E+1 0.00000000E+0 -1.00000000E+2 4.17108700E+5 0.00000000E+0 2.75946259E+1 4.51089635E-1 8.91691446E-1 2.55630827E-3 1.04814768E-1 3.00457076E-3 -2.69091129E-1 4.15194705E-3
09 10 2014 10 18 00 637 -6.49468892E+1 0.00000000E+0 -5.00000000E+1 4.17113200E+5 0.00000000E+0 2.75838971E+1 4.39383288E-1 8.87268782E-1 3.40913449E-3 1.13147497E-1 2.30418912E-3 -2.79515982E-1 3.73502138E-3
09 10 2014 10 18 04 642 -6.49468892E+1 0.00000000E+0 0.00000000E+0 4.17117700E+5 0.00000000E+0 2.75653601E+1 4.38192317E-1 8.81695747E-1 2.74156814E-3 1.13570690E-1 3.29117192E-3 -2.80320644E-1 4.13215633E-3
09 10 2014 10 18 09 646 -6.49468892E+1 0.00000000E+0 5.00000000E+1 4.17122300E+5 0.00000000E+0 2.76037455E+1 4.24672792E-1 8.78387690E-1 3.84447649E-3 1.06978416E-1 3.22443181E-3 -2.89964676E-1 3.16968842E-3
09 10 2014 10 18 14 651 -6.49468892E+1 0.00000000E+0 1.00000000E+2 4.17126800E+5 0.00000000E+0 2.76172161E+1 4.38268863E-1 8.70692730E-1 2.65714158E-3 1.20514631E-1 2.88198425E-3 -3.04484367E-1 4.29912643E-3
09 10 2014 10 18 23 661 -5.49317147E+1 0.00000000E+0 -1.00000000E+2 4.17136400E+5 0.00000000E+0 2.76050568E+1 4.48466418E-1 9.03874636E-1 7.53924665E-3 1.04844570E-1 2.43063281E-3 -2.31629610E-1 4.12871128E-3
09 10 2014 10 18 28 665 -5.49317147E+1 0.00000000E+0 -5.00000000E+1 4.17140900E+5 0.00000000E+0 2.76048779E+1 4.46317964E-1 8.93414021E-1 3.27051769E-3 1.10578537E-1 2.66150099E-3 -2.11864710E-1 4.27754724E-3
09 10 2014 10 18 32 670 -5.49317147E+1 0.00000000E+0 0.00000000E+0 4.17145400E+5 0.00000000E+0 2.75287628E+1 4.22477666E-1 8.76474380E-1 3.10170905E-3 1.18112564E-1 2.41151009E-3 -2.04956532E-1 3.97863618E-3
09 10 2014 10 18 37 674 -5.49317147E+1 0.00000000E+0 5.00000000E+1 4.17149900E+5 0.00000000E+0 2.75725722E+1 4.84264322E-1 8.72224569E-1 2.61685863E-3 1.13332272E-1 2.86809879E-3 -2.28720903E-1 4.02669202E-3
09 10 2014 10 18 41 679 -5.49317147E+1 0.00000000E+0 1.00000000E+2 4.17154500E+5 0.00000000E+0 2.75797397E+1 4.54059190E-1 8.67553055E-1 3.18832854E-3 1.08890235E-1 2.56118553E-3 -2.62252986E-1 2.79145591E-3
09 10 2014 10 18 51 688 -4.50682853E+1 0.00000000E+0 -1.00000000E+2 4.17164100E+5 0.00000000E+0 2.77490020E+1 4.84647358E-1 9.36073065E-1 3.61357759E-3 1.07717514E-1 4.34254011E-3 -2.63637304E-1 4.06481230E-3
09 10 2014 10 18 55 693 -4.50682853E+1 0.00000000E+0 -5.00000000E+1 4.17168600E+5 0.00000000E+0 2.77233720E+1 4.54008680E-1 9.32323933E-1 3.07592066E-3 9.49978828E-2 8.60594780E-3 -2.74324417E-1 6.59734839E-3
09 10 2014 10 19 00 697 -4.50682853E+1 0.00000000E+0 0.00000000E+0 4.17173100E+5 0.00000000E+0 2.77721286E+1 4.59858354E-1 9.23603773E-1 2.47435801E-3 8.82923603E-2 2.08361549E-3 -2.79223919E-1 3.26470376E-3
09 10 2014 10 19 04 702 -4.50682853E+1 0.00000000E+0 5.00000000E+1 4.17177600E+5 0.00000000E+0 2.77564526E+1 4.65580592E-1 9.14239883E-1 3.88148160E-3 7.85768032E-2 3.46803721E-3 -2.88206339E-1 3.28962053E-3
09 10 2014 10 19 09 706 -4.50682853E+1 0.00000000E+0 1.00000000E+2 4.17182100E+5 0.00000000E+0 2.77875662E+1 4.57649595E-1 9.19514894E-1 3.09931484E-3 9.07719135E-2 2.12773159E-3 -3.04371119E-1 4.13005161E-3
09 10 2014 10 19 19 716 -3.50531108E+1 0.00000000E+0 -1.00000000E+2 4.17191800E+5 0.00000000E+0 2.77988315E+1 4.36997372E-1 9.42832232E-1 3.45684763E-3 7.40885735E-2 2.11257102E-3 -2.74533033E-1 2.78188693E-3
09 10 2014 10 19 23 720 -3.50531108E+1 0.00000000E+0 -5.00000000E+1 4.17196300E+5 0.00000000E+0 2.77846456E+1 4.49363928E-1 9.36293602E-1 3.15270052E-3 7.47084618E-2 2.94630922E-3 -2.79307365E-1 3.41757614E-3
09 10 2014 10 19 28 725 -3.50531108E+1 0.00000000E+0 0.00000000E+0 4.17200800E+5 0.00000000E+0 2.77613401E+1 4.10165652E-1 9.35792923E-1 2.46197147E-3 8.07225704E-2 1.63418364E-3 -2.86060572E-1 3.76024785E-3
09 10 2014 10 19 32 729 -3.50531108E+1 0.00000000E+0 5.00000000E+1 4.17205300E+5 0.00000000E+0 2.77940035E+1 4.72184449E-1 9.38564539E-1 1.89544891E-2 7.75635242E-2 3.23158564E-3 -2.96962261E-1 3.29135373E-3
09 10 2014 10 19 37 734 -3.50531108E+1 0.00000000E+0 1.00000000E+2 4.17209800E+5 0.00000000E+0 2.78042257E+1 4.33928337E-1 9.20161605E-1 2.31191248E-3 7.83056021E-2 2.12842280E-3 -3.07559967E-1 3.64112346E-3
09 10 2014 10 19 46 744 -2.50379363E+1 0.00000000E+0 -1.00000000E+2 4.17219500E+5 0.00000000E+0 2.79884934E+1 4.44377896E-1 9.98133421E-1 4.77863058E-3 5.24044037E-2 3.76067050E-3 -2.86877155E-1 4.07272135E-3
09 10 2014 10 19 51 748 -2.50379363E+1 0.00000000E+0 -5.00000000E+1 4.17224000E+5 0.00000000E+0 2.81908512E+1 3.89581587E-1 1.03083253E+0 1.83246647E-2 2.35021114E-2 6.98048626E-3 -2.91699171E-1 3.41570993E-3
09 10 2014 10 19 55 753 -2.50379363E+1 0.00000000E+0 0.00000000E+0 4.17228500E+5 0.00000000E+0 2.85100341E+1 4.40243274E-1 1.10002160E+0 1.05933843E-2 -2.12728977E-2 2.96639064E-3 -3.14164162E-1 5.61735519E-3
09 10 2014 10 20 00 757 -2.50379363E+1 0.00000000E+0 5.00000000E+1 4.17233000E+5 0.00000000E+0 2.81588435E+1 4.76098787E-1 1.02967024E+0 1.02965145E-2 -1.68144703E-2 4.09469503E-3 -2.74366140E-1 5.20936268E-3
09 10 2014 10 20 04 762 -2.50379363E+1 0.00000000E+0 1.00000000E+2 4.17237500E+5 0.00000000E+0 2.79350877E+1 4.86997271E-1 9.82278585E-1 2.50189331E-3 1.17719173E-2 2.79112041E-3 -2.73400545E-1 3.68352238E-3
09 10 2014 10 20 14 771 0.00000000E+0 0.00000000E+0 -1.00000000E+2 4.17247200E+5 0.00000000E+0 2.80016661E+1 4.55463818E-1 1.00301504E+0 2.60799046E-3 -4.73856926E-3 2.26807020E-3 -2.25973129E-1 3.56127284E-3
09 10 2014 10 20 18 776 0.00000000E+0 0.00000000E+0 -5.00000000E+1 4.17251700E+5 0.00000000E+0 2.80364752E+1 4.44172109E-1 1.00132823E+0 2.60540092E-3 5.56707382E-3 2.56962282E-3 -2.28506327E-1 3.42048016E-3
09 10 2014 10 20 23 780 1.06221548E+0 0.00000000E+0 0.00000000E+0 4.17256300E+5 0.00000000E+0 2.79600620E+1 4.80815547E-1 9.86248255E-1 2.58030471E-3 6.28232956E-3 3.02892361E-3 -2.34723091E-1 4.27214526E-3
09 10 2014 10 20 28 785 0.00000000E+0 0.00000000E+0 5.00000000E+1 4.17260800E+5 0.00000000E+0 2.79429555E+1 4.84005081E-1 9.80831683E-1 2.73133041E-3 1.28298998E-2 2.63085476E-3 -2.40050256E-1 3.34911457E-3
09 10 2014 10 20 32 789 0.00000000E+0 0.00000000E+0 1.00000000E+2 4.17265300E+5 0.00000000E+0 2.80387402E+1 4.67760412E-1 9.75197554E-1 3.16899815E-3 1.18613243E-2 2.65421255E-3 -2.48187780E-1 3.95797424E-3
09 10 2014 10 20 42 799 2.50379363E+1 0.00000000E+0 -1.00000000E+2 4.17275000E+5 0.00000000E+0 2.79572606E+1 4.49610098E-1 9.85443592E-1 3.55814217E-3 -2.68220901E-3 1.96471802E-3 -2.02596188E-1 3.55624982E-3
09 10 2014 10 20 46 804 2.50379363E+1 0.00000000E+0 -5.00000000E+1 4.17279500E+5 0.00000000E+0 2.79467702E+1 4.03568687E-1 9.81509686E-1 2.85225180E-3 -1.61528587E-3 2.49950057E-3 -2.07924843E-1 3.88379324E-3
09 10 2014 10 20 51 808 2.50379363E+1 0.00000000E+0 0.00000000E+0 4.17284100E+5 0.00000000E+0 2.77967453E+1 4.44326882E-1 9.60123539E-1 3.77526022E-3 -5.42402267E-3 3.64987046E-3 -2.18641758E-1 2.65854862E-3
09 10 2014 10 20 55 813 2.50379363E+1 0.00000000E+0 5.00000000E+1 4.17288600E+5 0.00000000E+0 2.78844684E+1 4.92524394E-1 9.57518816E-1 2.38795777E-3 -1.72108412E-3 1.67231486E-3 -2.27272511E-1 3.30591813E-3
09 10 2014 10 21 00 817 2.50379363E+1 0.00000000E+0 1.00000000E+2 4.17293100E+5 0.00000000E+0 2.79557705E+1 4.89044473E-1 9.59426165E-1 1.16105761E-2 -5.00679016E-4 3.12912583E-3 -2.34895945E-1 3.31841515E-3
09 10 2014 10 21 09 827 3.50531108E+1 0.00000000E+0 -1.00000000E+2 4.17302700E+5 0.00000000E+0 2.78917551E+1 4.32090874E-1 9.69195366E-1 3.17115108E-3 -8.29100609E-3 1.67093434E-3 -1.94883347E-1 3.89744242E-3
09 10 2014 10 21 14 831 3.50531108E+1 0.00000000E+0 -5.00000000E+1 4.17307200E+5 0.00000000E+0 2.78885365E+1 4.50304671E-1 9.70727205E-1 2.79449481E-3 -6.15119934E-3 2.32136945E-3 -2.02560425E-1 3.91352926E-3
09 10 2014 10 21 18 836 3.50531108E+1 0.00000000E+0 0.00000000E+0 4.17311700E+5 0.00000000E+0 2.78805196E+1 4.58238374E-1 9.61706042E-1 3.06621340E-3 -4.43309546E-3 3.65986595E-3 -2.14919448E-1 2.85634181E-3
09 10 2014 10 21 23 840 3.50531108E+1 0.00000000E+0 5.00000000E+1 4.17316300E+5 0.00000000E+0 2.78670192E+1 4.55830687E-1 9.36388969E-1 2.56259844E-3 7.68899918E-4 2.10937337E-3 -2.24602222E-1 3.67730888E-3
09 10 2014 10 21 28 845 3.50531108E+1 0.00000000E+0 1.00000000E+2 4.17320800E+5 0.00000000E+0 2.78652459E+1 4.64145002E-1 9.16555524E-1 2.63157488E-3 1.57952309E-3 3.04594704E-3 -2.41599977E-1 4.24932071E-3
09 10 2014 10 21 37 855 4.50682853E+1 0.00000000E+0 -1.00000000E+2 4.17330400E+5 0.00000000E+0 2.77315974E+1 4.71039472E-1 9.32830572E-1 3.00641231E-3 -7.10487366E-3 2.16430055E-3 -1.95753574E-1 4.72787235E-3
09 10 2014 10 21 42 859 4.50682853E+1 0.00000000E+0 -5.00000000E+1 4.17334900E+5 0.00000000E+0 2.77253389E+1 5.03267755E-1 9.27442312E-1 3.51903404E-3 -9.85860825E-3 2.54681818E-3 -2.04849243E-1 3.95777109E-3
09 10 2014 10 21 46 864 4.50682853E+1 0.00000000E+0 0.00000000E+0 4.17339400E+5 0.00000000E+0 2.78019905E+1 4.78247546E-1 9.24050808E-1 2.68391644E-3 -1.38819218E-2 3.20070195E-3 -2.21407413E-1 4.81878472E-3
09 10 2014 10 21 51 868 4.50682853E+1 0.00000000E+0 5.00000000E+1 4.17344000E+5 0.00000000E+0 2.78164446E+1 4.36240392E-1 9.14745033E-1 3.10157090E-3 -1.13770366E-2 3.26931160E-3 -2.42389739E-1 4.55845656E-3
09 10 2014 10 21 55 873 4.50682853E+1 0.00000000E+0 1.00000000E+2 4.17348500E+5 0.00000000E+0 2.77326107E+1 4.54837417E-1 9.15098190E-1 3.02776280E-3 -6.11543655E-3 1.91794607E-3 -2.57545710E-1 4.55981786E-3
09 10 2014 10 22 05 882 5.49317147E+1 0.00000000E+0 -1.00000000E+2 4.17358100E+5 0.00000000E+0 2.77100205E+1 4.80326521E-1 9.38081741E-1 2.99752389E-3 -2.20060349E-2 2.81819487E-3 -2.02095509E-1 2.33924701E-3
09 10 2014 10 22 09 887 5.49317147E+1 0.00000000E+0 -5.00000000E+1 4.17362600E+5 0.00000000E+0 2.77802348E+1 4.51101640E-1 9.30279493E-1 2.56810153E-3 -2.11238861E-2 3.47801362E-3 -2.12365389E-1 4.16963085E-3
09 10 2014 10 22 14 891 5.49317147E+1 0.00000000E+0 0.00000000E+0 4.17367100E+5 0.00000000E+0 2.78552622E+1 4.78593991E-1 9.32388008E-1 3.36583335E-3 -1.43721700E-2 1.76492497E-3 -2.25812197E-1 4.50657366E-3
09 10 2014 10 22 18 896 5.49317147E+1 0.00000000E+0 5.00000000E+1 4.17371600E+5 0.00000000E+0 2.78182626E+1 4.94135205E-1 9.32437181E-1 2.81231684E-3 -1.86979771E-2 2.34951197E-3 -2.31558084E-1 3.44709747E-3
09 10 2014 10 22 23 900 5.49317147E+1 0.00000000E+0 1.00000000E+2 4.17376200E+5 0.00000000E+0 2.77823955E+1 4.58307235E-1 9.17710364E-1 2.66763250E-3 -1.33439898E-2 2.93215073E-3 -2.36362219E-1 4.03308124E-3
09 10 2014 10 22 33 910 6.49468892E+1 0.00000000E+0 -1.00000000E+2 4.17385800E+5 0.00000000E+0 2.77956724E+1 4.50571791E-1 9.50282812E-1 4.13685525E-3 -3.06904316E-2 3.14863520E-3 -1.99615955E-1 3.69872484E-3
09 10 2014 10 22 37 914 6.49468892E+1 0.00000000E+0 -5.00000000E+1 4.17390300E+5 0.00000000E+0 2.78776884E+1 4.49813578E-1 9.37201083E-1 2.81132433E-3 -2.84686685E-2 2.79916637E-3 -2.14889646E-1 4.20880829E-3
09 10 2014 10 22 42 919 6.49468892E+1 0.00000000E+0 0.00000000E+0 4.17394800E+5 0.00000000E+0 2.78119445E+1 4.41657531E-1 9.42754745E-1 2.12207339E-3 -2.44438648E-2 2.41859446E-3 -2.20501423E-1 2.60862132E-3
09 10 2014 10 22 46 923 6.49468892E+1 0.00000000E+0 5.00000000E+1 4.17399300E+5 0.00000000E+0 2.77326256E+1 4.90711391E-1 9.36150551E-1 2.80484031E-3 -2.38269567E-2 2.56115085E-3 -2.21595168E-1 4.11433267E-3
09 10 2014 10 22 51 928 6.49468892E+1 0.00000000E+0 1.00000000E+2 4.17403800E+5 0.00000000E+0 2.77425051E+1 4.59346618E-1 9.28205252E-1 2.64624697E-3 -2.18808651E-2 2.28992751E-3 -2.42716074E-1 3.10967446E-3
09 10 2014 10 23 01 939 -6.49468892E+1 1.25567322E+1 -1.00000000E+2 4.17414600E+5 0.00000000E+0 2.78754234E+1 4.75161425E-1 9.76055861E-1 2.63678984E-3 5.52177429E-2 3.65152995E-3 -2.04259157E-1 3.65539406E-3
09 10 2014 10 23 06 943 -6.49468892E+1 1.25567322E+1 -5.00000000E+1 4.17419200E+5 0.00000000E+0 2.78577209E+1 4.61629311E-1 9.74452496E-1 2.70407254E-3 5.79714775E-2 2.45469998E-3 -2.21270323E-1 3.49574749E-3
09 10 2014 10 23 10 948 -6.49468892E+1 1.25567322E+1 0.00000000E+0 4.17423700E+5 0.00000000E+0 2.77512670E+1 4.39307361E-1 9.70613956E-1 2.66585327E-3 6.08623028E-2 2.20303052E-3 -2.21449137E-1 3.21464564E-3
09 10 2014 10 23 15 952 -6.49468892E+1 1.25567322E+1 5.00000000E+1 4.17428200E+5 0.00000000E+0 2.77234316E+1 4.19230428E-1 9.52780247E-1 3.76247992E-3 6.26504421E-2 2.45207056E-3 -2.42680311E-1 3.81957134E-3
09 10 2014 10 23 19 957 -6.49468892E+1 1.25567322E+1 1.00000000E+2 4.17432700E+5 0.00000000E+0 2.77763009E+1 4.35097057E-1 9.46944952E-1 2.53987061E-3 6.62684441E-2 2.45950948E-3 -2.47746706E-1 3.73682320E-3
09 10 2014 10 23 29 966 -5.49317147E+1 1.25567322E+1 -1.00000000E+2 4.17442300E+5 0.00000000E+0 2.78261304E+1 4.64240037E-1 9.71519947E-1 4.14202739E-3 5.13911247E-2 2.14503510E-3 -2.08723545E-1 3.01451788E-3
09 10 2014 10 23 34 971 -5.49317147E+1 1.25567322E+1 -5.00000000E+1 4.17446800E+5 0.00000000E+0 2.77581215E+1 4.59099657E-1 9.64820385E-1 3.09811402E-3 5.54800034E-2 2.17154562E-3 -2.14028358E-1 4.12217090E-3
09 10 2014 10 23 38 976 -5.49317147E+1 1.25567322E+1 0.00000000E+0 4.17451400E+5 0.00000000E+0 2.78109908E+1 4.55325031E-1 9.60266590E-1 2.74415865E-3 5.46693802E-2 2.29186192E-3 -2.22998857E-1 4.74750745E-3
09 10 2014 10 23 43 980 -5.49317147E+1 1.25567322E+1 5.00000000E+1 4.17455900E+5 0.00000000E+0 2.77503133E+1 4.95476885E-1 9.45532322E-1 2.79439444E-3 5.32627106E-2 3.11691171E-3 -2.36499310E-1 3.63681405E-3
09 10 2014 10 23 47 985 -5.49317147E+1 1.25567322E+1 1.00000000E+2 4.17460400E+5 0.00000000E+0 2.76962668E+1 4.47785747E-1 9.36992466E-1 2.80263338E-3 5.19901514E-2 2.35414453E-3 -2.50287354E-1 3.75864672E-3
09 10 2014 10 23 57 994 -4.50682853E+1 1.25567322E+1 -1.00000000E+2 4.17470000E+5 0.00000000E+0 2.77755857E+1 4.57728750E-1 9.56237316E-1 3.44449819E-3 4.85420227E-2 2.67613012E-3 -2.02649832E-1 3.51350362E-3
09 10 2014 10 24 01 999 -4.50682853E+1 1.25567322E+1 -5.00000000E+1 4.17474500E+5 0.00000000E+0 2.77341008E+1 4.52606709E-1 9.48655605E-1 3.29839076E-3 4.85956669E-2 3.03685827E-3 -2.11119652E-1 2.99862157E-3
09 10 2014 10 24 06 1003 -4.50682853E+1 1.25567322E+1 0.00000000E+0 4.17479000E+5 0.00000000E+0 2.77465582E+1 4.52197530E-1 9.42975283E-1 3.00506859E-3 4.56035137E-2 2.19622992E-3 -2.24137306E-1 4.37791103E-3
09 10 2014 10 24 10 1008 -4.50682853E+1 1.25567322E+1 5.00000000E+1 4.17483600E+5 0.00000000E+0 2.76988000E+1 4.51288011E-1 9.35465097E-1 2.83758177E-3 4.75719571E-2 2.10226464E-3 -2.31787562E-1 3.55472294E-3
09 10 2014 10 24 15 1012 -4.50682853E+1 1.25567322E+1 1.00000000E+2 4.17488100E+5 0.00000000E+0 2.77212858E+1 4.81834095E-1 9.30035114E-1 2.63344768E-3 4.66883183E-2 3.13549535E-3 -2.43198872E-1 2.88961061E-3
09 10 2014 10 24 24 1022 -3.50531108E+1 1.25567322E+1 -1.00000000E+2 4.17497700E+5 0.00000000E+0 2.77073979E+1 4.73770721E-1 9.50348377E-1 2.90381178E-3 3.76880169E-2 2.94228920E-3 -2.06655264E-1 3.94036081E-3
09 10 2014 10 24 29 1026 -3.50531108E+1 1.25567322E+1 -5.00000000E+1 4.17502200E+5 0.00000000E+0 2.77644992E+1 5.03710197E-1 9.47082043E-1 3.54352390E-3 3.72290611E-2 3.20621788E-3 -2.11006403E-1 3.06070378E-3
09 10 2014 10 24 33 1031 -3.50531108E+1 1.25567322E+1 0.00000000E+0 4.17506700E+5 0.00000000E+0 2.77082622E+1 4.56717299E-1 9.38758254E-1 2.87188844E-3 3.46601009E-2 2.96493419E-3 -2.18920410E-1 4.22993549E-3
09 10 2014 10 24 38 1035 -3.50531108E+1 1.25567322E+1 5.00000000E+1 4.17511200E+5 0.00000000E+0 2.76956558E+1 4.55485511E-1 9.34851170E-1 3.41624089E-3 3.36945057E-2 3.31002000E-3 -2.36612558E-1 4.12631933E-3
09 10 2014 10 24 43 1040 -3.50531108E+1 1.25567322E+1 1.00000000E+2 4.17515800E+5 0.00000000E+0 2.76638567E+1 4.55434380E-1 9.31911170E-1 2.31440827E-3 3.49059701E-2 3.48619240E-3 -2.49527395E-1 2.38506728E-3
09 10 2014 10 24 52 1050 -2.50379363E+1 1.25567322E+1 -1.00000000E+2 4.17525400E+5 0.00000000E+0 2.77423859E+1 4.81667025E-1 9.47165489E-1 2.83565695E-3 2.77757645E-2 2.20626193E-3 -2.11542845E-1 4.05024993E-3
09 10 2014 10 24 57 1054 -2.50379363E+1 1.25567322E+1 -5.00000000E+1 4.17529900E+5 0.00000000E+0 2.78180838E+1 4.86002887E-1 9.35666263E-1 2.67322014E-3 2.81333923E-2 3.47169981E-3 -2.13116407E-1 3.70163560E-3
09 10 2014 10 25 01 1059 -2.50379363E+1 1.25567322E+1 0.00000000E+0 4.17534400E+5 0.00000000E+0 2.76883841E+1 4.39276821E-1 9.29403305E-1 2.84933959E-3 2.83539295E-2 2.74829159E-3 -2.25818157E-1 3.69176207E-3
09 10 2014 10 25 06 1063 -2.50379363E+1 1.25567322E+1 5.00000000E+1 4.17538900E+5 0.00000000E+0 2.76418775E+1 4.40534854E-1 9.29720700E-1 3.75473781E-3 3.02717090E-2 2.51358047E-3 -2.30230391E-1 3.55681281E-3
09 10 2014 10 25 10 1068 -2.50379363E+1 1.25567322E+1 1.00000000E+2 4.17543400E+5 0.00000000E+0 2.77265906E+1 4.40659381E-1 9.20015574E-1 2.54157801E-3 2.79307365E-2 3.04763270E-3 -2.44748592E-1 3.38964606E-3
09 10 2014 10 25 20 1077 0.00000000E+0 1.25567322E+1 -1.00000000E+2 4.17553200E+5 0.00000000E+0 2.77466774E+1 4.67070263E-1 9.41848755E-1 2.81453001E-3 8.32080841E-3 2.69090209E-3 -2.01332569E-1 4.04108479E-3
09 10 2014 10 25 24 1082 0.00000000E+0 1.25567322E+1 -5.00000000E+1 4.17557700E+5 0.00000000E+0 2.76750326E+1 4.84738452E-1 9.35748219E-1 2.61387492E-3 1.06617808E-2 2.58731536E-3 -2.19441950E-1 4.20933583E-3
09 10 2014 10 25 29 1086 0.00000000E+0 1.25567322E+1 0.00000000E+0 4.17562200E+5 0.00000000E+0 2.77147293E+1 4.53611995E-1 9.30958986E-1 2.97419665E-3 1.52707100E-2 2.56781756E-3 -2.29972601E-1 3.99761072E-3
09 10 2014 10 25 33 1091 0.00000000E+0 1.25567322E+1 5.00000000E+1 4.17566700E+5 0.00000000E+0 2.78287381E+1 4.46626152E-1 9.25779343E-1 2.88673608E-3 1.55866146E-2 2.07916858E-3 -2.34223902E-1 2.85047958E-3
09 10 2014 10 25 38 1095 0.00000000E+0 1.25567322E+1 1.00000000E+2 4.17571200E+5 0.00000000E+0 2.77534127E+1 4.50984734E-1 9.26291943E-1 2.73979427E-3 1.27315521E-2 2.87993978E-3 -2.41321325E-1 3.79647334E-3
09 10 2014 10 25 48 1105 2.50379363E+1 1.25567322E+1 -1.00000000E+2 4.17580900E+5 0.00000000E+0 2.77115703E+1 4.75801623E-1 9.42945480E-1 2.96349594E-3 -8.41617584E-3 2.45570527E-3 -2.23159790E-1 2.99337901E-3
09 10 2014 10 25 52 1110 2.50379363E+1 1.25567322E+1 -5.00000000E+1 4.17585500E+5 0.00000000E+0 2.77345628E+1 4.61193605E-1 9.44860280E-1 2.06222596E-3 -1.02072954E-2 2.14306122E-3 -2.31087208E-1 3.69510341E-3
09 10 2014 10 25 57 1114 2.50379363E+1 1.25567322E+1 0.00000000E+0 4.17590000E+5 0.00000000E+0 2.77852416E+1 4.59110389E-1 9.35572386E-1 3.34128114E-3 -4.48226929E-3 2.65136490E-3 -2.43759155E-1 2.91940451E-3
09 10 2014 10 26 01 1119 2.50379363E+1 1.25567322E+1 5.00000000E+1 4.17594500E+5 0.00000000E+0 2.77722627E+1 4.73059846E-1 9.23812389E-1 3.11833516E-3 -1.20401382E-2 2.51867536E-3 -2.53647566E-1 4.00786761E-3
09 10 2014 10 26 06 1123 2.50379363E+1 1.25567322E+1 1.00000000E+2 4.17599000E+5 0.00000000E+0 2.77433395E+1 4.52694800E-1 9.24807787E-1 3.80513186E-3 -6.49690628E-3 1.93092711E-3 -2.62874365E-1 3.65719421E-3
09 10 2014 10 26 15 1133 3.50531108E+1 1.25567322E+1 -1.00000000E+2 4.17608600E+5 0.00000000E+0 2.77040154E+1 4.34772087E-1 9.42170620E-1 2.65063135E-3 -1.75312161E-2 2.53272987E-3 -2.21788883E-1 4.15332190E-3
09 10 2014 10 26 20 1137 3.50531108E+1 1.25567322E+1 -5.00000000E+1 4.17613200E+5 0.00000000E+0 2.77651548E+1 4.65469138E-1 9.34195518E-1 3.09253224E-3 -1.77204609E-2 2.41946019E-3 -2.34544277E-1 3.28967169E-3
09 10 2014 10 26 24 1142 3.50531108E+1 1.25567322E+1 0.00000000E+0 4.17617700E+5 0.00000000E+0 2.78184563E+1 4.85383811E-1 9.32253897E-1 3.29349149E-3 -1.64955854E-2 2.80547356E-3 -2.44639814E-1 3.16573992E-3
09 10 2014 10 26 29 1146 3.50531108E+1 1.25567322E+1 5.00000000E+1 4.17622200E+5 0.00000000E+0 2.78054476E+1 4.67319765E-1 9.32198763E-1 3.12641770E-3 -1.26600266E-2 2.53872924E-3 -2.55948305E-1 3.97438065E-3
09 10 2014 10 26 33 1151 3.50531108E+1 1.25567322E+1 1.00000000E+2 4.17626700E+5 0.00000000E+0 2.77480483E+1 4.42138151E-1 9.26131010E-1 2.87782889E-3 -1.10089779E-2 2.83878740E-3 -2.68423557E-1 2.97787222E-3
09 10 2014 10 26 43 1160 4.50682853E+1 1.25567322E+1 -1.00000000E+2 4.17636300E+5 0.00000000E+0 2.77109742E+1 4.85837421E-1 9.46432352E-1 3.39625373E-3 -2.46465206E-2 3.60437595E-3 -2.37339735E-1 4.46551044E-3
09 10 2014 10 26 48 1165 4.50682853E+1 1.25567322E+1 -5.00000000E+1 4.17640800E+5 0.00000000E+0 2.77476013E+1 5.22441767E-1 9.41008329E-1 2.87209461E-3 -2.41696835E-2 1.87453212E-3 -2.37450004E-1 3.91419970E-3
09 10 2014 10 26 52 1170 4.50682853E+1 1.25567322E+1 0.00000000E+0 4.17645400E+5 0.00000000E+0 2.77709961E+1 4.22580051E-1 9.32002068E-1 2.83227878E-3 -2.26140022E-2 2.81891135E-3 -2.48968601E-1 3.66989790E-3
09 10 2014 10 26 57 1174 4.50682853E+1 1.25567322E+1 5.00000000E+1 4.17649900E+5 0.00000000E+0 2.77979374E+1 4.67826126E-1 9.31018591E-1 2.52302944E-3 -2.22206116E-2 2.75022996E-3 -2.59119272E-1 3.51601466E-3
09 10 2014 10 27 01 1179 4.50682853E+1 1.25567322E+1 1.00000000E+2 4.17654400E+5 0.00000000E+0 2.78056860E+1 4.37642255E-1 9.24164057E-1 2.81130604E-3 -2.01165676E-2 2.33533498E-3 -2.68161297E-1 3.67152797E-3
09 10 2014 10 27 11 1188 5.49317147E+1 1.25567322E+1 -1.00000000E+2 4.17664000E+5 0.00000000E+0 2.77381390E+1 4.59073508E-1 9.55924392E-1 3.21728919E-3 -3.07708979E-2 2.46309779E-3 -2.34551728E-1 3.82163707E-3
09 10 2014 10 27 15 1193 5.49317147E+1 1.25567322E+1 -5.00000000E+1 4.17668500E+5 0.00000000E+0 2.77421474E+1 5.02475822E-1 9.47284698E-1 2.99297919E-3 -3.33607197E-2 2.95041249E-3 -2.40004063E-1 3.60587489E-3
09 10 2014 10 27 20 1197 5.49317147E+1 1.25567322E+1 0.00000000E+0 4.17673000E+5 0.00000000E+0 2.77464092E+1 4.51271407E-1 9.40777361E-1 1.83660665E-3 -2.84388661E-2 2.42866072E-3 -2.51658261E-1 3.11695821E-3
09 10 2014 10 27 24 1202 5.49317147E+1 1.25567322E+1 5.00000000E+1 4.17677600E+5 0.00000000E+0 2.77990699E+1 4.54818978E-1 9.35691595E-1 2.95395940E-3 -2.43604183E-2 2.48744221E-3 -2.64966488E-1 4.35006029E-3
09 10 2014 10 27 29 1206 5.49317147E+1 1.25567322E+1 1.00000000E+2 4.17682100E+5 0.00000000E+0 2.78021097E+1 4.21958860E-1 9.38111544E-1 2.69253455E-3 -2.41041183E-2 3.44451991E-3 -2.66259909E-1 2.96689487E-3
09 10 2014 10 27 38 1216 6.49468892E+1 1.25567322E+1 -1.00000000E+2 4.17691700E+5 0.00000000E+0 2.77987719E+1 4.36773415E-1 9.53656435E-1 3.10481215E-3 -3.64542007E-2 2.05881616E-3 -2.30258703E-1 3.91980718E-3
09 10 2014 10 27 43 1220 6.49468892E+1 1.25567322E+1 -5.00000000E+1 4.17696200E+5 0.00000000E+0 2.76973099E+1 4.62302420E-1 9.49397683E-1 2.79430745E-3 -3.10093164E-2 2.44534063E-3 -2.37219036E-1 3.21156958E-3
09 10 2014 10 27 47 1225 6.49468892E+1 1.25567322E+1 0.00000000E+0 4.17700700E+5 0.00000000E+0 2.77826190E+1 4.21889898E-1 9.43052769E-1 2.42952479E-3 -3.33845615E-2 2.34160387E-3 -2.47699022E-1 4.00527434E-3
09 10 2014 10 27 52 1229 6.49468892E+1 1.25567322E+1 5.00000000E+1 4.17705200E+5 0.00000000E+0 2.78235674E+1 4.58353766E-1 9.31644440E-1 3.32294804E-3 -2.82526016E-2 2.91489198E-3 -2.56168842E-1 3.52103667E-3
09 10 2014 10 27 56 1234 6.49468892E+1 1.25567322E+1 1.00000000E+2 4.17709800E+5 0.00000000E+0 2.78126597E+1 5.06453727E-1 9.23711061E-1 2.39397692E-3 -2.70187855E-2 2.76213623E-3 -2.62361765E-1 4.30949587E-3
09 10 2014 10 28 07 1245 -6.49468892E+1 2.49621785E+1 -1.00000000E+2 4.17720600E+5 0.00000000E+0 2.77299285E+1 4.93708509E-1 9.70184803E-1 2.90035826E-3 4.49359417E-2 2.56332071E-3 -2.13056803E-1 3.50314259E-3
09 10 2014 10 28 12 1249 -6.49468892E+1 2.49621785E+1 -5.00000000E+1 4.17725100E+5 0.00000000E+0 2.77096033E+1 4.90058356E-1 9.67919827E-1 2.73922093E-3 5.00380993E-2 2.58604490E-3 -2.13943422E-1 3.82652999E-3
09 10 2014 10 28 16 1254 -6.49468892E+1 2.49621785E+1 0.00000000E+0 4.17729600E+5 0.00000000E+0 2.77642608E+1 4.56971898E-1 9.60683823E-1 3.10344476E-3 5.32865524E-2 2.37286540E-3 -2.19148397E-1 3.64305556E-3
09 10 2014 10 28 21 1258 -6.49468892E+1 2.49621785E+1 5.00000000E+1 4.17734100E+5 0.00000000E+0 2.77303904E+1 4.01398872E-1 9.52467322E-1 2.83703917E-3 5.13568521E-2 2.99283186E-3 -2.29686499E-1 2.63179988E-3
09 10 2014 10 28 25 1263 -6.49468892E+1 2.49621785E+1 1.00000000E+2 4.17738600E+5 0.00000000E+0 2.77419686E+1 4.49147465E-1 9.40614939E-1 3.24986452E-3 5.15520573E-2 2.77838955E-3 -2.43306160E-1 3.70185786E-3
09 10 2014 10 28 35 1272 -5.49317147E+1 2.49621785E+1 -1.00000000E+2 4.17748300E+5 0.00000000E+0 2.77987868E+1 4.30245405E-1 9.68597829E-1 3.03308002E-3 3.57404351E-2 2.43693598E-3 -2.11745501E-1 3.88714910E-3
09 10 2014 10 28 40 1277 -5.49317147E+1 2.49621785E+1 -5.00000000E+1 4.17752800E+5 0.00000000E+0 2.76976824E+1 4.65556317E-1 9.51647758E-1 3.52806078E-3 4.61459160E-2 3.54538085E-3 -2.08705664E-1 4.29882631E-3
09 10 2014 10 28 44 1281 -5.49317147E+1 2.49621785E+1 0.00000000E+0 4.17757300E+5 0.00000000E+0 2.76601315E+1 4.48886744E-1 9.39309597E-1 2.70441366E-3 4.51058149E-2 2.51862834E-3 -2.22377479E-1 3.71427497E-3
09 10 2014 10 28 49 1286 -5.49317147E+1 2.49621785E+1 5.00000000E+1 4.17761800E+5 0.00000000E+0 2.76634097E+1 4.47552762E-1 9.31662321E-1 3.10722019E-3 4.39822674E-2 2.29384362E-3 -2.30365992E-1 4.17751602E-3
09 10 2014 10 28 53 1290 -5.49317147E+1 2.49621785E+1 1.00000000E+2 4.17766300E+5 0.00000000E+0 2.76390463E+1 4.50862019E-1 9.24758613E-1 2.30044845E-3 4.21628356E-2 3.04072303E-3 -2.41547823E-1 2.53647938E-3
09 10 2014 10 29 03 1300 -4.50682853E+1 2.49621785E+1 -1.00000000E+2 4.17775900E+5 0.00000000E+0 2.76807547E+1 4.29283629E-1 9.45538282E-1 2.40662798E-3 3.72767448E-2 3.01407124E-3 -1.98554993E-1 3.27232385E-3
09 10 2014 10 29 07 1305 -4.50682853E+1 2.49621785E+1 -5.00000000E+1 4.17780400E+5 0.00000000E+0 2.76172161E+1 4.49737749E-1 9.40628350E-1 3.19367264E-3 4.57838178E-2 2.06543927E-3 -2.06917524E-1 3.96556829E-3
09 10 2014 10 29 12 1309 -4.50682853E+1 2.49621785E+1 0.00000000E+0 4.17785000E+5 0.00000000E+0 2.76394486E+1 4.53899246E-1 9.29433107E-1 3.00367447E-3 4.45544720E-2 3.14564072E-3 -2.13921070E-1 4.06316053E-3
09 10 2014 10 29 16 1314 -4.50682853E+1 2.49621785E+1 5.00000000E+1 4.17789500E+5 0.00000000E+0 2.77378410E+1 4.34144721E-1 9.23499465E-1 2.80749899E-3 4.73558903E-2 3.42042731E-3 -2.27205455E-1 2.61879730E-3
09 10 2014 10 29 21 1318 -4.50682853E+1 2.49621785E+1 1.00000000E+2 4.17794000E+5 0.00000000E+0 2.76889205E+1 4.80710827E-1 9.23317671E-1 2.63349738E-3 4.52876091E-2 2.29528600E-3 -2.34603882E-1 3.73043784E-3
09 10 2014 10 29 30 1328 -3.50531108E+1 2.49621785E+1 -1.00000000E+2 4.17803600E+5 0.00000000E+0 2.75696069E+1 4.21831459E-1 9.42826271E-1 2.85571984E-3 2.88411975E-2 2.10901359E-3 -2.11432576E-1 3.53601761E-3
09 10 2014 10 29 35 1332 -3.50531108E+1 2.49621785E+1 -5.00000000E+1 4.17808100E+5 0.00000000E+0 2.76814699E+1 4.84752971E-1 9.40465927E-1 3.08846643E-3 3.15666199E-2 3.81442276E-3 -2.18260288E-1 4.29987446E-3
09 10 2014 10 29 39 1337 -3.50531108E+1 2.49621785E+1 0.00000000E+0 4.17812600E+5 0.00000000E+0 2.76947767E+1 4.76707296E-1 9.27820802E-1 2.80817381E-3 3.66419554E-2 3.58312666E-3 -2.25417316E-1 3.56871248E-3
09 10 2014 10 29 44 1341 -3.50531108E+1 2.49621785E+1 5.00000000E+1 4.17817200E+5 0.00000000E+0 2.76756883E+1 4.99805318E-1 9.19914246E-1 2.68366562E-3 3.03506851E-2 2.51231243E-3 -2.34919786E-1 3.63236398E-3
09 10 2014 10 29 48 1346 -3.50531108E+1 2.49621785E+1 1.00000000E+2 4.17821700E+5 0.00000000E+0 2.76339650E+1 4.62257625E-1 9.15539265E-1 3.19167502E-3 3.12745571E-2 2.88893108E-3 -2.52240896E-1 4.05320350E-3
09 10 2014 10 29 58 1355 -2.50379363E+1 2.49621785E+1 -1.00000000E+2 4.17831300E+5 0.00000000E+0 2.76827216E+1 4.91239342E-1 9.46491957E-1 2.86543108E-3 1.97768211E-2 1.90534769E-3 -2.12967396E-1 3.25860403E-3
09 10 2014 10 30 03 1360 -2.50379363E+1 2.49621785E+1 -5.00000000E+1 4.17835800E+5 0.00000000E+0 2.77299434E+1 4.63116858E-1 9.42975283E-1 1.98069263E-3 2.02730298E-2 2.54280941E-3 -2.20626593E-1 3.87421021E-3
09 10 2014 10 30 07 1364 -2.50379363E+1 2.49621785E+1 0.00000000E+0 4.17840300E+5 0.00000000E+0 2.77529955E+1 4.78348861E-1 9.39488411E-1 2.61917986E-3 2.60114670E-2 2.45607073E-3 -2.29465961E-1 3.72339376E-3
09 10 2014 10 30 12 1369 -2.50379363E+1 2.49621785E+1 5.00000000E+1 4.17844900E+5 0.00000000E+0 2.77270377E+1 4.55531099E-1 9.27746296E-1 2.77598142E-3 2.38791108E-2 2.42778286E-3 -2.38001347E-1 3.55289017E-3
09 10 2014 10 30 16 1374 -2.50379363E+1 2.49621785E+1 1.00000000E+2 4.17849400E+5 0.00000000E+0 2.76581645E+1 4.63114346E-1 9.28586721E-1 2.92116533E-3 2.60770321E-2 2.44486140E-3 -2.51322985E-1 3.04708660E-3
09 10 2014 10 30 26 1383 0.00000000E+0 2.49621785E+1 -1.00000000E+2 4.17859100E+5 0.00000000E+0 2.76765227E+1 4.79268613E-1 9.36579704E-1 3.78248455E-3 1.26361847E-3 2.99097934E-3 -2.13867426E-1 3.73794389E-3
09 10 2014 10 30 30 1388 0.00000000E+0 2.49621785E+1 -5.00000000E+1 4.17863600E+5 0.00000000E+0 2.77056545E+1 5.05745739E-1 9.19260085E-1 2.20315571E-3 8.80658627E-3 3.19245801E-3 -2.28427351E-1 3.57342149E-3
09 10 2014 10 30 35 1392 0.00000000E+0 2.49621785E+1 0.00000000E+0 4.17868100E+5 0.00000000E+0 2.76381969E+1 4.40235446E-1 8.99022818E-1 3.29965470E-3 1.00016594E-2 2.60052329E-3 -2.30401754E-1 4.17615510E-3
09 10 2014 10 30 39 1397 0.00000000E+0 2.49621785E+1 5.00000000E+1 4.17872600E+5 0.00000000E+0 2.75788307E+1 4.80658908E-1 8.95899534E-1 3.25119909E-3 1.34825706E-2 2.70097287E-3 -2.40612030E-1 3.87797298E-3
09 10 2014 10 30 44 1401 0.00000000E+0 2.49621785E+1 1.00000000E+2 4.17877100E+5 0.00000000E+0 2.76068449E+1 4.52762287E-1 9.06449556E-1 2.71819056E-3 1.09791756E-2 2.57799201E-3 -2.50977278E-1 4.63623803E-3
09 10 2014 10 30 54 1411 2.50379363E+1 2.49621785E+1 -1.00000000E+2 4.17886900E+5 0.00000000E+0 2.76513100E+1 4.76127869E-1 9.16439295E-1 3.78048192E-3 -1.01745129E-2 2.26589268E-3 -2.03359127E-1 3.82525073E-3
09 10 2014 10 30 58 1416 2.50379363E+1 2.49621785E+1 -5.00000000E+1 4.17891400E+5 0.00000000E+0 2.76952237E+1 4.43606149E-1 9.05923545E-1 2.71977285E-3 -7.16000795E-3 2.00350532E-3 -2.22571194E-1 3.82770584E-3
09 10 2014 10 31 03 1420 2.50379363E+1 2.49621785E+1 0.00000000E+0 4.17895900E+5 0.00000000E+0 2.76668072E+1 4.76719409E-1 9.13357735E-1 3.73156045E-3 -9.78112221E-3 3.14364281E-3 -2.41774321E-1 3.52451334E-3
09 10 2014 10 31 07 1425 2.50379363E+1 2.49621785E+1 5.00000000E+1 4.17900400E+5 0.00000000E+0 2.76820064E+1 4.79409887E-1 9.09024477E-1 3.20163653E-3 1.96695328E-4 2.41822334E-3 -2.52425671E-1 4.41006537E-3
09 10 2014 10 31 12 1429 2.50379363E+1 2.49621785E+1 1.00000000E+2 4.17904900E+5 0.00000000E+0 2.76288986E+1 4.82485688E-1 9.04947519E-1 3.11721765E-3 -1.80602074E-3 1.98997594E-3 -2.61801481E-1 3.61254254E-3
09 10 2014 10 31 21 1439 3.50531108E+1 2.49621785E+1 -1.00000000E+2 4.17914600E+5 0.00000000E+0 2.77283043E+1 4.88118439E-1 9.23305750E-1 2.76452485E-3 -1.52513385E-2 2.88984193E-3 -2.12095678E-1 3.36534074E-3
09 10 2014 10 31 26 1443 3.50531108E+1 2.49621785E+1 -5.00000000E+1 4.17919100E+5 0.00000000E+0 2.76686549E+1 4.71298665E-1 9.15998220E-1 3.21771537E-3 -1.07645988E-2 2.87278897E-3 -2.13670731E-1 4.09997508E-3
09 10 2014 10 31 30 1448 3.50531108E+1 2.49621785E+1 0.00000000E+0 4.17923600E+5 0.00000000E+0 2.76362896E+1 4.57179998E-1 9.06902552E-1 3.23413055E-3 -1.19268894E-2 3.78467386E-3 -2.26211548E-1 3.65374144E-3
09 10 2014 10 31 35 1452 3.50531108E+1 2.49621785E+1 5.00000000E+1 4.17928100E+5 0.00000000E+0 2.76151299E+1 4.41689469E-1 8.99338722E-1 2.30721403E-3 -1.09732151E-2 3.10196827E-3 -2.33769417E-1 3.86224155E-3
09 10 2014 10 31 39 1457 3.50531108E+1 2.49621785E+1 1.00000000E+2 4.17932600E+5 0.00000000E+0 2.75990963E+1 4.89791254E-1 8.97049904E-1 3.38016674E-3 -8.94665718E-3 2.16605366E-3 -2.43330002E-1 4.48058028E-3
09 10 2014 10 31 49 1466 4.50682853E+1 2.49621785E+1 -1.00000000E+2 4.17942200E+5 0.00000000E+0 2.76567936E+1 4.68430417E-1 9.17392969E-1 2.54745685E-3 -2.07781792E-2 3.48928537E-3 -2.05999613E-1 2.64007819E-3
09 10 2014 10 31 54 1471 4.50682853E+1 2.49621785E+1 -5.00000000E+1 4.17946800E+5 0.00000000E+0 2.76162028E+1 4.61177114E-1 9.07701254E-1 2.93643670E-3 -1.90317631E-2 2.15073722E-3 -2.17384100E-1 4.50154346E-3
09 10 2014 10 31 58 1475 4.50682853E+1 2.49621785E+1 0.00000000E+0 4.17951300E+5 0.00000000E+0 2.76202559E+1 4.73205558E-1 9.01114941E-1 2.61057027E-3 -1.61051750E-2 3.09796916E-3 -2.24077702E-1 3.87752935E-3
09 10 2014 10 32 03 1480 4.50682853E+1 2.49621785E+1 5.00000000E+1 4.17955800E+5 0.00000000E+0 2.75307298E+1 4.83688349E-1 8.96972418E-1 2.88400781E-3 -1.43527985E-2 3.20722082E-3 -2.34895945E-1 3.36963433E-3
09 10 2014 10 32 07 1484 4.50682853E+1 2.49621785E+1 1.00000000E+2 4.17960300E+5 0.00000000E+0 2.75685787E+1 4.51747597E-1 8.95714760E-1 2.66576910E-3 -1.56939030E-2 3.48867977E-3 -2.51048803E-1 3.84642149E-3
09 10 2014 10 32 17 1494 5.49317147E+1 2.49621785E+1 -1.00000000E+2 4.17969900E+5 0.00000000E+0 2.76440382E+1 4.97938291E-1 9.13006067E-1 3.67575768E-3 -2.83420086E-2 2.92485001E-3 -2.11781263E-1 3.51818377E-3
09 10 2014 10 32 21 1499 5.49317147E+1 2.49621785E+1 -5.00000000E+1 4.17974400E+5 0.00000000E+0 2.76073217E+1 4.32128435E-1 9.05311108E-1 2.20934475E-3 -2.64704227E-2 2.69170108E-3 -2.16984749E-1 2.63131670E-3
09 10 2014 10 32 26 1503 5.49317147E+1 2.49621785E+1 0.00000000E+0 4.17979000E+5 0.00000000E+0 2.75976658E+1 4.59809708E-1 8.97836685E-1 2.47451670E-3 -1.96635723E-2 2.36733499E-3 -2.25883722E-1 3.88045537E-3
09 10 2014 10 32 30 1508 5.49317147E+1 2.49621785E+1 5.00000000E+1 4.17983500E+5 0.00000000E+0 2.76304483E+1 4.67206597E-1 8.85987282E-1 3.82362751E-3 -1.72436237E-2 2.62695703E-3 -2.41118670E-1 3.77889885E-3
09 10 2014 10 32 35 1512 5.49317147E+1 2.49621785E+1 1.00000000E+2 4.17988000E+5 0.00000000E+0 2.75850892E+1 4.56663303E-1 8.86666775E-1 6.50306529E-3 -2.50041485E-2 2.97681085E-3 -2.62373686E-1 3.92628937E-3
09 10 2014 10 32 44 1522 6.49468892E+1 2.49621785E+1 -1.00000000E+2 4.17997600E+5 0.00000000E+0 2.76168585E+1 4.57040280E-1 9.00590420E-1 3.57274249E-3 -3.04043293E-2 2.78645381E-3 -2.21586227E-1 3.96931982E-3
09 10 2014 10 32 49 1526 6.49468892E+1 2.49621785E+1 -5.00000000E+1 4.18002100E+5 0.00000000E+0 2.75959373E+1 4.60260369E-1 8.86905193E-1 3.58273526E-3 -2.91585922E-2 2.80489364E-3 -2.29889154E-1 3.25446417E-3
09 10 2014 10 32 53 1531 6.49468892E+1 2.49621785E+1 0.00000000E+0 4.18006600E+5 0.00000000E+0 2.76157856E+1 4.48736682E-1 8.89927149E-1 3.10254689E-3 -3.19719315E-2 2.70835641E-3 -2.47365236E-1 3.61672233E-3
09 10 2014 10 32 58 1535 6.49468892E+1 2.49621785E+1 5.00000000E+1 4.18011200E+5 0.00000000E+0 2.76644826E+1 4.77457157E-1 8.89378786E-1 3.18754209E-3 -2.62975693E-2 2.55833362E-3 -2.54344940E-1 3.74772070E-3
09 10 2014 10 33 02 1540 6.49468892E+1 2.49621785E+1 1.00000000E+2 4.18015700E+5 0.00000000E+0 2.75892764E+1 4.56875771E-1 8.84801149E-1 3.38730632E-3 -2.49817967E-2 2.69633345E-3 -2.60584056E-1 3.53510487E-3
