Month Day Year Hour Minute Second Time_s x y z Current CurrentError 1Axis 1AxisError Bx BxError By ByError Bz BzError
09 17 2014 04 40 20 18 -6.49468892E+1 -2.49621785E+1 -1.00000000E+2 1.00165340E+6 0.00000000E+0 7.30686188E+1 4.45375861E-1 3.26444924E+1 2.77213709E-3 1.00970268E-2 2.29763099E-3 -2.00611353E-1 6.89781479E-3
09 17 2014 04 40 23 22 -5.49317147E+1 -2.49621785E+1 -1.00000000E+2 1.00165660E+6 0.00000000E+0 7.31131434E+1 4.51955711E-1 3.26491594E+1 3.00858214E-3 1.86204910E-2 2.18329325E-3 -2.08693743E-1 1.22771420E-2
09 17 2014 04 40 27 25 -4.50682853E+1 -2.49621785E+1 -1.00000000E+2 1.00165990E+6 0.00000000E+0 7.30976462E+1 4.53308378E-1 3.26507762E+1 3.05571918E-3 2.17556953E-2 2.09030240E-3 -2.06053257E-1 7.54033702E-3
09 17 2014 04 40 30 28 -3.50531108E+1 -2.49621785E+1 -1.00000000E+2 1.00166310E+6 0.00000000E+0 7.30551481E+1 4.69414590E-1 3.26533854E+1 2.52421495E-3 2.88605690E-2 2.53527994E-3 -2.12907791E-1 7.81908490E-3
09 17 2014 04 40 33 31 -2.50379363E+1 -2.49621785E+1 -1.00000000E+2 1.00166630E+6 0.00000000E+0 7.31431246E+1 4.69817056E-1 3.26546848E+1 2.26919114E-3 3.39806080E-2 2.06493752E-3 -2.18605995E-1 1.09150685E-2
09 17 2014 04 40 37 35 0.00000000E+0 -2.49621785E+1 -1.00000000E+2 1.00167010E+6 0.00000000E+0 7.30847716E+1 4.40265529E-1 3.26518297E+1 2.12665040E-3 5.50448895E-2 1.73350362E-3 -2.30556726E-1 8.74445996E-3
09 17 2014 04 40 41 39 2.50379363E+1 -2.49621785E+1 -1.00000000E+2 1.00167390E+6 0.00000000E+0 7.30355829E+1 4.57778308E-1 3.26471180E+1 2.97334989E-3 6.82622194E-2 2.29298482E-3 -2.43335962E-1 5.21686511E-3
09 17 2014 04 40 44 42 3.50531108E+1 -2.49621785E+1 -1.00000000E+2 1.00167720E+6 0.00000000E+0 7.30629563E+1 4.39626268E-1 3.26474190E+1 2.44991157E-3 6.98924065E-2 2.36310549E-3 -2.46280432E-1 1.17533267E-2
09 17 2014 04 40 47 45 4.50682853E+1 -2.49621785E+1 -1.00000000E+2 1.00168040E+6 0.00000000E+0 7.31234550E+1 4.56994177E-1 3.26459825E+1 2.30126587E-3 7.82549381E-2 1.71598406E-3 -2.45171785E-1 7.79026575E-3
09 17 2014 04 40 50 48 5.49317147E+1 -2.49621785E+1 -1.00000000E+2 1.00168360E+6 0.00000000E+0 7.30731487E+1 4.53284084E-1 3.26426089E+1 2.88483758E-3 8.26239586E-2 1.92137474E-3 -2.45696306E-1 6.07006731E-3
09 17 2014 04 40 54 52 6.49468892E+1 -2.49621785E+1 -1.00000000E+2 1.00168680E+6 0.00000000E+0 7.30092078E+1 4.30665392E-1 3.26358601E+1 2.51527599E-3 8.51452351E-2 2.85754390E-3 -2.46636569E-1 7.88699191E-3
09 17 2014 04 41 01 59 -6.49468892E+1 -1.25567322E+1 -1.00000000E+2 1.00169420E+6 0.00000000E+0 7.30992556E+1 4.36423565E-1 3.26454520E+1 2.74055854E-3 5.58495522E-3 1.73841533E-3 -2.12937593E-1 6.51880022E-3
09 17 2014 04 41 04 62 -5.49317147E+1 -1.25567322E+1 -1.00000000E+2 1.00169740E+6 0.00000000E+0 7.30930567E+1 4.34503319E-1 3.26471448E+1 2.85471568E-3 1.55866146E-2 1.71964144E-3 -2.17598677E-1 1.36894557E-2
09 17 2014 04 41 07 66 -4.50682853E+1 -1.25567322E+1 -1.00000000E+2 1.00170070E+6 0.00000000E+0 7.31155872E+1 4.42120511E-1 3.26446593E+1 3.51422733E-3 2.27510929E-2 2.25795671E-3 -2.18284130E-1 1.16645640E-2
09 17 2014 04 41 11 69 -3.50531108E+1 -1.25567322E+1 -1.00000000E+2 1.00170390E+6 0.00000000E+0 7.30465353E+1 4.49783853E-1 3.26408818E+1 3.66083654E-3 2.77385116E-2 2.04619947E-3 -2.20410526E-1 9.38164928E-3
09 17 2014 04 41 14 72 -2.50379363E+1 -1.25567322E+1 -1.00000000E+2 1.00170710E+6 0.00000000E+0 7.30808377E+1 4.72447980E-1 3.26477766E+1 2.55921053E-3 3.48091125E-2 2.53442426E-3 -2.23183632E-1 1.14866639E-2
09 17 2014 04 41 18 76 0.00000000E+0 -1.25567322E+1 -1.00000000E+2 1.00171090E+6 0.00000000E+0 7.31101632E+1 4.58954848E-1 3.26476097E+1 3.25963674E-3 6.01172447E-2 2.79332361E-3 -2.35795975E-1 7.15820190E-3
09 17 2014 04 41 21 80 2.50379363E+1 -1.25567322E+1 -1.00000000E+2 1.00171470E+6 0.00000000E+0 7.31032491E+1 4.30582876E-1 3.26450884E+1 2.36632376E-3 7.43985176E-2 1.72399619E-3 -2.42638588E-1 4.33046684E-3
09 17 2014 04 41 25 83 3.50531108E+1 -1.25567322E+1 -1.00000000E+2 1.00171800E+6 0.00000000E+0 7.30814338E+1 4.50666429E-1 3.26470912E+1 3.14621132E-3 7.57098198E-2 1.87088437E-3 -2.50297785E-1 1.14407761E-2
09 17 2014 04 41 28 86 4.50682853E+1 -1.25567322E+1 -1.00000000E+2 1.00172120E+6 0.00000000E+0 7.30600357E+1 4.50045520E-1 3.26414824E+1 2.68110035E-3 8.35299492E-2 2.06950536E-3 -2.45559216E-1 6.75412392E-3
09 17 2014 04 41 31 89 5.49317147E+1 -1.25567322E+1 -1.00000000E+2 1.00172440E+6 0.00000000E+0 7.31160045E+1 4.36817966E-1 3.26369703E+1 2.64669916E-3 9.00387764E-2 2.55268495E-3 -2.43425369E-1 5.09607329E-3
09 17 2014 04 41 34 92 6.49468892E+1 -1.25567322E+1 -1.00000000E+2 1.00172760E+6 0.00000000E+0 7.30937123E+1 4.31931140E-1 3.26291442E+1 2.82548385E-3 9.11891460E-2 2.74235237E-3 -2.46673822E-1 7.33703118E-3
09 17 2014 04 41 42 100 -6.49468892E+1 0.00000000E+0 -1.00000000E+2 1.00173500E+6 0.00000000E+0 7.31096268E+1 4.24750190E-1 3.26370716E+1 2.35305082E-3 2.30073929E-3 2.09393702E-3 -2.08878517E-1 5.95174955E-3
09 17 2014 04 41 45 103 -5.49317147E+1 0.00000000E+0 -1.00000000E+2 1.00173820E+6 0.00000000E+0 7.31031299E+1 4.47259942E-1 3.26396346E+1 2.70954364E-3 1.54435635E-2 2.69003335E-3 -2.12228298E-1 1.15760106E-2
09 17 2014 04 41 48 106 -4.50682853E+1 0.00000000E+0 -1.00000000E+2 1.00174140E+6 0.00000000E+0 7.31046200E+1 4.36605103E-1 3.26386213E+1 2.05146465E-3 2.48908997E-2 2.26203564E-3 -2.15947628E-1 1.34289981E-2
09 17 2014 04 41 51 110 -3.50531108E+1 0.00000000E+0 -1.00000000E+2 1.00174460E+6 0.00000000E+0 7.31178522E+1 4.41000788E-1 3.26415837E+1 1.95440292E-3 3.26275826E-2 2.11207530E-3 -2.20525265E-1 9.26035265E-3
09 17 2014 04 41 55 113 -2.50379363E+1 0.00000000E+0 -1.00000000E+2 1.00174790E+6 0.00000000E+0 7.30668008E+1 4.45543849E-1 3.26411873E+1 2.68432745E-3 3.76030803E-2 2.16202789E-3 -2.25611031E-1 1.44348598E-2
09 17 2014 04 41 58 117 0.00000000E+0 0.00000000E+0 -1.00000000E+2 1.00175170E+6 0.00000000E+0 7.30262697E+1 4.36331811E-1 3.26439440E+1 2.94087167E-3 6.05732203E-2 2.41100604E-3 -2.39707530E-1 8.79257408E-3
09 17 2014 04 42 02 120 2.50379363E+1 0.00000000E+0 -1.00000000E+2 1.00175550E+6 0.00000000E+0 7.30907321E+1 4.81622221E-1 3.26432407E+1 2.17425629E-3 7.84516335E-2 2.46710030E-3 -2.51024961E-1 5.94964740E-3
09 17 2014 04 42 05 124 3.50531108E+1 0.00000000E+0 -1.00000000E+2 1.00175870E+6 0.00000000E+0 7.31185079E+1 4.52242248E-1 3.26404512E+1 2.62302499E-3 8.18789005E-2 2.38678032E-3 -2.52097845E-1 1.09865972E-2
09 17 2014 04 42 09 127 4.50682853E+1 0.00000000E+0 -1.00000000E+2 1.00176190E+6 0.00000000E+0 7.30983615E+1 4.37444712E-1 3.26389551E+1 2.37078414E-3 8.65221024E-2 2.17574357E-3 -2.44593620E-1 6.81889421E-3
09 17 2014 04 42 12 130 5.49317147E+1 0.00000000E+0 -1.00000000E+2 1.00176510E+6 0.00000000E+0 7.30235875E+1 4.32129509E-1 3.26393247E+1 2.51491108E-3 9.30503011E-2 2.14751876E-3 -2.44393945E-1 5.42349865E-3
09 17 2014 04 42 15 133 6.49468892E+1 0.00000000E+0 -1.00000000E+2 1.00176830E+6 0.00000000E+0 7.30965137E+1 4.67024814E-1 3.26326847E+1 2.57964519E-3 8.94248486E-2 2.12308646E-3 -2.49254704E-1 6.80531248E-3
09 17 2014 04 42 22 141 -6.49468892E+1 1.25567322E+1 -1.00000000E+2 1.00177570E+6 0.00000000E+0 7.30656087E+1 4.56290614E-1 3.26271802E+1 2.26262246E-3 -1.58697367E-3 1.58431418E-3 -2.11201608E-1 6.31287479E-3
09 17 2014 04 42 26 144 -5.49317147E+1 1.25567322E+1 -1.00000000E+2 1.00177890E+6 0.00000000E+0 7.31363297E+1 4.34530292E-1 3.26278806E+1 2.96513599E-3 9.58442688E-3 2.40243652E-3 -2.15393305E-1 1.42655995E-2
09 17 2014 04 42 29 147 -4.50682853E+1 1.25567322E+1 -1.00000000E+2 1.00178210E+6 0.00000000E+0 7.31113553E+1 4.52018262E-1 3.26312602E+1 3.24475128E-3 2.03192234E-2 2.40526014E-3 -2.21222639E-1 1.19062933E-2
09 17 2014 04 42 32 150 -3.50531108E+1 1.25567322E+1 -1.00000000E+2 1.00178530E+6 0.00000000E+0 7.30229169E+1 4.52828684E-1 3.26325223E+1 2.62150913E-3 2.81706452E-2 2.15137541E-3 -2.25789845E-1 9.01645446E-3
09 17 2014 04 42 35 153 -2.50379363E+1 1.25567322E+1 -1.00000000E+2 1.00178850E+6 0.00000000E+0 7.31190443E+1 4.52990694E-1 3.26313794E+1 3.02501338E-3 3.93211842E-2 2.52711708E-3 -2.28738785E-1 1.12597808E-2
09 17 2014 04 42 39 157 0.00000000E+0 1.25567322E+1 -1.00000000E+2 1.00179240E+6 0.00000000E+0 7.31226206E+1 4.40484051E-1 3.26330602E+1 2.57496568E-3 6.28292561E-2 2.85617597E-3 -2.40921974E-1 7.63713529E-3
09 17 2014 04 42 43 161 2.50379363E+1 1.25567322E+1 -1.00000000E+2 1.00179620E+6 0.00000000E+0 7.31140375E+1 4.35472161E-1 3.26301157E+1 2.54587090E-3 7.85708427E-2 2.08778426E-3 -2.49606371E-1 4.20104714E-3
09 17 2014 04 42 46 164 3.50531108E+1 1.25567322E+1 -1.00000000E+2 1.00179940E+6 0.00000000E+0 7.31234550E+1 4.27538534E-1 3.26319873E+1 2.83620421E-3 8.19861889E-2 2.51572632E-3 -2.49242783E-1 1.00955263E-2
09 17 2014 04 42 49 167 4.50682853E+1 1.25567322E+1 -1.00000000E+2 1.00180260E+6 0.00000000E+0 7.31816888E+1 4.36863365E-1 3.26294154E+1 2.59094016E-3 8.89748335E-2 2.63373405E-3 -2.44468451E-1 7.45460084E-3
09 17 2014 04 42 53 171 5.49317147E+1 1.25567322E+1 -1.00000000E+2 1.00180590E+6 0.00000000E+0 7.31271505E+1 4.28137305E-1 3.26256394E+1 2.91645677E-3 9.78469849E-2 2.19184088E-3 -2.45094299E-1 7.59421728E-3
09 17 2014 04 42 56 174 6.49468892E+1 1.25567322E+1 -1.00000000E+2 1.00180910E+6 0.00000000E+0 7.30773211E+1 4.65402641E-1 3.26245427E+1 2.57758580E-3 9.88006592E-2 2.79506350E-3 -2.51686573E-1 6.82278697E-3
09 17 2014 04 43 03 181 -6.49468892E+1 2.49621785E+1 -1.00000000E+2 1.00181640E+6 0.00000000E+0 7.30793476E+1 4.60966413E-1 3.26163352E+1 3.54377190E-3 -6.97374344E-4 2.00234070E-3 -2.14499235E-1 7.13876966E-3
09 17 2014 04 43 06 184 -5.49317147E+1 2.49621785E+1 -1.00000000E+2 1.00181960E+6 0.00000000E+0 7.31197596E+1 4.09153304E-1 3.26177061E+1 2.94889108E-3 1.51515007E-2 3.10688919E-3 -2.19744444E-1 1.23703632E-2
09 17 2014 04 43 10 188 -4.50682853E+1 2.49621785E+1 -1.00000000E+2 1.00182280E+6 0.00000000E+0 7.31848925E+1 4.19991650E-1 3.26200724E+1 2.64132207E-3 2.20760703E-2 1.61070456E-3 -2.17780471E-1 1.26963117E-2
09 17 2014 04 43 13 191 -3.50531108E+1 2.49621785E+1 -1.00000000E+2 1.00182600E+6 0.00000000E+0 7.31333494E+1 4.41210703E-1 3.26210976E+1 2.17670589E-3 2.97188759E-2 2.86862030E-3 -2.22605467E-1 8.96707417E-3
09 17 2014 04 43 16 194 -2.50379363E+1 2.49621785E+1 -1.00000000E+2 1.00182930E+6 0.00000000E+0 7.30710030E+1 4.33348728E-1 3.26218843E+1 2.73419222E-3 3.95178795E-2 1.76837100E-3 -2.27910280E-1 1.20258902E-2
09 17 2014 04 43 20 198 0.00000000E+0 2.49621785E+1 -1.00000000E+2 1.00183310E+6 0.00000000E+0 7.31443763E+1 4.07507405E-1 3.26199770E+1 2.25441788E-3 6.71386719E-2 2.29518824E-3 -2.38478184E-1 6.53583058E-3
09 17 2014 04 43 24 202 2.50379363E+1 2.49621785E+1 -1.00000000E+2 1.00183690E+6 0.00000000E+0 7.30980039E+1 4.48304594E-1 3.26195419E+1 2.59867473E-3 8.18014145E-2 1.78943554E-3 -2.45392323E-1 4.68266471E-3
09 17 2014 04 43 27 205 3.50531108E+1 2.49621785E+1 -1.00000000E+2 1.00184010E+6 0.00000000E+0 7.30709732E+1 4.63511692E-1 3.26199681E+1 2.37258433E-3 8.53613019E-2 2.22912606E-3 -2.51099467E-1 1.07794798E-2
09 17 2014 04 43 30 208 4.50682853E+1 2.49621785E+1 -1.00000000E+2 1.00184330E+6 0.00000000E+0 7.30715990E+1 4.77271745E-1 3.26203048E+1 2.71659416E-3 9.29832458E-2 1.74516777E-3 -2.48962641E-1 6.29413106E-3
09 17 2014 04 43 33 211 5.49317147E+1 2.49621785E+1 -1.00000000E+2 1.00184650E+6 0.00000000E+0 7.31118321E+1 4.54031875E-1 3.26184392E+1 2.27111028E-3 1.00594759E-1 2.04996018E-3 -2.46548653E-1 4.79443230E-3
09 17 2014 04 43 37 215 6.49468892E+1 2.49621785E+1 -1.00000000E+2 1.00184980E+6 0.00000000E+0 7.30482340E+1 4.14529466E-1 3.26160491E+1 3.00357486E-3 1.02514029E-1 2.13685156E-3 -2.49582529E-1 8.77492506E-3
09 17 2014 04 43 44 222 -6.49468892E+1 -2.49621785E+1 -5.00000000E+1 1.00185760E+6 0.00000000E+0 7.30758905E+1 4.43396171E-1 3.26573327E+1 2.92778557E-3 2.11969018E-2 2.66638921E-3 -2.40631402E-1 5.26323414E-3
09 17 2014 04 43 48 226 -5.49317147E+1 -2.49621785E+1 -5.00000000E+1 1.00186080E+6 0.00000000E+0 7.30559826E+1 4.61373201E-1 3.26570272E+1 2.96349594E-3 2.60114670E-2 2.96238525E-3 -2.42578983E-1 1.61267002E-2
09 17 2014 04 43 51 229 -4.50682853E+1 -2.49621785E+1 -5.00000000E+1 1.00186400E+6 0.00000000E+0 7.31286407E+1 4.46387102E-1 3.26563776E+1 2.76543781E-3 3.20374966E-2 2.18098823E-3 -2.33602524E-1 1.24253298E-2
09 17 2014 04 43 54 232 -3.50531108E+1 -2.49621785E+1 -5.00000000E+1 1.00186720E+6 0.00000000E+0 7.30548501E+1 4.41056952E-1 3.26556742E+1 2.85533787E-3 3.72588634E-2 2.31526383E-3 -2.33030319E-1 1.14443924E-2
09 17 2014 04 43 57 235 -2.50379363E+1 -2.49621785E+1 -5.00000000E+1 1.00187040E+6 0.00000000E+0 7.30397552E+1 4.34831353E-1 3.26542482E+1 2.05866252E-3 4.49120998E-2 1.86947128E-3 -2.33173370E-1 1.20654093E-2
09 17 2014 04 44 01 239 0.00000000E+0 -2.49621785E+1 -5.00000000E+1 1.00187430E+6 0.00000000E+0 7.30928779E+1 4.39217015E-1 3.26547146E+1 2.76189928E-3 6.78479671E-2 2.04996018E-3 -2.33793259E-1 6.76637154E-3
09 17 2014 04 44 05 243 2.50379363E+1 -2.49621785E+1 -5.00000000E+1 1.00187810E+6 0.00000000E+0 7.31441379E+1 4.41603268E-1 3.26564789E+1 2.70968165E-3 8.13961029E-2 2.23274894E-3 -2.32189894E-1 6.63310750E-3
09 17 2014 04 44 08 246 3.50531108E+1 -2.49621785E+1 -5.00000000E+1 1.00188130E+6 0.00000000E+0 7.30906725E+1 4.54329223E-1 3.26604247E+1 2.40899653E-3 8.28921795E-2 4.03374418E-3 -2.33173370E-1 1.18824690E-2
09 17 2014 04 44 11 249 4.50682853E+1 -2.49621785E+1 -5.00000000E+1 1.00188450E+6 0.00000000E+0 7.30311126E+1 4.39686023E-1 3.26640531E+1 2.45292003E-3 8.90716910E-2 2.12099592E-3 -2.23964453E-1 1.08060443E-2
09 17 2014 04 44 14 253 5.49317147E+1 -2.49621785E+1 -5.00000000E+1 1.00188770E+6 0.00000000E+0 7.31205940E+1 4.26457011E-1 3.26664329E+1 3.49052840E-3 9.32514668E-2 2.28023901E-3 -2.13068724E-1 5.79791464E-3
09 17 2014 04 44 18 256 6.49468892E+1 -2.49621785E+1 -5.00000000E+1 1.00189090E+6 0.00000000E+0 7.31160641E+1 4.50473095E-1 3.26636434E+1 2.71191653E-3 9.30428505E-2 2.62531227E-3 -2.05212831E-1 8.23270990E-3
09 17 2014 04 44 25 263 -6.49468892E+1 -1.25567322E+1 -5.00000000E+1 1.00189830E+6 0.00000000E+0 7.31045604E+1 4.56945251E-1 3.26538384E+1 2.27958290E-3 1.36792660E-2 2.30730318E-3 -2.38037109E-1 8.64632689E-3
09 17 2014 04 44 28 266 -5.49317147E+1 -1.25567322E+1 -5.00000000E+1 1.00190150E+6 0.00000000E+0 7.30709434E+1 4.73027678E-1 3.26532662E+1 3.28374932E-3 1.76370144E-2 2.25669762E-3 -2.40784883E-1 1.78593900E-2
09 17 2014 04 44 31 270 -4.50682853E+1 -1.25567322E+1 -5.00000000E+1 1.00190470E+6 0.00000000E+0 7.31067657E+1 4.59189870E-1 3.26511681E+1 2.25629987E-3 2.54273415E-2 2.30413232E-3 -2.37280130E-1 1.61121573E-2
09 17 2014 04 44 35 273 -3.50531108E+1 -1.25567322E+1 -5.00000000E+1 1.00190790E+6 0.00000000E+0 7.31842965E+1 4.55627401E-1 3.26495841E+1 3.40779273E-3 3.07112932E-2 2.46694113E-3 -2.31355429E-1 9.36183878E-3
09 17 2014 04 44 38 276 -2.50379363E+1 -1.25567322E+1 -5.00000000E+1 1.00191110E+6 0.00000000E+0 7.31078982E+1 4.32379881E-1 3.26515257E+1 2.37578713E-3 3.72409821E-2 2.16740855E-3 -2.35569477E-1 1.15517431E-2
09 17 2014 04 44 42 280 0.00000000E+0 -1.25567322E+1 -5.00000000E+1 1.00191490E+6 0.00000000E+0 7.30757713E+1 4.69631952E-1 3.26548755E+1 2.49290869E-3 5.83589077E-2 1.61679063E-3 -2.37649679E-1 8.30687266E-3
09 17 2014 04 44 46 284 2.50379363E+1 -1.25567322E+1 -5.00000000E+1 1.00191880E+6 0.00000000E+0 7.31010437E+1 4.39189176E-1 3.26576531E+1 2.30113586E-3 7.34210014E-2 1.96334708E-3 -2.41708755E-1 6.52081065E-3
09 17 2014 04 44 49 287 3.50531108E+1 -1.25567322E+1 -5.00000000E+1 1.00192200E+6 0.00000000E+0 7.31229782E+1 4.49539413E-1 3.26551855E+1 2.24872921E-3 7.59601593E-2 2.32626170E-3 -2.37923861E-1 1.07410481E-2
09 17 2014 04 44 52 290 4.50682853E+1 -1.25567322E+1 -5.00000000E+1 1.00192520E+6 0.00000000E+0 7.31727481E+1 4.40184129E-1 3.26572657E+1 2.82134249E-3 8.20606947E-2 1.49392595E-3 -2.23234296E-1 6.84457553E-3
09 17 2014 04 44 55 293 5.49317147E+1 -1.25567322E+1 -5.00000000E+1 1.00192840E+6 0.00000000E+0 7.31083751E+1 4.46644893E-1 3.26585412E+1 2.79573241E-3 8.91506672E-2 2.33386127E-3 -2.17932463E-1 7.89336975E-3
09 17 2014 04 44 58 296 6.49468892E+1 -1.25567322E+1 -5.00000000E+1 1.00193160E+6 0.00000000E+0 7.30693936E+1 4.38445369E-1 3.26607943E+1 2.70277222E-3 8.67903233E-2 2.40432708E-3 -2.13396549E-1 6.59352673E-3
09 17 2014 04 45 06 304 -6.49468892E+1 0.00000000E+0 -5.00000000E+1 1.00193890E+6 0.00000000E+0 7.30800629E+1 4.66097170E-1 3.26497793E+1 2.38406030E-3 5.06043434E-3 2.02986761E-3 -2.36964226E-1 9.37591323E-3
09 17 2014 04 45 09 307 -5.49317147E+1 0.00000000E+0 -5.00000000E+1 1.00194220E+6 0.00000000E+0 7.31240511E+1 4.51389717E-1 3.26501667E+1 2.02211500E-3 1.62184238E-2 2.32074913E-3 -2.35611200E-1 1.59322000E-2
09 17 2014 04 45 12 310 -4.50682853E+1 0.00000000E+0 -5.00000000E+1 1.00194540E+6 0.00000000E+0 7.30230212E+1 4.21573932E-1 3.26489151E+1 2.45085016E-3 2.57730484E-2 3.28582706E-3 -2.31164694E-1 1.64622114E-2
09 17 2014 04 45 15 313 -3.50531108E+1 0.00000000E+0 -5.00000000E+1 1.00194860E+6 0.00000000E+0 7.30004907E+1 4.19388285E-1 3.26481104E+1 2.60991123E-3 2.69949436E-2 2.17570060E-3 -2.27141380E-1 9.40934212E-3
09 17 2014 04 45 19 317 -2.50379363E+1 0.00000000E+0 -5.00000000E+1 1.00195180E+6 0.00000000E+0 7.29652047E+1 4.59956224E-1 3.26433897E+1 3.36828563E-3 3.78370285E-2 2.15286620E-3 -2.31671333E-1 1.29118690E-2
09 17 2014 04 45 22 320 0.00000000E+0 0.00000000E+0 -5.00000000E+1 1.00195560E+6 0.00000000E+0 7.30667710E+1 4.41889477E-1 3.26499224E+1 2.13191935E-3 6.07669353E-2 1.86045103E-3 -2.39002705E-1 7.46216877E-3
09 17 2014 04 45 26 324 2.50379363E+1 0.00000000E+0 -5.00000000E+1 1.00195950E+6 0.00000000E+0 7.30991364E+1 4.56377333E-1 3.26509356E+1 2.60023566E-3 7.48693943E-2 1.80021816E-3 -2.34800577E-1 4.01478672E-3
09 17 2014 04 45 29 328 3.50531108E+1 0.00000000E+0 -5.00000000E+1 1.00196270E+6 0.00000000E+0 7.29173422E+1 4.57755600E-1 3.26501355E+1 2.15159558E-3 7.86483288E-2 1.93814411E-3 -2.33381987E-1 9.69775691E-3
09 17 2014 04 45 33 331 4.50682853E+1 0.00000000E+0 -5.00000000E+1 1.00196590E+6 0.00000000E+0 7.29247332E+1 4.64071682E-1 3.26477110E+1 2.49494804E-3 8.43167305E-2 2.26550479E-3 -2.28208303E-1 8.06852432E-3
09 17 2014 04 45 36 334 5.49317147E+1 0.00000000E+0 -5.00000000E+1 1.00196910E+6 0.00000000E+0 7.30180144E+1 4.35814842E-1 3.26526761E+1 3.11808731E-3 9.21905041E-2 2.01982044E-3 -2.21580267E-1 5.91042178E-3
09 17 2014 04 45 39 337 6.49468892E+1 0.00000000E+0 -5.00000000E+1 1.00197230E+6 0.00000000E+0 7.31898099E+1 4.69113111E-1 3.26587483E+1 2.45697209E-3 9.16644931E-2 1.99164857E-3 -2.12319195E-1 5.86536659E-3
09 17 2014 04 45 46 344 -6.49468892E+1 1.25567322E+1 -5.00000000E+1 1.00197960E+6 0.00000000E+0 7.32318163E+1 4.48096604E-1 3.26504529E+1 2.36316088E-3 4.87565994E-3 3.58607390E-3 -2.32785940E-1 8.53885056E-3
09 17 2014 04 45 50 348 -5.49317147E+1 1.25567322E+1 -5.00000000E+1 1.00198280E+6 0.00000000E+0 7.32787699E+1 4.42571016E-1 3.26486155E+1 2.77767664E-3 1.51097775E-2 2.98150353E-3 -2.33590603E-1 1.88084406E-2
09 17 2014 04 45 53 351 -4.50682853E+1 1.25567322E+1 -5.00000000E+1 1.00198610E+6 0.00000000E+0 7.31905699E+1 4.35607413E-1 3.26428354E+1 2.63014393E-3 2.36928463E-2 2.20316631E-3 -2.28911638E-1 1.26259332E-2
09 17 2014 04 45 56 354 -3.50531108E+1 1.25567322E+1 -5.00000000E+1 1.00198930E+6 0.00000000E+0 7.31988549E+1 4.56792641E-1 3.26452017E+1 2.20273343E-3 3.11315060E-2 2.54128372E-3 -2.27874517E-1 9.95022550E-3
09 17 2014 04 45 59 357 -2.50379363E+1 1.25567322E+1 -5.00000000E+1 1.00199250E+6 0.00000000E+0 7.32172728E+1 4.48356382E-1 3.26427281E+1 2.66489217E-3 3.63826752E-2 2.33492660E-3 -2.28852034E-1 1.02182287E-2
09 17 2014 04 46 03 361 0.00000000E+0 1.25567322E+1 -5.00000000E+1 1.00199630E+6 0.00000000E+0 7.31601119E+1 4.26890214E-1 3.26452255E+1 3.13662224E-3 6.25252724E-2 1.89219118E-3 -2.33948231E-1 6.67902454E-3
09 17 2014 04 46 07 365 2.50379363E+1 1.25567322E+1 -5.00000000E+1 1.00200010E+6 0.00000000E+0 7.31363893E+1 4.29587564E-1 3.26479971E+1 3.04905578E-3 7.93114305E-2 2.74327099E-3 -2.37613916E-1 6.70877572E-3
09 17 2014 04 46 10 368 3.50531108E+1 1.25567322E+1 -5.00000000E+1 1.00200330E+6 0.00000000E+0 7.31781125E+1 4.24872251E-1 3.26431990E+1 2.43478341E-3 8.10384750E-2 2.25905784E-3 -2.37017870E-1 1.15081493E-2
09 17 2014 04 46 13 371 4.50682853E+1 1.25567322E+1 -5.00000000E+1 1.00200650E+6 0.00000000E+0 7.32013583E+1 4.50188468E-1 3.26475799E+1 2.61542916E-3 9.08553600E-2 2.42779249E-3 -2.28339434E-1 9.53372128E-3
09 17 2014 04 46 17 375 5.49317147E+1 1.25567322E+1 -5.00000000E+1 1.00200980E+6 0.00000000E+0 7.31396675E+1 4.47092471E-1 3.26494634E+1 2.97419665E-3 9.61422920E-2 2.21860121E-3 -2.24292278E-1 7.11843861E-3
09 17 2014 04 46 20 378 6.49468892E+1 1.25567322E+1 -5.00000000E+1 1.00201300E+6 0.00000000E+0 7.32295215E+1 4.56575392E-1 3.26531827E+1 3.13515143E-3 9.79304314E-2 2.04262257E-3 -2.17795372E-1 5.85607672E-3
09 17 2014 04 46 27 385 -6.49468892E+1 2.49621785E+1 -5.00000000E+1 1.00202030E+6 0.00000000E+0 7.31934309E+1 4.31573313E-1 3.26411605E+1 2.88546624E-3 -2.92062759E-4 2.18564718E-3 -2.31313705E-1 7.78086314E-3
09 17 2014 04 46 30 388 -5.49317147E+1 2.49621785E+1 -5.00000000E+1 1.00202350E+6 0.00000000E+0 7.31139630E+1 4.32960518E-1 3.26403305E+1 1.80289682E-3 1.10864639E-2 2.54933277E-3 -2.35281885E-1 1.54660424E-2
09 17 2014 04 46 33 392 -4.50682853E+1 2.49621785E+1 -5.00000000E+1 1.00202670E+6 0.00000000E+0 7.31563568E+1 4.33605922E-1 3.26377869E+1 2.66767630E-3 1.78396702E-2 2.22189413E-3 -2.28738785E-1 1.33811313E-2
09 17 2014 04 46 37 395 -3.50531108E+1 2.49621785E+1 -5.00000000E+1 1.00202990E+6 0.00000000E+0 7.31753707E+1 4.46250457E-1 3.26340318E+1 2.73946666E-3 2.57551670E-2 2.63582524E-3 -2.24465132E-1 7.06581113E-3
09 17 2014 04 46 40 398 -2.50379363E+1 2.49621785E+1 -5.00000000E+1 1.00203320E+6 0.00000000E+0 7.31261373E+1 4.56856003E-1 3.26328576E+1 2.48521614E-3 3.64601612E-2 2.64822473E-3 -2.28661299E-1 1.41521627E-2
09 17 2014 04 46 44 402 0.00000000E+0 2.49621785E+1 -5.00000000E+1 1.00203700E+6 0.00000000E+0 7.32037425E+1 4.75531918E-1 3.26304212E+1 2.14232891E-3 6.15343451E-2 2.75481595E-3 -2.33650208E-1 7.71324944E-3
09 17 2014 04 46 48 406 2.50379363E+1 2.49621785E+1 -5.00000000E+1 1.00204080E+6 0.00000000E+0 7.31708109E+1 4.56821212E-1 3.26330513E+1 2.54668358E-3 8.06227326E-2 2.61127987E-3 -2.41965055E-1 6.76390610E-3
09 17 2014 04 46 51 409 3.50531108E+1 2.49621785E+1 -5.00000000E+1 1.00204400E+6 0.00000000E+0 7.31256604E+1 4.65648424E-1 3.26350331E+1 2.90113179E-3 8.48114491E-2 2.43462213E-3 -2.44981050E-1 1.24391112E-2
09 17 2014 04 46 54 412 4.50682853E+1 2.49621785E+1 -5.00000000E+1 1.00204720E+6 0.00000000E+0 7.32206106E+1 4.49292755E-1 3.26365232E+1 2.75609793E-3 9.22679901E-2 1.71882573E-3 -2.36397982E-1 7.97502457E-3
09 17 2014 04 46 57 415 5.49317147E+1 2.49621785E+1 -5.00000000E+1 1.00205040E+6 0.00000000E+0 7.31428862E+1 4.54810694E-1 3.26370537E+1 3.75112684E-3 1.00171566E-1 2.37005842E-3 -2.25305557E-1 6.60249337E-3
09 17 2014 04 47 00 418 6.49468892E+1 2.49621785E+1 -5.00000000E+1 1.00205360E+6 0.00000000E+0 7.32285529E+1 4.20418331E-1 3.26387137E+1 3.05320878E-3 1.06416643E-1 1.97168886E-3 -2.17489898E-1 7.82518794E-3
09 17 2014 04 47 08 426 -6.49468892E+1 -2.49621785E+1 0.00000000E+0 1.00206150E+6 0.00000000E+0 7.31807351E+1 4.41617766E-1 3.26913953E+1 2.98790196E-3 -2.24113464E-3 1.92670040E-3 -2.39986181E-1 6.01297077E-3
09 17 2014 04 47 11 430 -5.49317147E+1 -2.49621785E+1 0.00000000E+0 1.00206470E+6 0.00000000E+0 7.32010603E+1 4.30969893E-1 3.26824784E+1 2.63810142E-3 1.10089779E-2 2.61067771E-3 -2.40147114E-1 1.63874953E-2
09 17 2014 04 47 15 433 -4.50682853E+1 -2.49621785E+1 0.00000000E+0 1.00206790E+6 0.00000000E+0 7.32102990E+1 4.53612865E-1 3.26790631E+1 2.34887521E-3 1.55389309E-2 2.12238177E-3 -2.38674879E-1 1.83585270E-2
09 17 2014 04 47 18 436 -3.50531108E+1 -2.49621785E+1 0.00000000E+0 1.00207110E+6 0.00000000E+0 7.31292367E+1 4.50340552E-1 3.26775834E+1 3.02549599E-3 2.22846866E-2 2.41123934E-3 -2.38128006E-1 1.25347094E-2
09 17 2014 04 47 21 439 -2.50379363E+1 -2.49621785E+1 0.00000000E+0 1.00207430E+6 0.00000000E+0 7.32187629E+1 4.14165770E-1 3.26724708E+1 2.80757891E-3 2.82704830E-2 1.76404099E-3 -2.39801407E-1 1.38035591E-2
09 17 2014 04 47 25 443 0.00000000E+0 -2.49621785E+1 0.00000000E+0 1.00207810E+6 0.00000000E+0 7.31902122E+1 4.24949090E-1 3.26749682E+1 2.90319354E-3 5.57243824E-2 2.12738005E-3 -2.47156620E-1 1.23292304E-2
09 17 2014 04 47 29 447 2.50379363E+1 -2.49621785E+1 0.00000000E+0 1.00208190E+6 0.00000000E+0 7.32244849E+1 4.27578047E-1 3.26758265E+1 2.62234769E-3 7.67767429E-2 2.34639018E-3 -2.50679255E-1 1.02868325E-2
09 17 2014 04 47 32 450 3.50531108E+1 -2.49621785E+1 0.00000000E+0 1.00208520E+6 0.00000000E+0 7.32446909E+1 4.61615057E-1 3.26813877E+1 2.69192336E-3 8.20875168E-2 1.66507146E-3 -2.53289938E-1 1.74801067E-2
09 17 2014 04 47 35 453 4.50682853E+1 -2.49621785E+1 0.00000000E+0 1.00208840E+6 0.00000000E+0 7.31398910E+1 4.29135388E-1 3.26849371E+1 2.53549873E-3 9.18731093E-2 2.16848164E-3 -2.51315534E-1 1.77162930E-2
09 17 2014 04 47 38 456 5.49317147E+1 -2.49621785E+1 0.00000000E+0 1.00209160E+6 0.00000000E+0 7.32715726E+1 4.21283935E-1 3.26864123E+1 2.51561483E-3 1.02990866E-1 1.84656974E-3 -2.42638588E-1 9.88982688E-3
09 17 2014 04 47 42 460 6.49468892E+1 -2.49621785E+1 0.00000000E+0 1.00209480E+6 0.00000000E+0 7.32176304E+1 4.13364464E-1 3.26966345E+1 2.66696827E-3 1.07073784E-1 2.16367842E-3 -2.41559744E-1 1.08917232E-2
09 17 2014 04 47 49 467 -6.49468892E+1 -1.25567322E+1 0.00000000E+0 1.00210210E+6 0.00000000E+0 7.31393099E+1 4.47783529E-1 3.26798260E+1 2.92536140E-3 -8.16583633E-4 2.19207120E-3 -2.39825249E-1 6.05861266E-3
09 17 2014 04 47 52 470 -5.49317147E+1 -1.25567322E+1 0.00000000E+0 1.00210530E+6 0.00000000E+0 7.32275844E+1 4.39524960E-1 3.26720119E+1 2.61349098E-3 9.06586647E-3 1.96318516E-3 -2.33954191E-1 1.30589224E-2
09 17 2014 04 47 55 473 -4.50682853E+1 -1.25567322E+1 0.00000000E+0 1.00210860E+6 0.00000000E+0 7.31549412E+1 4.62815482E-1 3.26703638E+1 3.04108326E-3 1.61677599E-2 1.52840691E-3 -2.36704946E-1 1.94422945E-2
09 17 2014 04 47 59 477 -3.50531108E+1 -1.25567322E+1 0.00000000E+0 1.00211180E+6 0.00000000E+0 7.31750727E+1 4.31888995E-1 3.26691031E+1 2.35390889E-3 1.86860561E-2 3.16980050E-3 -2.33429670E-1 1.22191909E-2
09 17 2014 04 48 02 480 -2.50379363E+1 -1.25567322E+1 0.00000000E+0 1.00211500E+6 0.00000000E+0 7.32231140E+1 4.46112082E-1 3.26657832E+1 2.55132946E-3 2.74956226E-2 2.36853526E-3 -2.31200457E-1 1.27269805E-2
09 17 2014 04 48 06 484 0.00000000E+0 -1.25567322E+1 0.00000000E+0 1.00211880E+6 0.00000000E+0 7.31588006E+1 4.49102368E-1 3.26669455E+1 2.26929826E-3 5.08189201E-2 2.25624186E-3 -2.40588188E-1 1.07942090E-2
09 17 2014 04 48 09 487 2.50379363E+1 -1.25567322E+1 0.00000000E+0 1.00212260E+6 0.00000000E+0 7.31776953E+1 4.44705718E-1 3.26717019E+1 1.89550860E-3 7.09176064E-2 2.41532197E-3 -2.46661901E-1 9.65570265E-3
09 17 2014 04 48 13 491 3.50531108E+1 -1.25567322E+1 0.00000000E+0 1.00212580E+6 0.00000000E+0 7.32684880E+1 4.47199890E-1 3.26745883E+1 2.33346665E-3 7.54296780E-2 2.22531103E-3 -2.51777470E-1 1.74424263E-2
09 17 2014 04 48 16 494 4.50682853E+1 -1.25567322E+1 0.00000000E+0 1.00212910E+6 0.00000000E+0 7.31617808E+1 4.46692382E-1 3.26780021E+1 2.30944166E-3 8.58843327E-2 2.19963285E-3 -2.44730711E-1 1.69478762E-2
09 17 2014 04 48 19 497 5.49317147E+1 -1.25567322E+1 0.00000000E+0 1.00213230E+6 0.00000000E+0 7.31921196E+1 4.22898696E-1 3.26854050E+1 2.36227451E-3 9.36925411E-2 2.57118685E-3 -2.38603354E-1 9.82054225E-3
09 17 2014 04 48 22 500 6.49468892E+1 -1.25567322E+1 0.00000000E+0 1.00213550E+6 0.00000000E+0 7.31782913E+1 4.34489290E-1 3.26957583E+1 2.91024395E-3 9.87768173E-2 1.85744350E-3 -2.41500139E-1 1.01039446E-2
09 17 2014 04 48 30 508 -6.49468892E+1 0.00000000E+0 0.00000000E+0 1.00214280E+6 0.00000000E+0 7.31812119E+1 4.13990019E-1 3.26738417E+1 2.16846942E-3 -4.54187393E-3 2.31798390E-3 -2.29322910E-1 6.73573850E-3
09 17 2014 04 48 33 511 -5.49317147E+1 0.00000000E+0 0.00000000E+0 1.00214600E+6 0.00000000E+0 7.32285380E+1 4.52264674E-1 3.26673806E+1 2.95497203E-3 5.41806221E-3 1.54148211E-3 -2.30324268E-1 1.31909267E-2
09 17 2014 04 48 36 514 -4.50682853E+1 0.00000000E+0 0.00000000E+0 1.00214920E+6 0.00000000E+0 7.32500106E+1 4.54038742E-1 3.26623023E+1 2.72969317E-3 1.23754144E-2 1.77416040E-3 -2.31176615E-1 1.92212057E-2
09 17 2014 04 48 39 517 -3.50531108E+1 0.00000000E+0 0.00000000E+0 1.00215250E+6 0.00000000E+0 7.31647611E+1 4.49530175E-1 3.26549888E+1 2.26774865E-3 1.84714794E-2 2.42415449E-3 -2.29072571E-1 1.27216859E-2
09 17 2014 04 48 42 521 -2.50379363E+1 0.00000000E+0 0.00000000E+0 1.00215570E+6 0.00000000E+0 7.32421875E+1 4.75266027E-1 3.26545060E+1 1.99785328E-3 2.72452831E-2 2.09514220E-3 -2.28172541E-1 1.18688320E-2
09 17 2014 04 48 46 524 1.06221548E+0 0.00000000E+0 0.00000000E+0 1.00215950E+6 0.00000000E+0 7.31797218E+1 4.41122256E-1 3.26543689E+1 3.28685122E-3 5.32269478E-2 2.07470314E-3 -2.37131119E-1 9.26549614E-3
09 17 2014 04 48 50 528 2.50379363E+1 0.00000000E+0 0.00000000E+0 1.00216330E+6 0.00000000E+0 7.31322914E+1 4.48199074E-1 3.26595753E+1 2.76533864E-3 7.13467598E-2 1.54635480E-3 -2.42568552E-1 8.57293214E-3
09 17 2014 04 48 53 531 3.50531108E+1 0.00000000E+0 0.00000000E+0 1.00216650E+6 0.00000000E+0 7.32328296E+1 4.59143915E-1 3.26624334E+1 2.92111412E-3 7.47442245E-2 2.80771877E-3 -2.41839886E-1 1.33021139E-2
09 17 2014 04 48 56 535 4.50682853E+1 0.00000000E+0 0.00000000E+0 1.00216970E+6 0.00000000E+0 7.31808543E+1 4.31361062E-1 3.26684177E+1 3.04772473E-3 8.57651234E-2 2.30782178E-3 -2.36666203E-1 1.45914416E-2
09 17 2014 04 49 00 538 5.49317147E+1 0.00000000E+0 0.00000000E+0 1.00217290E+6 0.00000000E+0 7.32019544E+1 4.36170703E-1 3.26772153E+1 2.14725681E-3 9.30666924E-2 2.08427049E-3 -2.30932236E-1 9.93082260E-3
09 17 2014 04 49 03 541 6.49468892E+1 0.00000000E+0 0.00000000E+0 1.00217620E+6 0.00000000E+0 7.31824338E+1 4.47902764E-1 3.26847062E+1 2.91651928E-3 9.68426466E-2 2.53138524E-3 -2.31921673E-1 7.18440806E-3
09 17 2014 04 49 10 548 -6.49468892E+1 1.25567322E+1 0.00000000E+0 1.00218350E+6 0.00000000E+0 7.31644630E+1 4.56554722E-1 3.26607168E+1 1.54584282E-3 -1.69277191E-3 2.24077418E-3 -2.22969055E-1 8.14529579E-3
09 17 2014 04 49 13 552 -5.49317147E+1 1.25567322E+1 0.00000000E+0 1.00218670E+6 0.00000000E+0 7.32260942E+1 4.61833466E-1 3.26552987E+1 3.30849629E-3 7.23451376E-3 2.68920895E-3 -2.23159790E-1 1.42623341E-2
09 17 2014 04 49 17 555 -4.50682853E+1 1.25567322E+1 0.00000000E+0 1.00218990E+6 0.00000000E+0 7.31887221E+1 4.48591096E-1 3.26508522E+1 3.22980880E-3 1.35123730E-2 2.69275677E-3 -2.21663713E-1 1.49874435E-2
09 17 2014 04 49 20 558 -3.50531108E+1 1.25567322E+1 0.00000000E+0 1.00219310E+6 0.00000000E+0 7.31489658E+1 4.41880900E-1 3.26485336E+1 2.60051610E-3 2.11715698E-2 2.29707752E-3 -2.24179029E-1 1.48713152E-2
09 17 2014 04 49 23 561 -2.50379363E+1 1.25567322E+1 0.00000000E+0 1.00219640E+6 0.00000000E+0 7.31696486E+1 4.47835001E-1 3.26465011E+1 2.97334779E-3 3.09109688E-2 1.89874144E-3 -2.23982334E-1 1.14570184E-2
09 17 2014 04 49 27 565 0.00000000E+0 1.25567322E+1 0.00000000E+0 1.00220020E+6 0.00000000E+0 7.30934739E+1 4.56282439E-1 3.26423496E+1 3.17012296E-3 5.37037849E-2 2.97179618E-3 -2.31809914E-1 8.73633787E-3
09 17 2014 04 49 31 569 2.50379363E+1 1.25567322E+1 0.00000000E+0 1.00220400E+6 0.00000000E+0 7.31523335E+1 4.68446880E-1 3.26525420E+1 2.65558593E-3 7.18459487E-2 2.65517341E-3 -2.37189233E-1 8.18864206E-3
09 17 2014 04 49 34 572 3.50531108E+1 1.25567322E+1 0.00000000E+0 1.00220720E+6 0.00000000E+0 7.32027292E+1 4.44938429E-1 3.26563179E+1 3.49450632E-3 7.82072544E-2 2.72539024E-3 -2.36159563E-1 1.32741043E-2
09 17 2014 04 49 37 575 4.50682853E+1 1.25567322E+1 0.00000000E+0 1.00221040E+6 0.00000000E+0 7.31164813E+1 4.47207464E-1 3.26616824E+1 2.05804403E-3 8.62360001E-2 1.71986977E-3 -2.34162807E-1 1.29638808E-2
09 17 2014 04 49 40 578 5.49317147E+1 1.25567322E+1 0.00000000E+0 1.00221360E+6 0.00000000E+0 7.31781721E+1 4.67742295E-1 3.26690555E+1 2.46467378E-3 9.52541828E-2 2.31429448E-3 -2.23773718E-1 1.11326331E-2
09 17 2014 04 49 44 582 6.49468892E+1 1.25567322E+1 0.00000000E+0 1.00221680E+6 0.00000000E+0 7.30997324E+1 4.32617722E-1 3.26785445E+1 2.29468851E-3 9.90256667E-2 1.52644923E-3 -2.23115087E-1 5.54118067E-3
09 17 2014 04 49 51 589 -6.49468892E+1 2.49621785E+1 0.00000000E+0 1.00222420E+6 0.00000000E+0 7.31004775E+1 4.11603945E-1 3.26502472E+1 2.77764466E-3 -5.95301390E-3 2.68771128E-3 -2.18167901E-1 7.87092819E-3
09 17 2014 04 49 54 592 -5.49317147E+1 2.49621785E+1 0.00000000E+0 1.00222740E+6 0.00000000E+0 7.31599331E+1 4.30414268E-1 3.26431394E+1 2.47998152E-3 6.69956207E-3 2.60158723E-3 -2.16978788E-1 1.32149673E-2
09 17 2014 04 49 57 595 -4.50682853E+1 2.49621785E+1 0.00000000E+0 1.00223060E+6 0.00000000E+0 7.31591582E+1 4.41478662E-1 3.26420367E+1 2.90483544E-3 1.25586987E-2 2.00159349E-3 -2.16627121E-1 1.46747810E-2
09 17 2014 04 50 01 599 -3.50531108E+1 2.49621785E+1 0.00000000E+0 1.00223380E+6 0.00000000E+0 7.31541514E+1 4.35503380E-1 3.26382279E+1 2.46260936E-3 2.00748444E-2 2.35305082E-3 -2.20727921E-1 1.59073901E-2
09 17 2014 04 50 04 602 -2.50379363E+1 2.49621785E+1 0.00000000E+0 1.00223700E+6 0.00000000E+0 7.32930005E+1 4.41775940E-1 3.26379463E+1 2.07869863E-3 2.90647149E-2 2.43771338E-3 -2.24165618E-1 1.27621117E-2
09 17 2014 04 50 08 606 0.00000000E+0 2.49621785E+1 0.00000000E+0 1.00224090E+6 0.00000000E+0 7.31878281E+1 4.38332412E-1 3.26371014E+1 2.76051105E-3 5.31077385E-2 2.00279822E-3 -2.31051445E-1 8.86475788E-3
09 17 2014 04 50 11 610 2.50379363E+1 2.49621785E+1 0.00000000E+0 1.00224470E+6 0.00000000E+0 7.31585622E+1 4.19865146E-1 3.26388657E+1 2.82293485E-3 7.17699528E-2 1.99155390E-3 -2.37172842E-1 7.49921984E-3
09 17 2014 04 50 15 613 3.50531108E+1 2.49621785E+1 0.00000000E+0 1.00224790E+6 0.00000000E+0 7.31855631E+1 4.53524746E-1 3.26443672E+1 2.15363038E-3 7.61270523E-2 2.84303271E-3 -2.40874290E-1 1.49590172E-2
09 17 2014 04 50 18 616 4.50682853E+1 2.49621785E+1 0.00000000E+0 1.00225110E+6 0.00000000E+0 7.31414557E+1 4.60514399E-1 3.26494277E+1 2.08053511E-3 8.93175602E-2 2.25407503E-3 -2.31646001E-1 1.28674796E-2
09 17 2014 04 50 21 619 5.49317147E+1 2.49621785E+1 0.00000000E+0 1.00225430E+6 0.00000000E+0 7.31475353E+1 4.42062278E-1 3.26571286E+1 2.33450213E-3 9.72807407E-2 2.37522040E-3 -2.23034620E-1 1.00607849E-2
09 17 2014 04 50 24 622 6.49468892E+1 2.49621785E+1 0.00000000E+0 1.00225760E+6 0.00000000E+0 7.31644630E+1 4.29265422E-1 3.26651275E+1 2.84883424E-3 1.04093552E-1 2.01697638E-3 -2.27177143E-1 8.04251060E-3
09 17 2014 04 50 32 630 -6.49468892E+1 -2.49621785E+1 5.00000000E+1 1.00226540E+6 0.00000000E+0 7.31539726E+1 4.64797648E-1 3.26692939E+1 2.95892426E-3 -2.33352184E-2 1.85843984E-3 -2.04610825E-1 1.00248824E-2
09 17 2014 04 50 35 633 -5.49317147E+1 -2.49621785E+1 5.00000000E+1 1.00226860E+6 0.00000000E+0 7.32363760E+1 4.42734779E-1 3.26668546E+1 2.53142033E-3 -1.16452575E-2 2.77212866E-3 -2.10806727E-1 1.50002917E-2
09 17 2014 04 50 39 637 -4.50682853E+1 -2.49621785E+1 5.00000000E+1 1.00227180E+6 0.00000000E+0 7.31993914E+1 4.51055880E-1 3.26653898E+1 2.68552531E-3 -4.04715538E-3 2.37080780E-3 -2.13170052E-1 1.48972506E-2
09 17 2014 04 50 42 640 -3.50531108E+1 -2.49621785E+1 5.00000000E+1 1.00227500E+6 0.00000000E+0 7.31658936E+1 4.64735691E-1 3.26626599E+1 2.53468247E-3 2.46167183E-3 2.59516100E-3 -2.16716528E-1 1.14413776E-2
09 17 2014 04 50 45 643 -2.50379363E+1 -2.49621785E+1 5.00000000E+1 1.00227820E+6 0.00000000E+0 7.32394457E+1 4.36996316E-1 3.26615512E+1 2.38840927E-3 9.71555710E-3 2.60242083E-3 -2.22277641E-1 8.81880778E-3
09 17 2014 04 50 49 647 0.00000000E+0 -2.49621785E+1 5.00000000E+1 1.00228210E+6 0.00000000E+0 7.31870532E+1 4.44114684E-1 3.26583311E+1 3.17269016E-3 3.74242663E-2 2.14155488E-3 -2.34909356E-1 9.54597431E-3
09 17 2014 04 50 53 651 2.50379363E+1 -2.49621785E+1 5.00000000E+1 1.00228590E+6 0.00000000E+0 7.31689483E+1 4.37860761E-1 3.26575860E+1 2.51103505E-3 5.38304448E-2 2.70405237E-3 -2.57633626E-1 9.46837183E-3
09 17 2014 04 50 56 654 3.50531108E+1 -2.49621785E+1 5.00000000E+1 1.00228910E+6 0.00000000E+0 7.32123852E+1 4.58964972E-1 3.26553106E+1 3.33211878E-3 5.80251217E-2 2.53969391E-3 -2.59852409E-1 1.70805520E-2
09 17 2014 04 50 59 657 4.50682853E+1 -2.49621785E+1 5.00000000E+1 1.00229230E+6 0.00000000E+0 7.31680393E+1 4.36189175E-1 3.26553524E+1 2.57902899E-3 6.60419464E-2 2.24124144E-3 -2.62385607E-1 2.59703071E-2
09 17 2014 04 51 02 660 5.49317147E+1 -2.49621785E+1 5.00000000E+1 1.00229550E+6 0.00000000E+0 7.31741786E+1 4.48802161E-1 3.26553822E+1 3.21053063E-3 7.43448734E-2 2.81736538E-3 -2.65818834E-1 1.95231909E-2
09 17 2014 04 51 05 664 6.49468892E+1 -2.49621785E+1 5.00000000E+1 1.00229870E+6 0.00000000E+0 7.32047856E+1 4.50578919E-1 3.26583013E+1 3.03292384E-3 7.29709864E-2 2.46847679E-3 -2.73108482E-1 1.62411884E-2
09 17 2014 04 51 13 671 -6.49468892E+1 -1.25567322E+1 5.00000000E+1 1.00230600E+6 0.00000000E+0 7.31457472E+1 4.45881309E-1 3.26631308E+1 2.36009676E-3 -1.99973583E-2 1.98493311E-3 -2.03764439E-1 1.16231454E-2
09 17 2014 04 51 16 674 -5.49317147E+1 -1.25567322E+1 5.00000000E+1 1.00230930E+6 0.00000000E+0 7.31203705E+1 4.56063899E-1 3.26610282E+1 1.98617070E-3 -1.12801790E-2 3.02671893E-3 -2.08251178E-1 1.55294809E-2
09 17 2014 04 51 19 677 -4.50682853E+1 -1.25567322E+1 5.00000000E+1 1.00231250E+6 0.00000000E+0 7.32341409E+1 4.43184884E-1 3.26599061E+1 2.33418172E-3 -2.59280205E-3 2.10596666E-3 -2.09933519E-1 1.60295019E-2
09 17 2014 04 51 22 681 -3.50531108E+1 -1.25567322E+1 5.00000000E+1 1.00231570E+6 0.00000000E+0 7.31673241E+1 4.32043529E-1 3.26560199E+1 2.14628128E-3 6.34193420E-3 2.56773017E-3 -2.13789940E-1 1.06310994E-2
09 17 2014 04 51 26 684 -2.50379363E+1 -1.25567322E+1 5.00000000E+1 1.00231890E+6 0.00000000E+0 7.32206106E+1 4.32560026E-1 3.26539576E+1 3.12799624E-3 1.55031681E-2 2.27649664E-3 -2.19309330E-1 1.04494914E-2
09 17 2014 04 51 29 688 0.00000000E+0 -1.25567322E+1 5.00000000E+1 1.00232270E+6 0.00000000E+0 7.32665509E+1 4.37501009E-1 3.26526016E+1 1.81306579E-3 3.73944640E-2 2.68885663E-3 -2.34432518E-1 1.14936524E-2
09 17 2014 04 51 33 691 2.50379363E+1 -1.25567322E+1 5.00000000E+1 1.00232650E+6 0.00000000E+0 7.31231272E+1 4.43761150E-1 3.26531306E+1 2.69378487E-3 5.90384007E-2 1.81077825E-3 -2.53245234E-1 1.13382073E-2
09 17 2014 04 51 36 695 3.50531108E+1 -1.25567322E+1 5.00000000E+1 1.00232970E+6 0.00000000E+0 7.31423497E+1 4.51715522E-1 3.26521635E+1 2.64294507E-3 5.88953495E-2 2.52362226E-3 -2.60579586E-1 1.82909206E-2
09 17 2014 04 51 40 698 4.50682853E+1 -1.25567322E+1 5.00000000E+1 1.00233300E+6 0.00000000E+0 7.32072592E+1 4.53241594E-1 3.26548934E+1 2.57973217E-3 6.64651394E-2 1.95478557E-3 -2.60359049E-1 2.30219838E-2
09 17 2014 04 51 43 701 5.49317147E+1 -1.25567322E+1 5.00000000E+1 1.00233620E+6 0.00000000E+0 7.31260329E+1 4.47189192E-1 3.26571912E+1 2.81827670E-3 7.36713409E-2 2.01460172E-3 -2.61373818E-1 1.99216744E-2
09 17 2014 04 51 46 704 6.49468892E+1 -1.25567322E+1 5.00000000E+1 1.00233940E+6 0.00000000E+0 7.31874704E+1 4.43847975E-1 3.26605618E+1 2.87101151E-3 7.71999359E-2 3.20418772E-3 -2.69848108E-1 1.58010494E-2
09 17 2014 04 51 53 712 -6.49468892E+1 0.00000000E+0 5.00000000E+1 1.00234670E+6 0.00000000E+0 7.32231885E+1 4.49347758E-1 3.26540619E+1 3.13405583E-3 -1.77547336E-2 2.55062151E-3 -2.03348696E-1 1.11009577E-2
09 17 2014 04 51 57 715 -5.49317147E+1 0.00000000E+0 5.00000000E+1 1.00234990E+6 0.00000000E+0 7.32017756E+1 4.56133389E-1 3.26472640E+1 2.50590349E-3 -7.23004341E-3 2.02352005E-3 -2.09927559E-1 1.35865564E-2
09 17 2014 04 52 00 718 -4.50682853E+1 0.00000000E+0 5.00000000E+1 1.00235310E+6 0.00000000E+0 7.31571317E+1 4.64649947E-1 3.26462150E+1 2.18140828E-3 1.47819519E-3 3.04082706E-3 -2.10326910E-1 1.37039812E-2
09 17 2014 04 52 03 721 -3.50531108E+1 0.00000000E+0 5.00000000E+1 1.00235640E+6 0.00000000E+0 7.32181072E+1 4.42425421E-1 3.26428294E+1 2.43690209E-3 8.02278519E-3 2.76830995E-3 -2.17562914E-1 1.36794645E-2
09 17 2014 04 52 06 724 -2.50379363E+1 0.00000000E+0 5.00000000E+1 1.00235960E+6 0.00000000E+0 7.32509792E+1 4.62777131E-1 3.26429754E+1 2.37298360E-3 1.82390213E-2 2.57005939E-3 -2.21587718E-1 9.90840946E-3
09 17 2014 04 52 10 728 0.00000000E+0 0.00000000E+0 5.00000000E+1 1.00236340E+6 0.00000000E+0 7.31676817E+1 4.35666714E-1 3.26427341E+1 2.20419301E-3 4.59253788E-2 2.91049451E-3 -2.35939026E-1 7.87756056E-3
09 17 2014 04 52 14 732 2.50379363E+1 0.00000000E+0 5.00000000E+1 1.00236720E+6 0.00000000E+0 7.32117295E+1 4.16005718E-1 3.26436520E+1 2.58514816E-3 6.44683838E-2 2.29290599E-3 -2.56466866E-1 1.04960057E-2
09 17 2014 04 52 17 735 3.50531108E+1 0.00000000E+0 5.00000000E+1 1.00237040E+6 0.00000000E+0 7.32107759E+1 4.40708159E-1 3.26448619E+1 2.78537993E-3 6.47187233E-2 2.30114399E-3 -2.53856182E-1 1.69172663E-2
09 17 2014 04 52 20 739 4.50682853E+1 0.00000000E+0 5.00000000E+1 1.00237360E+6 0.00000000E+0 7.31880665E+1 4.40082003E-1 3.26486826E+1 3.14019701E-3 7.06911087E-2 2.06693776E-3 -2.61288881E-1 2.35639003E-2
09 17 2014 04 52 24 742 5.49317147E+1 0.00000000E+0 5.00000000E+1 1.00237690E+6 0.00000000E+0 7.32909888E+1 4.38322355E-1 3.26467231E+1 2.54485775E-3 8.29622149E-2 2.29446917E-3 -2.59838998E-1 2.14432614E-2
09 17 2014 04 52 27 745 6.49468892E+1 0.00000000E+0 5.00000000E+1 1.00238010E+6 0.00000000E+0 7.32066631E+1 4.27642821E-1 3.26499939E+1 2.44275727E-3 7.86960125E-2 2.38489937E-3 -2.70062685E-1 1.37542212E-2
09 17 2014 04 52 34 752 -6.49468892E+1 1.25567322E+1 5.00000000E+1 1.00238740E+6 0.00000000E+0 7.31419027E+1 4.50579130E-1 3.26390639E+1 3.69682563E-3 -1.96769834E-2 2.28702486E-3 -2.04183161E-1 1.20897435E-2
09 17 2014 04 52 37 755 -5.49317147E+1 1.25567322E+1 5.00000000E+1 1.00239060E+6 0.00000000E+0 7.32221603E+1 4.50419795E-1 3.26358318E+1 3.18714903E-3 -7.35521317E-3 3.45221974E-3 -2.09087133E-1 1.57414466E-2
09 17 2014 04 52 41 759 -4.50682853E+1 1.25567322E+1 5.00000000E+1 1.00239380E+6 0.00000000E+0 7.31672049E+1 4.53451253E-1 3.26329708E+1 2.72350286E-3 1.14440918E-3 2.47964975E-3 -2.09540129E-1 1.30401459E-2
09 17 2014 04 52 44 762 -3.50531108E+1 1.25567322E+1 5.00000000E+1 1.00239710E+6 0.00000000E+0 7.31743127E+1 4.50523953E-1 3.26348171E+1 2.43401851E-3 9.46223736E-3 2.43252195E-3 -2.16342509E-1 1.14883140E-2
09 17 2014 04 52 47 765 -2.50379363E+1 1.25567322E+1 5.00000000E+1 1.00240030E+6 0.00000000E+0 7.32376575E+1 4.36934610E-1 3.26329827E+1 2.71814241E-3 1.78635120E-2 2.92085806E-3 -2.23922729E-1 1.16502884E-2
09 17 2014 04 52 51 769 0.00000000E+0 1.25567322E+1 5.00000000E+1 1.00240410E+6 0.00000000E+0 7.31419325E+1 4.50479288E-1 3.26343596E+1 2.99893958E-3 4.75704670E-2 2.14453817E-3 -2.38722563E-1 1.08545227E-2
09 17 2014 04 52 55 773 2.50379363E+1 1.25567322E+1 5.00000000E+1 1.00240790E+6 0.00000000E+0 7.32273459E+1 4.48014537E-1 3.26375961E+1 1.93537648E-3 6.67095184E-2 2.15980334E-3 -2.52348185E-1 1.13023904E-2
09 17 2014 04 52 58 776 3.50531108E+1 1.25567322E+1 5.00000000E+1 1.00241110E+6 0.00000000E+0 7.31788278E+1 4.44726300E-1 3.26425910E+1 2.45036946E-3 6.83307648E-2 2.53607635E-3 -2.57480145E-1 1.50919496E-2
09 17 2014 04 53 01 779 4.50682853E+1 1.25567322E+1 5.00000000E+1 1.00241430E+6 0.00000000E+0 7.31325895E+1 4.20698679E-1 3.26436311E+1 2.88702323E-3 7.56382942E-2 2.44422653E-3 -2.55666673E-1 2.22677387E-2
09 17 2014 04 53 04 782 5.49317147E+1 1.25567322E+1 5.00000000E+1 1.00241750E+6 0.00000000E+0 7.32203126E+1 4.32877610E-1 3.26425076E+1 2.63869673E-3 8.32438469E-2 2.24627491E-3 -2.57015228E-1 1.84227737E-2
09 17 2014 04 53 08 786 6.49468892E+1 1.25567322E+1 5.00000000E+1 1.00242080E+6 0.00000000E+0 7.31970072E+1 4.40777503E-1 3.26502264E+1 2.90601961E-3 8.60214233E-2 2.51974418E-3 -2.65192986E-1 1.44964213E-2
09 17 2014 04 53 15 793 -6.49468892E+1 2.49621785E+1 5.00000000E+1 1.00242810E+6 0.00000000E+0 7.31617212E+1 4.49628833E-1 3.26325059E+1 2.58818425E-3 -2.23457813E-2 2.05185655E-3 -1.99437141E-1 1.27787980E-2
09 17 2014 04 53 18 796 -5.49317147E+1 2.49621785E+1 5.00000000E+1 1.00243130E+6 0.00000000E+0 7.32318759E+1 4.62385721E-1 3.26280832E+1 3.17350877E-3 -1.03950500E-2 2.10195850E-3 -2.03371048E-1 1.74641449E-2
09 17 2014 04 53 21 799 -4.50682853E+1 2.49621785E+1 5.00000000E+1 1.00243450E+6 0.00000000E+0 7.31537342E+1 4.54131746E-1 3.26278985E+1 2.65217581E-3 1.45435333E-3 2.86562032E-3 -2.09790468E-1 1.62565660E-2
09 17 2014 04 53 24 803 -3.50531108E+1 2.49621785E+1 5.00000000E+1 1.00243770E+6 0.00000000E+0 7.32205063E+1 4.71258556E-1 3.26269269E+1 3.49129257E-3 1.02445483E-2 3.03659196E-3 -2.15798616E-1 1.32107345E-2
09 17 2014 04 53 28 806 -2.50379363E+1 2.49621785E+1 5.00000000E+1 1.00244090E+6 0.00000000E+0 7.32098818E+1 4.57141861E-1 3.26234519E+1 3.19644615E-3 1.99794769E-2 2.73714497E-3 -2.20209360E-1 1.09444444E-2
09 17 2014 04 53 31 810 0.00000000E+0 2.49621785E+1 5.00000000E+1 1.00244470E+6 0.00000000E+0 7.31353164E+1 4.59121760E-1 3.26240361E+1 2.55525474E-3 4.61399555E-2 2.39872109E-3 -2.33423710E-1 1.03423501E-2
09 17 2014 04 53 35 813 2.50379363E+1 2.49621785E+1 5.00000000E+1 1.00244860E+6 0.00000000E+0 7.32067227E+1 4.53494297E-1 3.26232493E+1 3.00541702E-3 6.26564026E-2 2.54337985E-3 -2.52610445E-1 1.10789712E-2
09 17 2014 04 53 39 817 3.50531108E+1 2.49621785E+1 5.00000000E+1 1.00245180E+6 0.00000000E+0 7.32257962E+1 4.27895154E-1 3.26297358E+1 2.98149360E-3 6.43059611E-2 1.82249588E-3 -2.60695815E-1 1.85860434E-2
09 17 2014 04 53 42 820 4.50682853E+1 2.49621785E+1 5.00000000E+1 1.00245500E+6 0.00000000E+0 7.31565356E+1 4.34570684E-1 3.26329529E+1 3.06070378E-3 7.14480877E-2 2.61668714E-3 -2.51662731E-1 2.20196557E-2
09 17 2014 04 53 45 823 5.49317147E+1 2.49621785E+1 5.00000000E+1 1.00245820E+6 0.00000000E+0 7.32284784E+1 4.40095957E-1 3.26333821E+1 2.89203619E-3 8.18192959E-2 3.17673009E-3 -2.54881382E-1 1.85423102E-2
09 17 2014 04 53 48 826 6.49468892E+1 2.49621785E+1 5.00000000E+1 1.00246140E+6 0.00000000E+0 7.31493235E+1 4.58832611E-1 3.26394379E+1 2.78994109E-3 8.53419304E-2 2.65939249E-3 -2.65836716E-1 1.93806822E-2
09 17 2014 04 53 56 834 -6.49468892E+1 -2.49621785E+1 1.00000000E+2 1.00246930E+6 0.00000000E+0 7.32225925E+1 4.22142962E-1 3.26437205E+1 3.04979364E-3 -2.39238143E-2 2.71550240E-3 -1.83187425E-1 8.69947096E-3
09 17 2014 04 53 59 837 -5.49317147E+1 -2.49621785E+1 1.00000000E+2 1.00247250E+6 0.00000000E+0 7.31979012E+1 4.29021887E-1 3.26425791E+1 2.89186162E-3 -1.26481056E-2 2.04763290E-3 -1.91473961E-1 1.98978087E-2
09 17 2014 04 54 02 841 -4.50682853E+1 -2.49621785E+1 1.00000000E+2 1.00247570E+6 0.00000000E+0 7.31673241E+1 4.50771526E-1 3.26439083E+1 3.32224458E-3 -1.15454197E-2 3.07090140E-3 -1.92517042E-1 1.68417601E-2
09 17 2014 04 54 06 844 -3.50531108E+1 -2.49621785E+1 1.00000000E+2 1.00247890E+6 0.00000000E+0 7.32012391E+1 4.33658232E-1 3.26448798E+1 2.26774865E-3 -1.94907188E-3 2.66146586E-3 -1.95544958E-1 1.26646395E-2
09 17 2014 04 54 09 847 -2.50379363E+1 -2.49621785E+1 1.00000000E+2 1.00248210E+6 0.00000000E+0 7.31214136E+1 4.49152322E-1 3.26457769E+1 2.67973539E-3 5.31226397E-3 2.23400827E-3 -2.08675861E-1 8.90347894E-3
09 17 2014 04 54 13 851 0.00000000E+0 -2.49621785E+1 1.00000000E+2 1.00248590E+6 0.00000000E+0 7.32385367E+1 4.35880302E-1 3.26444656E+1 2.85567837E-3 2.89827585E-2 1.97464470E-3 -2.21267343E-1 1.25854658E-2
09 17 2014 04 54 16 855 2.50379363E+1 -2.49621785E+1 1.00000000E+2 1.00248970E+6 0.00000000E+0 7.32079744E+1 4.60943161E-1 3.26416016E+1 2.75267647E-3 4.34577465E-2 1.40331318E-3 -2.35831738E-1 1.15122577E-2
09 17 2014 04 54 20 858 3.50531108E+1 -2.49621785E+1 1.00000000E+2 1.00249300E+6 0.00000000E+0 7.31636286E+1 4.16435991E-1 3.26385260E+1 2.99227940E-3 4.36186790E-2 2.79594642E-3 -2.37524509E-1 1.98665815E-2
09 17 2014 04 54 23 861 4.50682853E+1 -2.49621785E+1 1.00000000E+2 1.00249620E+6 0.00000000E+0 7.31624365E+1 4.11072937E-1 3.26354742E+1 2.48844179E-3 5.08785248E-2 2.19729390E-3 -2.35944986E-1 2.99180413E-2
09 17 2014 04 54 26 864 5.49317147E+1 -2.49621785E+1 1.00000000E+2 1.00249940E+6 0.00000000E+0 7.31147081E+1 4.32866088E-1 3.26304138E+1 3.12122005E-3 5.40763140E-2 2.56373890E-3 -2.37077475E-1 2.59937307E-2
09 17 2014 04 54 29 867 6.49468892E+1 -2.49621785E+1 1.00000000E+2 1.00250260E+6 0.00000000E+0 7.31824636E+1 4.33955752E-1 3.26224446E+1 3.03701219E-3 5.23507595E-2 3.70211545E-3 -2.43341923E-1 1.80540243E-2
09 17 2014 04 54 37 875 -6.49468892E+1 -1.25567322E+1 1.00000000E+2 1.00250990E+6 0.00000000E+0 7.32511282E+1 4.49858227E-1 3.26331034E+1 2.56626666E-3 -2.64793634E-2 1.73782723E-3 -1.88119709E-1 6.71427650E-3
09 17 2014 04 54 40 878 -5.49317147E+1 -1.25567322E+1 1.00000000E+2 1.00251320E+6 0.00000000E+0 7.31766224E+1 4.67455643E-1 3.26323092E+1 2.24666611E-3 -1.72197819E-2 3.53493869E-3 -1.94591284E-1 1.45762187E-2
09 17 2014 04 54 43 881 -4.50682853E+1 -1.25567322E+1 1.00000000E+2 1.00251640E+6 0.00000000E+0 7.32010007E+1 4.54223122E-1 3.26343775E+1 3.01032185E-3 -6.87241554E-3 2.67184357E-3 -1.96719170E-1 1.42984521E-2
09 17 2014 04 54 46 884 -3.50531108E+1 -1.25567322E+1 1.00000000E+2 1.00251960E+6 0.00000000E+0 7.31525570E+1 4.46326164E-1 3.26309502E+1 2.57613454E-3 1.08778477E-3 1.93783858E-3 -2.05196440E-1 1.40158034E-2
09 17 2014 04 54 50 888 -2.50379363E+1 -1.25567322E+1 1.00000000E+2 1.00252280E+6 0.00000000E+0 7.31422305E+1 4.50792875E-1 3.26351464E+1 2.69420074E-3 7.25984573E-3 2.29071943E-3 -2.09408998E-1 6.13865705E-3
09 17 2014 04 54 53 892 0.00000000E+0 -1.25567322E+1 1.00000000E+2 1.00252660E+6 0.00000000E+0 7.31847286E+1 4.58626473E-1 3.26335311E+1 2.67984470E-3 3.43501568E-2 2.00420749E-3 -2.24030018E-1 8.24338917E-3
09 17 2014 04 54 57 895 2.50379363E+1 -1.25567322E+1 1.00000000E+2 1.00253050E+6 0.00000000E+0 7.31352568E+1 4.79451981E-1 3.26316714E+1 2.31255672E-3 5.08129597E-2 2.39635018E-3 -2.37584114E-1 1.04176557E-2
09 17 2014 04 55 00 899 3.50531108E+1 -1.25567322E+1 1.00000000E+2 1.00253370E+6 0.00000000E+0 7.31553137E+1 4.63076946E-1 3.26317996E+1 2.42862415E-3 5.03361225E-2 3.82697098E-3 -2.44237483E-1 2.12126544E-2
09 17 2014 04 55 04 902 4.50682853E+1 -1.25567322E+1 1.00000000E+2 1.00253690E+6 0.00000000E+0 7.31804967E+1 4.62170308E-1 3.26286674E+1 2.83367805E-3 5.34355640E-2 2.43197869E-3 -2.37035751E-1 2.98562916E-2
09 17 2014 04 55 07 905 5.49317147E+1 -1.25567322E+1 1.00000000E+2 1.00254010E+6 0.00000000E+0 7.31369853E+1 4.46575560E-1 3.26246977E+1 2.51266965E-3 6.06238842E-2 2.89208792E-3 -2.38019228E-1 2.73496975E-2
09 17 2014 04 55 10 908 6.49468892E+1 -1.25567322E+1 1.00000000E+2 1.00254330E+6 0.00000000E+0 7.31890798E+1 4.59448304E-1 3.26180160E+1 3.13802285E-3 5.96165657E-2 2.76690466E-3 -2.47049332E-1 1.66465545E-2
09 17 2014 04 55 17 916 -6.49468892E+1 0.00000000E+0 1.00000000E+2 1.00255070E+6 0.00000000E+0 7.31269717E+1 4.42179831E-1 3.26269448E+1 2.70716175E-3 -2.74837017E-2 1.90125098E-3 -1.96933746E-1 7.26914338E-3
09 17 2014 04 55 21 919 -5.49317147E+1 0.00000000E+0 1.00000000E+2 1.00255390E+6 0.00000000E+0 7.32091069E+1 4.67537217E-1 3.26249778E+1 3.17036675E-3 -1.46269798E-2 1.94466779E-3 -2.02995539E-1 1.00713954E-2
09 17 2014 04 55 24 922 -4.50682853E+1 0.00000000E+0 1.00000000E+2 1.00255710E+6 0.00000000E+0 7.31432438E+1 4.17778475E-1 3.26259062E+1 1.83776692E-3 -6.40004873E-3 2.52383034E-3 -2.03557312E-1 1.49595052E-2
09 17 2014 04 55 27 925 -3.50531108E+1 0.00000000E+0 1.00000000E+2 1.00256030E+6 0.00000000E+0 7.31958747E+1 4.13403523E-1 3.26296449E+1 2.36437118E-3 1.74045563E-3 2.25667277E-3 -2.10094452E-1 1.17675679E-2
09 17 2014 04 55 30 928 -2.50379363E+1 0.00000000E+0 1.00000000E+2 1.00256360E+6 0.00000000E+0 7.31535554E+1 4.54703488E-1 3.26289535E+1 2.70003120E-3 1.09910965E-2 2.33940688E-3 -2.15190649E-1 7.49540897E-3
09 17 2014 04 55 34 932 0.00000000E+0 0.00000000E+0 1.00000000E+2 1.00256740E+6 0.00000000E+0 7.32033253E+1 4.28330283E-1 3.26253295E+1 2.28057520E-3 3.57151031E-2 1.63149253E-3 -2.27439404E-1 8.90544164E-3
09 17 2014 04 55 38 936 2.50379363E+1 0.00000000E+0 1.00000000E+2 1.00257120E+6 0.00000000E+0 7.32860714E+1 4.08789777E-1 3.26233432E+1 3.63069272E-3 5.47468662E-2 2.83357246E-3 -2.44081020E-1 9.98553633E-3
09 17 2014 04 55 41 939 3.50531108E+1 0.00000000E+0 1.00000000E+2 1.00257440E+6 0.00000000E+0 7.31569529E+1 4.50303691E-1 3.26248050E+1 2.69354133E-3 5.61296940E-2 2.68468965E-3 -2.46763229E-1 2.11768782E-2
09 17 2014 04 55 44 942 4.50682853E+1 0.00000000E+0 1.00000000E+2 1.00257760E+6 0.00000000E+0 7.32287765E+1 4.57610039E-1 3.26272786E+1 2.63610898E-3 6.01410866E-2 2.61846585E-3 -2.43920088E-1 3.00479423E-2
09 17 2014 04 55 48 946 5.49317147E+1 0.00000000E+0 1.00000000E+2 1.00258090E+6 0.00000000E+0 7.31701255E+1 4.64272194E-1 3.26177835E+1 2.53519144E-3 6.75737858E-2 2.56763550E-3 -2.46286392E-1 2.83301282E-2
09 17 2014 04 55 51 949 6.49468892E+1 0.00000000E+0 1.00000000E+2 1.00258410E+6 0.00000000E+0 7.31921196E+1 4.28873279E-1 3.26154470E+1 3.66563592E-3 6.89268112E-2 2.27883634E-3 -2.53909826E-1 1.87680561E-2
09 17 2014 04 55 58 956 -6.49468892E+1 1.25567322E+1 1.00000000E+2 1.00259140E+6 0.00000000E+0 7.32156634E+1 4.48579029E-1 3.26233357E+1 3.62779677E-3 -2.85953283E-2 2.06562560E-3 -1.97328627E-1 7.05825291E-3
09 17 2014 04 56 01 959 -5.49317147E+1 1.25567322E+1 1.00000000E+2 1.00259460E+6 0.00000000E+0 7.31817484E+1 4.37308903E-1 3.26218665E+1 2.36765091E-3 -1.69992447E-2 2.98472117E-3 -2.00253725E-1 1.21338104E-2
09 17 2014 04 56 05 963 -4.50682853E+1 1.25567322E+1 1.00000000E+2 1.00259780E+6 0.00000000E+0 7.32074976E+1 4.43351259E-1 3.26208770E+1 3.69698032E-3 -7.82608986E-3 3.21418027E-3 -2.01684237E-1 1.44613395E-2
09 17 2014 04 56 08 966 -3.50531108E+1 1.25567322E+1 1.00000000E+2 1.00260100E+6 0.00000000E+0 7.31579065E+1 4.30705255E-1 3.26237082E+1 2.44535848E-3 -1.72853470E-4 2.86193125E-3 -2.07179785E-1 1.43889677E-2
09 17 2014 04 56 11 969 -2.50379363E+1 1.25567322E+1 1.00000000E+2 1.00260420E+6 0.00000000E+0 7.32316077E+1 4.27758164E-1 3.26203182E+1 2.36241765E-3 7.31647015E-3 3.29526189E-3 -2.18704343E-1 6.76521908E-3
09 17 2014 04 56 15 973 0.00000000E+0 1.25567322E+1 1.00000000E+2 1.00260810E+6 0.00000000E+0 7.31254369E+1 4.52734527E-1 3.26191187E+1 3.01263991E-3 3.55690718E-2 1.90678976E-3 -2.28427351E-1 1.04731738E-2
09 17 2014 04 56 19 977 2.50379363E+1 1.25567322E+1 1.00000000E+2 1.00261190E+6 0.00000000E+0 7.32102394E+1 4.36170998E-1 3.26197624E+1 2.37928690E-3 5.39779663E-2 1.82297717E-3 -2.46828794E-1 1.00647986E-2
09 17 2014 04 56 22 980 3.50531108E+1 1.25567322E+1 1.00000000E+2 1.00261510E+6 0.00000000E+0 7.31607676E+1 4.40022124E-1 3.26197684E+1 2.51946959E-3 5.65409660E-2 2.95998572E-3 -2.45654583E-1 1.89015876E-2
09 17 2014 04 56 25 983 4.50682853E+1 1.25567322E+1 1.00000000E+2 1.00261830E+6 0.00000000E+0 7.32219219E+1 4.44222943E-1 3.26146543E+1 2.36354065E-3 6.28471375E-2 2.88383275E-3 -2.43866444E-1 2.87308081E-2
09 17 2014 04 56 28 986 5.49317147E+1 1.25567322E+1 1.00000000E+2 1.00262150E+6 0.00000000E+0 7.31490552E+1 4.22410819E-1 3.26093957E+1 1.98807776E-3 7.15851784E-2 2.77085747E-3 -2.52030790E-1 2.79728848E-2
09 17 2014 04 56 31 990 6.49468892E+1 1.25567322E+1 1.00000000E+2 1.00262470E+6 0.00000000E+0 7.31937885E+1 4.23351464E-1 3.26123178E+1 2.84199994E-3 7.28547573E-2 3.23944527E-3 -2.56991386E-1 2.03599004E-2
09 17 2014 04 56 39 997 -6.49468892E+1 2.49621785E+1 1.00000000E+2 1.00263200E+6 0.00000000E+0 7.31619447E+1 4.66505155E-1 3.26081812E+1 2.82016696E-3 -3.21641564E-2 3.71280804E-3 -1.97559595E-1 1.08611374E-2
09 17 2014 04 56 42 1000 -5.49317147E+1 2.49621785E+1 1.00000000E+2 1.00263530E+6 0.00000000E+0 7.31148124E+1 4.68655923E-1 3.26118648E+1 2.79765127E-3 -2.02417374E-2 2.08946734E-3 -2.03752518E-1 1.29124020E-2
09 17 2014 04 56 45 1003 -4.50682853E+1 2.49621785E+1 1.00000000E+2 1.00263850E+6 0.00000000E+0 7.31922984E+1 4.73297350E-1 3.26125801E+1 2.03421088E-3 -8.29100609E-3 2.25039162E-3 -2.04437971E-1 1.34965530E-2
09 17 2014 04 56 48 1007 -3.50531108E+1 2.49621785E+1 1.00000000E+2 1.00264170E+6 0.00000000E+0 7.31849670E+1 4.65099431E-1 3.26142669E+1 3.04272041E-3 1.61528587E-3 3.32876698E-3 -2.12329626E-1 1.45108027E-2
09 17 2014 04 56 52 1010 -2.50379363E+1 2.49621785E+1 1.00000000E+2 1.00264490E+6 0.00000000E+0 7.32277334E+1 4.24481694E-1 3.26122195E+1 2.87847856E-3 1.11460686E-2 2.03844399E-3 -2.17124820E-1 7.35343544E-3
09 17 2014 04 56 55 1014 0.00000000E+0 2.49621785E+1 1.00000000E+2 1.00264870E+6 0.00000000E+0 7.31069446E+1 4.38310583E-1 3.26108932E+1 2.96450531E-3 3.56793404E-2 2.35454429E-3 -2.31570005E-1 1.01991505E-2
09 17 2014 04 56 59 1017 2.50379363E+1 2.49621785E+1 1.00000000E+2 1.00265250E+6 0.00000000E+0 7.32129216E+1 4.38429504E-1 3.26099336E+1 2.21488131E-3 5.97655773E-2 2.32293963E-3 -2.50214338E-1 1.10883511E-2
09 17 2014 04 57 03 1021 3.50531108E+1 2.49621785E+1 1.00000000E+2 1.00265580E+6 0.00000000E+0 7.31326342E+1 4.55902619E-1 3.26097012E+1 2.81038137E-3 6.02245331E-2 2.70973686E-3 -2.52145529E-1 2.15027387E-2
09 17 2014 04 57 06 1024 4.50682853E+1 2.49621785E+1 1.00000000E+2 1.00265900E+6 0.00000000E+0 7.32732564E+1 4.11060290E-1 3.26044634E+1 3.36090397E-3 6.68689609E-2 3.03877511E-3 -2.53729522E-1 3.13700016E-2
09 17 2014 04 57 09 1027 5.49317147E+1 2.49621785E+1 1.00000000E+2 1.00266220E+6 0.00000000E+0 7.31420517E+1 4.39478012E-1 3.26039791E+1 2.85421784E-3 7.62283802E-2 2.90550482E-3 -2.50381231E-1 2.50955494E-2
09 17 2014 04 57 12 1030 6.49468892E+1 2.49621785E+1 1.00000000E+2 1.00266540E+6 0.00000000E+0 7.31931329E+1 4.62161796E-1 3.25996816E+1 2.17226018E-3 7.71462917E-2 2.21919952E-3 -2.61485577E-1 2.01170568E-2
