Month Day Year Hour Minute Second Time_s x y z Current CurrentError 1Axis 1AxisError Bx BxError By ByError Bz BzError
09 15 2014 10 09 56 16 -6.49468892E+1 -2.49621785E+1 -1.00000000E+2 8.48629700E+5 0.00000000E+0 2.90712118E+1 4.31407983E-1 -4.14448977E-1 3.15546905E-3 3.33464146E-1 2.18243665E-3 1.27309561E-1 4.35974251E-3
09 15 2014 10 10 02 21 -6.49468892E+1 -2.49621785E+1 0.00000000E+0 8.48635100E+5 0.00000000E+0 2.90262699E+1 4.53893499E-1 -3.87273729E-1 2.87513391E-3 3.21939588E-1 1.83539726E-3 1.20170414E-1 2.97385766E-3
09 15 2014 10 10 07 26 -6.49468892E+1 -2.49621785E+1 1.00000000E+2 8.48640500E+5 0.00000000E+0 2.91208029E+1 4.42609736E-1 -3.97300720E-1 3.62666094E-3 2.94721127E-1 2.25458376E-3 1.72734261E-1 7.71663612E-3
09 15 2014 10 10 17 36 -4.50682853E+1 -2.49621785E+1 -1.00000000E+2 8.48650200E+5 0.00000000E+0 2.90955305E+1 4.48751233E-1 -4.22728062E-1 2.98208882E-3 3.32009792E-1 1.89313960E-3 1.16693974E-1 3.73362437E-3
09 15 2014 10 10 22 41 -4.50682853E+1 -2.49621785E+1 0.00000000E+0 8.48655600E+5 0.00000000E+0 2.90230662E+1 4.42801077E-1 -3.96609306E-1 2.51754666E-3 3.22259963E-1 2.26924676E-3 9.40114260E-2 4.14781524E-3
09 15 2014 10 10 28 47 -4.50682853E+1 -2.49621785E+1 1.00000000E+2 8.48661000E+5 0.00000000E+0 2.91476846E+1 4.39705712E-1 -4.00984287E-1 2.95518084E-3 2.96789408E-1 2.02425916E-3 1.18452311E-1 3.35334716E-3
09 15 2014 10 10 37 56 -2.50379363E+1 -2.49621785E+1 -1.00000000E+2 8.48670600E+5 0.00000000E+0 2.90975571E+1 4.42509264E-1 -4.26989794E-1 2.60608980E-3 3.29518318E-1 3.23697963E-3 1.15442276E-1 4.40037065E-3
09 15 2014 10 10 43 62 -2.50379363E+1 -2.49621785E+1 0.00000000E+0 8.48676000E+5 0.00000000E+0 2.91104913E+1 4.48642779E-1 -4.03553247E-1 2.61342659E-3 3.22723389E-1 3.05265959E-3 1.06441975E-1 3.11434306E-3
09 15 2014 10 10 48 67 -2.50379363E+1 -2.49621785E+1 1.00000000E+2 8.48681400E+5 0.00000000E+0 2.89703161E+1 4.54138991E-1 -3.98203731E-1 2.91835606E-3 2.91511416E-1 2.50618454E-3 1.09650195E-1 3.72070985E-3
09 15 2014 10 10 58 77 0.00000000E+0 -2.49621785E+1 -1.00000000E+2 8.48691100E+5 0.00000000E+0 2.90325284E+1 4.42071916E-1 -4.28356230E-1 3.21753764E-3 3.25292349E-1 2.47370048E-3 1.14858150E-1 3.50321197E-3
09 15 2014 10 11 03 82 0.00000000E+0 -2.49621785E+1 0.00000000E+0 8.48696600E+5 0.00000000E+0 2.90498137E+1 4.27527596E-1 -3.97109985E-1 2.85437506E-3 3.22932005E-1 2.20743967E-3 1.00237131E-1 5.42359519E-3
09 15 2014 10 11 09 88 0.00000000E+0 -2.49621785E+1 1.00000000E+2 8.48702000E+5 0.00000000E+0 2.91076899E+1 4.30254211E-1 -3.99804115E-1 2.86248655E-3 2.89934874E-1 2.12026628E-3 1.05243921E-1 3.89430830E-3
09 15 2014 10 11 18 98 2.50379363E+1 -2.49621785E+1 -1.00000000E+2 8.48711700E+5 0.00000000E+0 2.91943550E+1 4.78402348E-1 -4.24247980E-1 2.43732407E-3 3.25024128E-1 2.34065343E-3 1.28561258E-1 3.15148444E-3
09 15 2014 10 11 24 103 2.50379363E+1 -2.49621785E+1 0.00000000E+0 8.48717100E+5 0.00000000E+0 2.90407538E+1 4.57320389E-1 -3.89164686E-1 3.41176618E-3 3.19331884E-1 2.12435432E-3 1.27333403E-1 3.58927919E-3
09 15 2014 10 11 29 108 2.50379363E+1 -2.49621785E+1 1.00000000E+2 8.48722500E+5 0.00000000E+0 2.91392207E+1 4.54131279E-1 -3.99485230E-1 2.81861284E-3 2.92293727E-1 2.49086330E-3 9.86009836E-2 3.22376099E-3
09 15 2014 10 11 39 118 4.50682853E+1 -2.49621785E+1 -1.00000000E+2 8.48732100E+5 0.00000000E+0 2.90968418E+1 4.61132402E-1 -4.29636240E-1 3.82594967E-3 3.22228670E-1 3.21539008E-3 1.23149157E-1 3.45143427E-3
09 15 2014 10 11 44 123 4.50682853E+1 -2.49621785E+1 0.00000000E+0 8.48737500E+5 0.00000000E+0 2.91976929E+1 4.71472617E-1 -4.00179625E-1 2.30944166E-3 3.24344635E-1 2.08624323E-3 1.03867054E-1 4.24123801E-3
09 15 2014 10 11 50 129 4.50682853E+1 -2.49621785E+1 1.00000000E+2 8.48743000E+5 0.00000000E+0 2.91299075E+1 4.63480949E-1 -4.14259732E-1 2.48286318E-3 2.89730728E-1 2.78482996E-3 1.23038888E-1 3.77170732E-3
09 15 2014 10 11 59 138 6.49468892E+1 -2.49621785E+1 -1.00000000E+2 8.48752600E+5 0.00000000E+0 2.91437507E+1 4.49392222E-1 -4.48811054E-1 2.32860761E-3 3.22723389E-1 2.81506145E-3 1.28126144E-1 4.02805238E-3
09 15 2014 10 12 05 144 6.49468892E+1 -2.49621785E+1 0.00000000E+0 8.48758000E+5 0.00000000E+0 2.90653706E+1 4.96971384E-1 -3.93682718E-1 2.61073501E-3 3.32951546E-1 2.39794925E-3 1.02871656E-1 4.06186717E-3
09 15 2014 10 12 10 149 6.49468892E+1 -2.49621785E+1 1.00000000E+2 8.48763400E+5 0.00000000E+0 2.91506648E+1 4.74702971E-1 -4.29815054E-1 2.01989450E-3 2.94834375E-1 2.28089494E-3 9.32216644E-2 3.27771356E-3
09 15 2014 10 12 21 160 -6.49468892E+1 0.00000000E+0 -1.00000000E+2 8.48774200E+5 0.00000000E+0 2.91108489E+1 4.13304040E-1 -3.95864248E-1 2.58840821E-3 3.36426497E-1 2.12202933E-3 9.24766064E-2 4.30021798E-3
09 15 2014 10 12 26 165 -6.49468892E+1 0.00000000E+0 0.00000000E+0 8.48779600E+5 0.00000000E+0 2.91658640E+1 4.42080804E-1 -3.69811058E-1 2.74620207E-3 3.22484970E-1 1.87396013E-3 8.96453857E-2 3.67386992E-3
09 15 2014 10 12 32 171 -6.49468892E+1 0.00000000E+0 1.00000000E+2 8.48785000E+5 0.00000000E+0 2.90876627E+1 4.67029886E-1 -3.77781689E-1 3.17627144E-3 2.92390585E-1 2.07460700E-3 1.04427338E-1 3.09515926E-3
09 15 2014 10 12 41 181 -4.50682853E+1 0.00000000E+0 -1.00000000E+2 8.48794700E+5 0.00000000E+0 2.91747451E+1 4.49059232E-1 -3.94600630E-1 2.79925488E-3 3.19838524E-1 2.69268039E-3 1.06585026E-1 3.38125080E-3
09 15 2014 10 12 47 186 -4.50682853E+1 0.00000000E+0 0.00000000E+0 8.48800100E+5 0.00000000E+0 2.90843844E+1 4.45705139E-1 -3.59088182E-1 4.20079788E-3 3.07101011E-1 3.56817058E-3 1.12128258E-1 3.58784629E-3
09 15 2014 10 12 52 191 -4.50682853E+1 0.00000000E+0 1.00000000E+2 8.48805500E+5 0.00000000E+0 2.91403383E+1 4.66243105E-1 -3.63528728E-1 2.15281988E-3 2.80134380E-1 1.96482984E-3 1.48922205E-1 5.18864053E-3
09 15 2014 10 13 02 201 -2.50379363E+1 0.00000000E+0 -1.00000000E+2 8.48815100E+5 0.00000000E+0 2.91638374E+1 4.64533250E-1 -3.85910273E-1 2.78226331E-3 3.17829847E-1 2.65471268E-3 1.77729130E-1 3.16886243E-3
09 15 2014 10 13 07 206 -2.50379363E+1 0.00000000E+0 0.00000000E+0 8.48820500E+5 0.00000000E+0 2.91437507E+1 4.17633773E-1 -3.64476442E-1 2.74725724E-3 3.12095881E-1 2.21454360E-3 1.92219019E-1 3.53515027E-3
09 15 2014 10 13 13 212 -2.50379363E+1 0.00000000E+0 1.00000000E+2 8.48825900E+5 0.00000000E+0 2.91668773E+1 4.13621513E-1 -3.68756056E-1 2.96179817E-3 2.83944607E-1 2.89323206E-3 2.21019983E-1 3.05360887E-3
09 15 2014 10 13 22 221 0.00000000E+0 0.00000000E+0 -1.00000000E+2 8.48835600E+5 0.00000000E+0 2.92065144E+1 4.59492602E-1 -3.89343500E-1 2.31235457E-3 3.17895412E-1 2.55297793E-3 1.23572350E-1 4.11363423E-3
09 15 2014 10 13 28 227 1.06221548E+0 0.00000000E+0 0.00000000E+0 8.48841100E+5 0.00000000E+0 2.90695578E+1 4.44529660E-1 -3.68550420E-1 2.50958442E-3 3.06710601E-1 2.47537547E-3 1.22375786E-1 2.97560929E-3
09 15 2014 10 13 33 232 0.00000000E+0 0.00000000E+0 1.00000000E+2 8.48846500E+5 0.00000000E+0 2.91846395E+1 4.68126575E-1 -3.73864174E-1 3.48123784E-3 2.82037258E-1 1.97739204E-3 1.40470266E-1 3.46328930E-3
09 15 2014 10 13 43 242 2.50379363E+1 0.00000000E+0 -1.00000000E+2 8.48856200E+5 0.00000000E+0 2.91233063E+1 4.42185434E-1 -4.06318903E-1 2.62216942E-3 3.14640999E-1 2.36825894E-3 1.31177902E-1 3.35916909E-3
09 15 2014 10 13 48 247 2.50379363E+1 0.00000000E+0 0.00000000E+0 8.48861600E+5 0.00000000E+0 2.91805863E+1 4.47100915E-1 -3.81398201E-1 3.02652741E-3 3.10158730E-1 2.29681702E-3 1.19423866E-1 3.84508440E-3
09 15 2014 10 13 54 253 2.50379363E+1 0.00000000E+0 1.00000000E+2 8.48867000E+5 0.00000000E+0 2.90908217E+1 4.71348018E-1 -3.95905972E-1 3.80269865E-3 2.82251835E-1 2.60517842E-3 1.26099586E-1 8.46766739E-3
09 15 2014 10 14 03 262 4.50682853E+1 0.00000000E+0 -1.00000000E+2 8.48876600E+5 0.00000000E+0 2.91936100E+1 4.86218997E-1 -4.24548984E-1 2.93841428E-3 3.23534012E-1 2.11239399E-3 9.59113240E-2 4.44827325E-3
09 15 2014 10 14 09 268 4.50682853E+1 0.00000000E+0 0.00000000E+0 8.48882000E+5 0.00000000E+0 2.90837884E+1 4.47255026E-1 -3.92138958E-1 4.18914188E-3 3.15797329E-1 2.31637000E-3 1.00672245E-1 4.11037837E-3
09 15 2014 10 14 14 273 4.50682853E+1 0.00000000E+0 1.00000000E+2 8.48887500E+5 0.00000000E+0 2.91196704E+1 4.35493591E-1 -4.06944752E-1 2.32610093E-3 2.87848711E-1 2.11072034E-3 9.73999500E-2 3.85574383E-3
09 15 2014 10 14 24 283 6.49468892E+1 0.00000000E+0 -1.00000000E+2 8.48897100E+5 0.00000000E+0 2.91975588E+1 4.88497447E-1 -4.31716442E-1 3.16357887E-3 3.17104161E-1 2.43936454E-3 1.00605190E-1 4.16459065E-3
09 15 2014 10 14 29 288 6.49468892E+1 0.00000000E+0 0.00000000E+0 8.48902500E+5 0.00000000E+0 2.91725993E+1 4.30080300E-1 -3.93825769E-1 3.07114494E-3 3.16739082E-1 2.48886255E-3 9.83357430E-2 3.30812703E-3
09 15 2014 10 14 35 294 6.49468892E+1 0.00000000E+0 1.00000000E+2 8.48907900E+5 0.00000000E+0 2.90844440E+1 3.94479448E-1 -4.29672003E-1 2.13923037E-3 2.91979313E-1 2.69437424E-3 8.25822353E-2 3.58168607E-3
09 15 2014 10 14 45 305 -6.49468892E+1 2.49621785E+1 -1.00000000E+2 8.48918700E+5 0.00000000E+0 2.91024446E+1 4.82977511E-1 -3.86369228E-1 3.47506621E-3 3.26031446E-1 2.14453817E-3 8.37147236E-2 4.49179641E-3
09 15 2014 10 14 51 310 -6.49468892E+1 2.49621785E+1 0.00000000E+0 8.48924100E+5 0.00000000E+0 2.91529298E+1 4.44410278E-1 -3.58414650E-1 2.80596006E-3 3.07810307E-1 2.94524283E-3 9.56237316E-2 3.44053853E-3
09 15 2014 10 14 56 315 -6.49468892E+1 2.49621785E+1 1.00000000E+2 8.48929500E+5 0.00000000E+0 2.90865302E+1 4.49471105E-1 -3.67414951E-1 2.57072865E-3 2.77638435E-1 2.34113269E-3 1.13737583E-1 4.34882216E-3
09 15 2014 10 15 06 325 -4.50682853E+1 2.49621785E+1 -1.00000000E+2 8.48939200E+5 0.00000000E+0 2.91330814E+1 4.29735918E-1 -3.84575129E-1 2.92500343E-3 3.13514471E-1 2.37143867E-3 9.42707062E-2 3.22679693E-3
09 15 2014 10 15 11 330 -4.50682853E+1 2.49621785E+1 0.00000000E+0 8.48944600E+5 0.00000000E+0 2.91047692E+1 4.47614491E-1 -3.61704826E-1 2.70808024E-3 3.03316116E-1 2.00238739E-3 1.26433372E-1 4.19964487E-3
09 15 2014 10 15 17 336 -4.50682853E+1 2.49621785E+1 1.00000000E+2 8.48950000E+5 0.00000000E+0 2.91096568E+1 4.17866346E-1 -3.76534462E-1 3.75071308E-3 2.76219845E-1 2.10313241E-3 1.57845020E-1 3.88385102E-3
09 15 2014 10 15 26 345 -2.50379363E+1 2.49621785E+1 -1.00000000E+2 8.48959600E+5 0.00000000E+0 2.91649252E+1 4.01058206E-1 -4.00617719E-1 2.38651916E-3 3.09586525E-1 2.82167826E-3 1.50986016E-1 3.93209241E-3
09 15 2014 10 15 32 351 -2.50379363E+1 2.49621785E+1 0.00000000E+0 8.48965000E+5 0.00000000E+0 2.91337371E+1 4.41304467E-1 -3.73113155E-1 3.32953645E-3 2.99364328E-1 2.53172993E-3 1.55127048E-1 4.20848693E-3
09 15 2014 10 15 37 356 -2.50379363E+1 2.49621785E+1 1.00000000E+2 8.48970400E+5 0.00000000E+0 2.90864110E+1 4.23750919E-1 -3.83162498E-1 3.58517694E-3 2.68930197E-1 2.26331654E-3 1.21903419E-1 3.91234416E-3
09 15 2014 10 15 47 366 0.00000000E+0 2.49621785E+1 -1.00000000E+2 8.48980200E+5 0.00000000E+0 2.90994644E+1 4.75406760E-1 -4.01353836E-1 2.72377747E-3 3.10295820E-1 2.16501751E-3 8.79287720E-2 2.61872292E-3
09 15 2014 10 15 52 371 0.00000000E+0 2.49621785E+1 0.00000000E+0 8.48985600E+5 0.00000000E+0 2.90873647E+1 4.28008076E-1 -3.87632847E-1 2.27143959E-3 3.04269791E-1 2.69362463E-3 9.22143459E-2 5.56868848E-3
09 15 2014 10 15 58 377 0.00000000E+0 2.49621785E+1 1.00000000E+2 8.48991000E+5 0.00000000E+0 2.91113555E+1 4.45226908E-1 -3.90663743E-1 3.54965552E-3 2.77571380E-1 2.57887976E-3 1.06662512E-1 4.01424487E-3
09 15 2014 10 16 07 387 2.50379363E+1 2.49621785E+1 -1.00000000E+2 8.49000700E+5 0.00000000E+0 2.90665776E+1 4.81367686E-1 -4.09759581E-1 2.99868237E-3 3.07753682E-1 2.94195871E-3 9.58442688E-2 3.14043519E-3
09 15 2014 10 16 13 392 2.50379363E+1 2.49621785E+1 0.00000000E+0 8.49006100E+5 0.00000000E+0 2.91230679E+1 4.91865494E-1 -3.92550230E-1 2.74044255E-3 3.02463770E-1 2.54204882E-3 9.77516174E-2 3.22943826E-3
09 15 2014 10 16 18 397 2.50379363E+1 2.49621785E+1 1.00000000E+2 8.49011500E+5 0.00000000E+0 2.90693045E+1 4.60717204E-1 -3.98957729E-1 2.67934228E-3 2.77578831E-1 2.43094051E-3 1.05464458E-1 2.90463589E-3
09 15 2014 10 16 28 407 4.50682853E+1 2.49621785E+1 -1.00000000E+2 8.49021100E+5 0.00000000E+0 2.91310549E+1 4.45071880E-1 -4.15945053E-1 2.45454763E-3 3.04663181E-1 1.84317438E-3 1.04367733E-1 3.28238811E-3
09 15 2014 10 16 33 412 4.50682853E+1 2.49621785E+1 0.00000000E+0 8.49026600E+5 0.00000000E+0 2.90720463E+1 4.79787932E-1 -3.84974480E-1 3.18522413E-3 3.04764509E-1 2.74398830E-3 1.07532740E-1 3.21189900E-3
09 15 2014 10 16 39 418 4.50682853E+1 2.49621785E+1 1.00000000E+2 8.49032000E+5 0.00000000E+0 2.91758180E+1 4.40657277E-1 -4.04787064E-1 3.08793360E-3 2.76029110E-1 2.61417774E-3 9.21308994E-2 4.09794510E-3
09 15 2014 10 16 48 427 6.49468892E+1 2.49621785E+1 -1.00000000E+2 8.49041600E+5 0.00000000E+0 2.90976763E+1 4.41038573E-1 -4.25201654E-1 2.30937688E-3 3.04138660E-1 2.27998479E-3 1.00964308E-1 3.45749666E-3
09 15 2014 10 16 54 433 6.49468892E+1 2.49621785E+1 0.00000000E+0 8.49047000E+5 0.00000000E+0 2.90852040E+1 4.37771608E-1 -3.95178795E-1 2.24712936E-3 3.02590430E-1 2.52420569E-3 1.08420849E-1 3.47197269E-3
09 15 2014 10 16 59 438 6.49468892E+1 2.49621785E+1 1.00000000E+2 8.49052400E+5 0.00000000E+0 2.91405916E+1 4.36339238E-1 -4.08351421E-1 3.61858822E-3 2.77674198E-1 3.46541048E-3 7.29918480E-2 4.08511697E-3
