Month Day Year Hour Minute Second Time_s x y z Current CurrentError 1Axis 1AxisError Bx BxError By ByError Bz BzError
09 16 2014 17 36 28 12 -6.49468892E+1 -2.49621785E+1 -1.00000000E+2 9.61820900E+5 0.00000000E+0 7.33266473E+1 4.43882414E-1 1.14083290E-1 1.88645095E-3 4.53889370E-2 2.04725846E-3 3.08001041E-1 3.02991118E-3
09 16 2014 17 36 32 16 -6.49468892E+1 -2.49621785E+1 -5.00000000E+1 9.61825400E+5 0.00000000E+0 7.33190179E+1 4.34147122E-1 1.52993202E-1 2.80302643E-3 6.84201717E-2 1.97723128E-3 2.43425369E-1 3.62942342E-3
09 16 2014 17 36 37 21 -6.49468892E+1 -2.49621785E+1 0.00000000E+0 9.61829900E+5 0.00000000E+0 7.32980371E+1 4.57227484E-1 1.96135044E-1 2.11843997E-3 3.44753265E-2 3.16146613E-3 2.43693590E-1 3.44371097E-3
09 16 2014 17 36 41 25 -6.49468892E+1 -2.49621785E+1 5.00000000E+1 9.61834400E+5 0.00000000E+0 7.33153224E+1 4.41833279E-1 1.78223848E-1 2.03391672E-3 -1.63555145E-2 1.52691771E-3 3.19141150E-1 3.07260582E-3
09 16 2014 17 36 46 30 -6.49468892E+1 -2.49621785E+1 1.00000000E+2 9.61838900E+5 0.00000000E+0 7.33222365E+1 4.45572952E-1 1.41286850E-1 2.37084723E-3 -2.22563744E-2 2.10391465E-3 3.57216597E-1 2.98749516E-3
09 16 2014 17 36 55 39 -5.49317147E+1 -2.49621785E+1 -1.00000000E+2 9.61848500E+5 0.00000000E+0 7.33461380E+1 4.45504010E-1 1.30391121E-1 2.61019779E-3 4.92155552E-2 2.88478573E-3 3.07595730E-1 3.05694430E-3
09 16 2014 17 37 00 44 -5.49317147E+1 -2.49621785E+1 -5.00000000E+1 9.61853100E+5 0.00000000E+0 7.33735561E+1 4.48441234E-1 1.64896250E-1 2.10738679E-3 6.99698925E-2 1.91770233E-3 2.53933668E-1 2.95142633E-3
09 16 2014 17 37 04 49 -5.49317147E+1 -2.49621785E+1 0.00000000E+0 9.61857600E+5 0.00000000E+0 7.33217597E+1 4.31853799E-1 1.97529793E-1 3.34233866E-3 4.17351723E-2 2.04982335E-3 2.55978107E-1 4.05737635E-3
09 16 2014 17 37 09 53 -5.49317147E+1 -2.49621785E+1 5.00000000E+1 9.61862100E+5 0.00000000E+0 7.33385086E+1 4.62562863E-1 1.84422731E-1 2.69114528E-3 -5.25712967E-3 1.76218505E-3 3.15690041E-1 3.04701909E-3
09 16 2014 17 37 13 58 -5.49317147E+1 -2.49621785E+1 1.00000000E+2 9.61866600E+5 0.00000000E+0 7.33416677E+1 4.29168513E-1 1.61522627E-1 2.59781114E-3 -1.61170959E-2 2.15779386E-3 3.53598595E-1 2.80334662E-3
09 16 2014 17 37 23 67 -4.50682853E+1 -2.49621785E+1 -1.00000000E+2 9.61876200E+5 0.00000000E+0 7.32964873E+1 4.27592076E-1 1.48433447E-1 2.87127201E-3 5.76198101E-2 2.27675946E-3 3.01283598E-1 3.80237902E-3
09 16 2014 17 37 27 72 -4.50682853E+1 -2.49621785E+1 -5.00000000E+1 9.61880700E+5 0.00000000E+0 7.33236074E+1 4.60189971E-1 1.78515911E-1 3.22050930E-3 7.39693642E-2 2.42477920E-3 2.57503986E-1 3.56179786E-3
09 16 2014 17 37 32 76 -4.50682853E+1 -2.49621785E+1 0.00000000E+0 9.61885300E+5 0.00000000E+0 7.33273625E+1 4.27317540E-1 2.07185745E-1 3.59255450E-3 4.89771366E-2 2.16943497E-3 2.54905224E-1 2.49069501E-3
09 16 2014 17 37 37 81 -4.50682853E+1 -2.49621785E+1 5.00000000E+1 9.61889800E+5 0.00000000E+0 7.33456612E+1 4.46276792E-1 1.89048052E-1 3.19293435E-3 3.36766243E-3 2.82600661E-3 3.06022167E-1 4.33573147E-3
09 16 2014 17 37 41 85 -4.50682853E+1 -2.49621785E+1 1.00000000E+2 9.61894300E+5 0.00000000E+0 7.33654946E+1 4.55251723E-1 1.71400607E-1 2.47741981E-3 -6.56396151E-3 2.50414003E-3 3.46176326E-1 3.18669383E-3
09 16 2014 17 37 51 95 -3.50531108E+1 -2.49621785E+1 -1.00000000E+2 9.61903900E+5 0.00000000E+0 7.33166933E+1 4.63501342E-1 1.61355734E-1 3.59930917E-3 6.48379326E-2 2.46133341E-3 2.97510624E-1 3.38836602E-3
09 16 2014 17 37 55 99 -3.50531108E+1 -2.49621785E+1 -5.00000000E+1 9.61908400E+5 0.00000000E+0 7.32954741E+1 4.50498912E-1 1.86800957E-1 2.78256572E-3 8.42511654E-2 2.01410975E-3 2.68137455E-1 3.91763611E-3
09 16 2014 17 38 00 104 -3.50531108E+1 -2.49621785E+1 0.00000000E+0 9.61913000E+5 0.00000000E+0 7.33302832E+1 4.23594758E-1 2.09891796E-1 2.86731634E-3 6.10113144E-2 2.66043289E-3 2.59786844E-1 3.64851260E-3
09 16 2014 17 38 04 108 -3.50531108E+1 -2.49621785E+1 5.00000000E+1 9.61917500E+5 0.00000000E+0 7.33115077E+1 4.26215662E-1 2.01541185E-1 3.30300774E-3 1.68144703E-2 2.60614720E-3 3.04090977E-1 3.28133976E-3
09 16 2014 17 38 09 113 -3.50531108E+1 -2.49621785E+1 1.00000000E+2 9.61922000E+5 0.00000000E+0 7.33677745E+1 4.42482334E-1 1.84786320E-1 2.46619063E-3 5.96046448E-3 1.96947084E-3 3.46612930E-1 3.20558797E-3
09 16 2014 17 38 18 123 -2.50379363E+1 -2.49621785E+1 -1.00000000E+2 9.61931600E+5 0.00000000E+0 7.33271241E+1 4.52625448E-1 1.67340040E-1 2.90457795E-3 7.62403011E-2 1.69934042E-3 2.99322605E-1 3.56137785E-3
09 16 2014 17 38 23 127 -2.50379363E+1 -2.49621785E+1 -5.00000000E+1 9.61936100E+5 0.00000000E+0 7.33442903E+1 4.52133809E-1 1.89709663E-1 2.92498425E-3 8.92758369E-2 1.98041569E-3 2.72113085E-1 3.30006268E-3
09 16 2014 17 38 27 132 -2.50379363E+1 -2.49621785E+1 0.00000000E+0 9.61940600E+5 0.00000000E+0 7.32909441E+1 4.43612501E-1 2.15578079E-1 2.38713283E-3 7.10070133E-2 2.15455918E-3 2.64698267E-1 2.71576807E-3
09 16 2014 17 38 32 136 -2.50379363E+1 -2.49621785E+1 5.00000000E+1 9.61945200E+5 0.00000000E+0 7.33344555E+1 3.95412096E-1 2.02602148E-1 2.66545344E-3 2.65359879E-2 2.67075861E-3 3.01402807E-1 3.79115036E-3
09 16 2014 17 38 36 141 -2.50379363E+1 -2.49621785E+1 1.00000000E+2 9.61949700E+5 0.00000000E+0 7.33859092E+1 4.10888435E-1 1.94780529E-1 2.85388425E-3 9.20891762E-3 1.92686861E-3 3.44492495E-1 4.45662485E-3
09 16 2014 17 38 46 150 0.00000000E+0 -2.49621785E+1 -1.00000000E+2 9.61959400E+5 0.00000000E+0 7.33337998E+1 4.63342170E-1 1.93738937E-1 2.23943864E-3 9.05752182E-2 2.29974593E-3 2.95382738E-1 3.38774238E-3
09 16 2014 17 38 51 155 0.00000000E+0 -2.49621785E+1 -5.00000000E+1 9.61963900E+5 0.00000000E+0 7.33358264E+1 4.06275089E-1 2.14236975E-1 2.54980459E-3 1.12211704E-1 2.22183522E-3 2.86471844E-1 2.81008861E-3
09 16 2014 17 38 55 159 0.00000000E+0 -2.49621785E+1 0.00000000E+0 9.61968400E+5 0.00000000E+0 7.33782649E+1 4.35095303E-1 2.33781338E-1 2.46315599E-3 1.02049112E-1 2.09585605E-3 2.71505117E-1 3.72391098E-3
09 16 2014 17 39 00 164 0.00000000E+0 -2.49621785E+1 5.00000000E+1 9.61972900E+5 0.00000000E+0 7.32905269E+1 4.48403017E-1 2.23875046E-1 2.11981647E-3 6.13570213E-2 2.09643588E-3 2.93850899E-1 2.97759592E-3
09 16 2014 17 39 04 168 0.00000000E+0 -2.49621785E+1 1.00000000E+2 9.61977500E+5 0.00000000E+0 7.32743740E+1 4.63868861E-1 2.14733183E-1 2.60219389E-3 4.26545739E-2 2.51122369E-3 3.36401165E-1 3.33969564E-3
09 16 2014 17 39 14 178 2.50379363E+1 -2.49621785E+1 -1.00000000E+2 9.61987200E+5 0.00000000E+0 7.32988119E+1 4.58698696E-1 2.04473734E-1 2.09956418E-3 1.17743015E-1 2.01419330E-3 2.93582678E-1 3.28475135E-3
09 16 2014 17 39 18 183 2.50379363E+1 -2.49621785E+1 -5.00000000E+1 9.61991700E+5 0.00000000E+0 7.33845234E+1 4.51711138E-1 2.31671333E-1 2.67159862E-3 1.41811371E-1 1.77592574E-3 3.02523375E-1 3.69212166E-3
09 16 2014 17 39 23 187 2.50379363E+1 -2.49621785E+1 0.00000000E+0 9.61996200E+5 0.00000000E+0 7.34189153E+1 4.31813609E-1 2.49430537E-1 2.69594912E-3 1.37597322E-1 1.84035876E-3 2.78182328E-1 2.88771022E-3
09 16 2014 17 39 27 192 2.50379363E+1 -2.49621785E+1 5.00000000E+1 9.62000700E+5 0.00000000E+0 7.34068751E+1 4.58570805E-1 2.35551596E-1 2.92934720E-3 9.42647457E-2 2.28875137E-3 2.83199549E-1 3.39259603E-3
09 16 2014 17 39 32 196 2.50379363E+1 -2.49621785E+1 1.00000000E+2 9.62005300E+5 0.00000000E+0 7.34309107E+1 4.46191038E-1 2.20023096E-1 2.85761642E-3 7.10636377E-2 2.42628246E-3 3.30902636E-1 3.23822953E-3
09 16 2014 17 39 42 206 3.50531108E+1 -2.49621785E+1 -1.00000000E+2 9.62014900E+5 0.00000000E+0 7.33171701E+1 4.48241095E-1 2.00146437E-1 2.78833212E-3 1.27702951E-1 2.78414445E-3 2.88081169E-1 3.33615668E-3
09 16 2014 17 39 46 210 3.50531108E+1 -2.49621785E+1 -5.00000000E+1 9.62019400E+5 0.00000000E+0 7.32848048E+1 4.39340280E-1 2.39722431E-1 2.12423183E-3 1.54294074E-1 2.21601861E-3 3.06934118E-1 3.11483936E-3
09 16 2014 17 39 51 215 3.50531108E+1 -2.49621785E+1 0.00000000E+0 9.62023900E+5 0.00000000E+0 7.33399391E+1 4.48808748E-1 2.63750553E-1 1.98705153E-3 1.54703856E-1 1.42730544E-3 2.83032656E-1 4.13276717E-3
09 16 2014 17 39 55 219 3.50531108E+1 -2.49621785E+1 5.00000000E+1 9.62028400E+5 0.00000000E+0 7.34433532E+1 4.74985122E-1 2.35773623E-1 2.22263528E-3 1.08927488E-1 3.09163725E-3 2.74971128E-1 3.14642526E-3
09 16 2014 17 40 00 224 3.50531108E+1 -2.49621785E+1 1.00000000E+2 9.62032900E+5 0.00000000E+0 7.33848214E+1 4.61392925E-1 2.17318535E-1 2.33505473E-3 8.08060169E-2 2.83957771E-3 3.29548120E-1 3.06290231E-3
09 16 2014 17 40 09 233 4.50682853E+1 -2.49621785E+1 -1.00000000E+2 9.62042600E+5 0.00000000E+0 7.33199716E+1 4.41878238E-1 1.96141005E-1 2.53598050E-3 1.37895346E-1 1.99395601E-3 2.89797783E-1 3.75720831E-3
09 16 2014 17 40 14 238 4.50682853E+1 -2.49621785E+1 -5.00000000E+1 9.62047100E+5 0.00000000E+0 7.33494163E+1 4.83446598E-1 2.36946344E-1 2.52830066E-3 1.63125992E-1 2.52745001E-3 3.20792198E-1 3.40441976E-3
09 16 2014 17 40 18 243 4.50682853E+1 -2.49621785E+1 0.00000000E+0 9.62051600E+5 0.00000000E+0 7.33506680E+1 4.64768875E-1 2.65575945E-1 1.85406217E-3 1.70312822E-1 2.15049450E-3 2.87413597E-1 3.33530464E-3
09 16 2014 17 40 23 247 4.50682853E+1 -2.49621785E+1 5.00000000E+1 9.62056100E+5 0.00000000E+0 7.33712316E+1 4.57544166E-1 2.35211849E-1 2.56256925E-3 1.24263763E-1 2.20605852E-3 2.71832943E-1 2.74497620E-3
09 16 2014 17 40 27 252 4.50682853E+1 -2.49621785E+1 1.00000000E+2 9.62060600E+5 0.00000000E+0 7.33686984E+1 3.93225143E-1 2.06872821E-1 2.60261482E-3 9.38549638E-2 2.21858224E-3 3.27453017E-1 3.81590779E-3
09 16 2014 17 40 37 261 5.49317147E+1 -2.49621785E+1 -1.00000000E+2 9.62070200E+5 0.00000000E+0 7.33049512E+1 4.65766049E-1 1.81359053E-1 2.81284869E-3 1.46853924E-1 2.79514378E-3 2.89762020E-1 3.92755120E-3
09 16 2014 17 40 41 266 5.49317147E+1 -2.49621785E+1 -5.00000000E+1 9.62074700E+5 0.00000000E+0 7.33785331E+1 4.36974249E-1 2.38128006E-1 2.44731329E-3 1.75774097E-1 1.44893648E-3 3.35186720E-1 3.19620240E-3
09 16 2014 17 40 46 270 5.49317147E+1 -2.49621785E+1 0.00000000E+0 9.62079300E+5 0.00000000E+0 7.33852386E+1 4.59464668E-1 2.70903111E-1 2.61446383E-3 1.92123652E-1 2.45292448E-3 2.89219618E-1 3.22811208E-3
09 16 2014 17 40 51 275 5.49317147E+1 -2.49621785E+1 5.00000000E+1 9.62083800E+5 0.00000000E+0 7.34095275E+1 4.21812460E-1 2.28732824E-1 2.53236748E-3 1.42522156E-1 1.71206496E-3 2.62223184E-1 3.65040535E-3
09 16 2014 17 40 55 279 5.49317147E+1 -2.49621785E+1 1.00000000E+2 9.62088300E+5 0.00000000E+0 7.33482242E+1 4.45153137E-1 2.01612711E-1 2.86595308E-3 1.06567144E-1 2.01655917E-3 3.24916840E-1 3.02628028E-3
09 16 2014 17 41 05 289 6.49468892E+1 -2.49621785E+1 -1.00000000E+2 9.62097900E+5 0.00000000E+0 7.33710825E+1 4.12400943E-1 1.68293715E-1 2.43548984E-3 1.60768628E-1 1.34227401E-3 2.85156071E-1 3.08242084E-3
09 16 2014 17 41 09 293 6.49468892E+1 -2.49621785E+1 -5.00000000E+1 9.62102400E+5 0.00000000E+0 7.33547211E+1 4.71566808E-1 2.33691931E-1 2.36284436E-3 1.90055370E-1 1.64141051E-3 3.53670120E-1 3.99841983E-3
09 16 2014 17 41 14 298 6.49468892E+1 -2.49621785E+1 0.00000000E+0 9.62107000E+5 0.00000000E+0 7.33921677E+1 4.58954468E-1 2.79709697E-1 2.10649932E-3 2.16625631E-1 1.78268382E-3 2.97725201E-1 3.04952182E-3
09 16 2014 17 41 18 302 6.49468892E+1 -2.49621785E+1 5.00000000E+1 9.62111500E+5 0.00000000E+0 7.33032823E+1 4.45039777E-1 2.27063894E-1 2.14955452E-3 1.62905455E-1 2.19213944E-3 2.53784657E-1 2.70705815E-3
09 16 2014 17 41 23 307 6.49468892E+1 -2.49621785E+1 1.00000000E+2 9.62116000E+5 0.00000000E+0 7.32326508E+1 4.41434001E-1 1.84640288E-1 2.98289339E-3 1.21392310E-1 2.69026562E-3 3.21544707E-1 2.75292383E-3
09 16 2014 17 41 34 318 -6.49468892E+1 -1.25567322E+1 -1.00000000E+2 9.62126800E+5 0.00000000E+0 7.33486414E+1 4.39297933E-1 1.02722645E-1 2.38202022E-3 6.26683235E-2 2.33059817E-3 3.06791067E-1 3.44145145E-3
09 16 2014 17 41 38 322 -6.49468892E+1 -1.25567322E+1 -5.00000000E+1 9.62131300E+5 0.00000000E+0 7.33129382E+1 4.16089456E-1 1.39486790E-1 2.09779116E-3 7.94887543E-2 1.90090673E-3 2.54613161E-1 3.44727105E-3
09 16 2014 17 41 43 327 -6.49468892E+1 -1.25567322E+1 0.00000000E+0 9.62135800E+5 0.00000000E+0 7.33107328E+1 4.33451599E-1 1.76900625E-1 2.45907610E-3 5.18381596E-2 2.61039120E-3 2.59059668E-1 3.79726129E-3
09 16 2014 17 41 47 331 -6.49468892E+1 -1.25567322E+1 5.00000000E+1 9.62140400E+5 0.00000000E+0 7.32864141E+1 4.28202531E-1 1.62547827E-1 2.23538540E-3 6.04987144E-3 2.28187847E-3 3.28332186E-1 3.00879966E-3
09 16 2014 17 41 52 336 -6.49468892E+1 -1.25567322E+1 1.00000000E+2 9.62144900E+5 0.00000000E+0 7.34339654E+1 4.38125062E-1 1.31174922E-1 2.58068151E-3 -6.87688589E-3 1.99414434E-3 3.56517732E-1 3.03261146E-3
09 16 2014 17 42 01 345 -5.49317147E+1 -1.25567322E+1 -1.00000000E+2 9.62154500E+5 0.00000000E+0 7.33098984E+1 4.45517273E-1 1.27071142E-1 3.05703605E-3 6.62684441E-2 1.79790041E-3 3.01307440E-1 3.52816148E-3
09 16 2014 17 42 06 350 -5.49317147E+1 -1.25567322E+1 -5.00000000E+1 9.62159000E+5 0.00000000E+0 7.33211637E+1 4.29187579E-1 1.54566765E-1 2.76135761E-3 8.24034214E-2 2.13313813E-3 2.62618065E-1 2.91796946E-3
09 16 2014 17 42 10 354 -5.49317147E+1 -1.25567322E+1 0.00000000E+0 9.62163500E+5 0.00000000E+0 7.33496547E+1 4.45275236E-1 1.83486938E-1 1.89775640E-3 5.74827194E-2 1.66426271E-3 2.64555216E-1 3.64810258E-3
09 16 2014 17 42 15 359 -5.49317147E+1 -1.25567322E+1 5.00000000E+1 9.62168000E+5 0.00000000E+0 7.33547211E+1 4.33725512E-1 1.70958042E-1 2.56577782E-3 1.39415264E-2 2.10333689E-3 3.15314531E-1 3.48249985E-3
09 16 2014 17 42 19 363 -5.49317147E+1 -1.25567322E+1 1.00000000E+2 9.62172600E+5 0.00000000E+0 7.33347535E+1 4.48292215E-1 1.46567822E-1 2.30231379E-3 4.01139259E-3 1.94704131E-3 3.42488289E-1 2.89144777E-3
09 16 2014 17 42 29 373 -4.50682853E+1 -1.25567322E+1 -1.00000000E+2 9.62182200E+5 0.00000000E+0 7.32871294E+1 4.33608527E-1 1.38634443E-1 3.02679306E-3 7.19189644E-2 2.09250776E-3 2.97433138E-1 2.74861815E-3
09 16 2014 17 42 33 378 -4.50682853E+1 -1.25567322E+1 -5.00000000E+1 9.62186700E+5 0.00000000E+0 7.33359456E+1 4.26920349E-1 1.63334608E-1 2.63888806E-3 8.81850719E-2 1.80453389E-3 2.67982483E-1 3.07107797E-3
09 16 2014 17 42 38 382 -4.50682853E+1 -1.25567322E+1 0.00000000E+0 9.62191200E+5 0.00000000E+0 7.34997988E+1 4.35678114E-1 1.89256668E-1 2.89981667E-3 6.66439533E-2 2.34830198E-3 2.65765190E-1 2.71794979E-3
09 16 2014 17 42 42 387 -4.50682853E+1 -1.25567322E+1 5.00000000E+1 9.62195700E+5 0.00000000E+0 7.33147264E+1 4.34027854E-1 1.76560879E-1 2.54411493E-3 2.88546085E-2 2.50009897E-3 3.10635567E-1 3.38405890E-3
09 16 2014 17 42 47 391 -4.50682853E+1 -1.25567322E+1 1.00000000E+2 9.62200200E+5 0.00000000E+0 7.32420385E+1 4.65053529E-1 1.61208212E-1 2.58539226E-3 1.73449516E-2 2.57668611E-3 3.40253115E-1 3.04563599E-3
09 16 2014 17 42 57 401 -3.50531108E+1 -1.25567322E+1 -1.00000000E+2 9.62209900E+5 0.00000000E+0 7.33178258E+1 4.57759501E-1 1.53368711E-1 3.03395069E-3 8.16524029E-2 1.72164100E-3 2.92134285E-1 3.07993018E-3
09 16 2014 17 43 01 405 -3.50531108E+1 -1.25567322E+1 -5.00000000E+1 9.62214400E+5 0.00000000E+0 7.33135343E+1 4.50107451E-1 1.74105167E-1 3.30690591E-3 9.08613205E-2 2.03873751E-3 2.70217657E-1 3.82015875E-3
09 16 2014 17 43 06 410 -3.50531108E+1 -1.25567322E+1 0.00000000E+0 9.62218900E+5 0.00000000E+0 7.32954741E+1 4.41440004E-1 1.92564726E-1 2.82505366E-3 7.36355782E-2 2.80721259E-3 2.72458792E-1 3.39219917E-3
09 16 2014 17 43 10 414 -3.50531108E+1 -1.25567322E+1 5.00000000E+1 9.62223400E+5 0.00000000E+0 7.32018054E+1 5.04971615E-1 1.85690820E-1 2.68709435E-3 3.76030803E-2 2.60955597E-3 3.08088958E-1 3.39246788E-3
09 16 2014 17 43 15 419 -3.50531108E+1 -1.25567322E+1 1.00000000E+2 9.62227900E+5 0.00000000E+0 7.32897520E+1 4.32044793E-1 1.69056654E-1 2.28855529E-3 2.40743160E-2 2.16570834E-3 3.39585543E-1 2.67044354E-3
09 16 2014 17 43 24 428 -2.50379363E+1 -1.25567322E+1 -1.00000000E+2 9.62237500E+5 0.00000000E+0 7.33255744E+1 4.51894244E-1 1.60968304E-1 2.05754427E-3 8.45968723E-2 2.35428221E-3 2.91937590E-1 3.92152409E-3
09 16 2014 17 43 29 433 -2.50379363E+1 -1.25567322E+1 -5.00000000E+1 9.62242100E+5 0.00000000E+0 7.32414722E+1 5.12267364E-1 1.78277493E-1 2.65477607E-3 9.74595547E-2 2.48479476E-3 2.73674726E-1 2.91280642E-3
09 16 2014 17 43 33 438 -2.50379363E+1 -1.25567322E+1 0.00000000E+0 9.62246600E+5 0.00000000E+0 7.32450932E+1 4.33803018E-1 1.99750066E-1 3.08100862E-3 8.27163458E-2 1.66942669E-3 2.73279846E-1 3.27307661E-3
09 16 2014 17 43 38 442 -2.50379363E+1 -1.25567322E+1 5.00000000E+1 9.62251100E+5 0.00000000E+0 7.32938647E+1 3.77983250E-1 1.90401077E-1 1.72082624E-3 5.13970852E-2 2.35745700E-3 3.05372477E-1 2.86866592E-3
09 16 2014 17 43 42 447 -2.50379363E+1 -1.25567322E+1 1.00000000E+2 9.62255600E+5 0.00000000E+0 7.34020770E+1 4.55694122E-1 1.77495182E-1 2.74732587E-3 3.62098217E-2 2.34794894E-3 3.34642828E-1 3.57686641E-3
09 16 2014 17 43 52 456 0.00000000E+0 -1.25567322E+1 -1.00000000E+2 9.62265300E+5 0.00000000E+0 7.33337998E+1 4.97960337E-1 1.79159641E-1 2.31410864E-3 1.08498335E-1 1.83388886E-3 2.89094448E-1 3.39956100E-3
09 16 2014 17 43 57 461 0.00000000E+0 -1.25567322E+1 -5.00000000E+1 9.62269800E+5 0.00000000E+0 7.33057857E+1 3.98950079E-1 1.99347734E-1 2.63849123E-3 1.22064352E-1 2.60327571E-3 2.78002024E-1 3.54212527E-3
09 16 2014 17 44 01 465 0.00000000E+0 -1.25567322E+1 0.00000000E+0 9.62274400E+5 0.00000000E+0 7.31901079E+1 4.29626866E-1 2.11559236E-1 2.21730080E-3 1.14098191E-1 2.18205107E-3 2.78763473E-1 3.75915080E-3
09 16 2014 17 44 06 470 0.00000000E+0 -1.25567322E+1 5.00000000E+1 9.62278900E+5 0.00000000E+0 7.33140111E+1 4.38014659E-1 2.03800201E-1 3.04795172E-3 8.09907913E-2 1.86467750E-3 2.92688608E-1 3.10832726E-3
09 16 2014 17 44 10 474 0.00000000E+0 -1.25567322E+1 1.00000000E+2 9.62283400E+5 0.00000000E+0 7.33125955E+1 4.53967062E-1 1.96799636E-1 2.92969613E-3 6.38589263E-2 1.75023638E-3 3.28056514E-1 3.03503160E-3
09 16 2014 17 44 20 484 2.50379363E+1 -1.25567322E+1 -1.00000000E+2 9.62293100E+5 0.00000000E+0 7.33904541E+1 4.10276945E-1 1.86987221E-1 2.78006312E-3 1.32463872E-1 1.87641064E-3 2.87316740E-1 2.28899168E-3
09 16 2014 17 44 24 489 2.50379363E+1 -1.25567322E+1 -5.00000000E+1 9.62297600E+5 0.00000000E+0 7.32721686E+1 4.30720393E-1 2.12019682E-1 2.51857884E-3 1.46490335E-1 2.49284869E-3 3.00115347E-1 3.93922175E-3
09 16 2014 17 44 29 493 2.50379363E+1 -1.25567322E+1 0.00000000E+0 9.62302100E+5 0.00000000E+0 7.32485950E+1 4.53334789E-1 2.31221318E-1 3.43352417E-3 1.42179430E-1 2.65196018E-3 2.84947455E-1 4.31393120E-3
09 16 2014 17 44 33 498 2.50379363E+1 -1.25567322E+1 5.00000000E+1 9.62306700E+5 0.00000000E+0 7.32505322E+1 4.52985724E-1 2.16037035E-1 1.98380237E-3 1.09386444E-1 2.86687286E-3 2.88969278E-1 2.83699523E-3
09 16 2014 17 44 38 502 2.50379363E+1 -1.25567322E+1 1.00000000E+2 9.62311200E+5 0.00000000E+0 7.33243823E+1 4.48355643E-1 1.99329853E-1 2.70678184E-3 9.12547112E-2 2.28404894E-3 3.26794386E-1 3.35847322E-3
09 16 2014 17 44 48 512 3.50531108E+1 -1.25567322E+1 -1.00000000E+2 9.62320800E+5 0.00000000E+0 7.33230114E+1 4.45620508E-1 1.80423260E-1 2.84411113E-3 1.44040585E-1 2.45134602E-3 2.85035372E-1 3.40012748E-3
09 16 2014 17 44 52 516 3.50531108E+1 -1.25567322E+1 -5.00000000E+1 9.62325300E+5 0.00000000E+0 7.32786953E+1 4.34739543E-1 2.16364861E-1 2.03890870E-3 1.60299242E-1 1.58789802E-3 3.09102237E-1 2.61698784E-3
09 16 2014 17 44 57 521 3.50531108E+1 -1.25567322E+1 0.00000000E+0 9.62329800E+5 0.00000000E+0 7.32684135E+1 4.55277807E-1 2.40999460E-1 3.21534356E-3 1.58876181E-1 2.98057730E-3 2.92944908E-1 3.21978926E-3
09 16 2014 17 45 01 525 3.50531108E+1 -1.25567322E+1 5.00000000E+1 9.62334400E+5 0.00000000E+0 7.32441247E+1 4.16198738E-1 2.17825174E-1 2.15963018E-3 1.19335949E-1 2.86382589E-3 2.83665955E-1 3.42664506E-3
09 16 2014 17 45 06 530 3.50531108E+1 -1.25567322E+1 1.00000000E+2 9.62338900E+5 0.00000000E+0 7.32408762E+1 4.16557566E-1 1.99484825E-1 2.39900950E-3 9.99808311E-2 2.50297677E-3 3.23694944E-1 3.43836394E-3
09 16 2014 17 45 15 539 4.50682853E+1 -1.25567322E+1 -1.00000000E+2 9.62348500E+5 0.00000000E+0 7.33668357E+1 4.37624207E-1 1.76332891E-1 3.23910710E-3 1.51641667E-1 1.90310640E-3 2.86847353E-1 3.91096109E-3
09 16 2014 17 45 20 544 4.50682853E+1 -1.25567322E+1 -5.00000000E+1 9.62353000E+5 0.00000000E+0 7.32946992E+1 4.49619846E-1 2.14010477E-1 2.46769897E-3 1.70886517E-1 3.12216245E-3 3.17800045E-1 3.46320831E-3
09 16 2014 17 45 24 548 4.50682853E+1 -1.25567322E+1 0.00000000E+0 9.62357500E+5 0.00000000E+0 7.32222944E+1 4.39656341E-1 2.41689384E-1 2.35538924E-3 1.75289810E-1 2.02490643E-3 2.93873250E-1 3.54574166E-3
09 16 2014 17 45 29 553 4.50682853E+1 -1.25567322E+1 5.00000000E+1 9.62362000E+5 0.00000000E+0 7.32178092E+1 4.56996154E-1 2.14773417E-1 2.70605640E-3 1.38735771E-1 2.27883634E-3 2.79611349E-1 3.77715671E-3
09 16 2014 17 45 33 557 4.50682853E+1 -1.25567322E+1 1.00000000E+2 9.62366500E+5 0.00000000E+0 7.32495785E+1 4.51816302E-1 1.89232826E-1 2.34955177E-3 1.15311146E-1 1.67835949E-3 3.22365761E-1 3.17704204E-3
09 16 2014 17 45 43 567 5.49317147E+1 -1.25567322E+1 -1.00000000E+2 9.62376200E+5 0.00000000E+0 7.32659101E+1 5.03639724E-1 1.68579817E-1 2.31552225E-3 1.61135197E-1 1.85691995E-3 2.82686949E-1 3.09008250E-3
09 16 2014 17 45 47 572 5.49317147E+1 -1.25567322E+1 -5.00000000E+1 9.62380700E+5 0.00000000E+0 7.33251125E+1 4.60943745E-1 2.10739672E-1 3.09155106E-3 1.82397664E-1 1.72006998E-3 3.24197114E-1 4.54185177E-3
09 16 2014 17 45 52 576 5.49317147E+1 -1.25567322E+1 0.00000000E+0 9.62385200E+5 0.00000000E+0 7.32253790E+1 4.31019073E-1 2.49081850E-1 2.26826805E-3 1.93375349E-1 1.87502748E-3 2.92497873E-1 4.29750381E-3
09 16 2014 17 45 56 581 5.49317147E+1 -1.25567322E+1 5.00000000E+1 9.62389700E+5 0.00000000E+0 7.32727349E+1 4.44581692E-1 2.18711793E-1 2.42895327E-3 1.52468681E-1 3.41751778E-3 2.68906355E-1 3.50388800E-3
09 16 2014 17 46 01 585 5.49317147E+1 -1.25567322E+1 1.00000000E+2 9.62394200E+5 0.00000000E+0 7.32264519E+1 4.28588325E-1 1.85549259E-1 2.38966939E-3 1.22773647E-1 2.56956461E-3 3.16917896E-1 3.09473232E-3
09 16 2014 17 46 11 595 6.49468892E+1 -1.25567322E+1 -1.00000000E+2 9.62403800E+5 0.00000000E+0 7.31589645E+1 4.29726196E-1 1.54420733E-1 2.94356841E-3 1.63279474E-1 1.78454289E-3 2.72683799E-1 2.53254284E-3
09 16 2014 17 46 15 599 6.49468892E+1 -1.25567322E+1 -5.00000000E+1 9.62408400E+5 0.00000000E+0 7.32368231E+1 4.53036163E-1 2.11489201E-1 2.67313795E-3 1.87188387E-1 2.30665476E-3 3.41796875E-1 3.12553840E-3
09 16 2014 17 46 20 604 6.49468892E+1 -1.25567322E+1 0.00000000E+0 9.62412900E+5 0.00000000E+0 7.32668489E+1 4.38997111E-1 2.60218978E-1 2.35896881E-3 2.10620463E-1 2.05659059E-3 3.06509435E-1 3.09400165E-3
09 16 2014 17 46 24 608 6.49468892E+1 -1.25567322E+1 5.00000000E+1 9.62417400E+5 0.00000000E+0 7.32715726E+1 4.22913778E-1 2.13104486E-1 2.56792678E-3 1.64520741E-1 2.02485949E-3 2.59578228E-1 3.18782951E-3
09 16 2014 17 46 29 613 6.49468892E+1 -1.25567322E+1 1.00000000E+2 9.62421900E+5 0.00000000E+0 7.32599497E+1 4.13364736E-1 1.64550543E-1 2.08720203E-3 1.33287907E-1 2.16550975E-3 3.16786766E-1 3.67924061E-3
09 16 2014 17 46 39 624 -6.49468892E+1 0.00000000E+0 -1.00000000E+2 9.62432700E+5 0.00000000E+0 7.32606053E+1 4.36127591E-1 1.03849173E-1 2.68022843E-3 7.73072243E-2 1.71468687E-3 2.97778845E-1 3.61216985E-3
09 16 2014 17 46 44 628 -6.49468892E+1 0.00000000E+0 -5.00000000E+1 9.62437200E+5 0.00000000E+0 7.32272863E+1 4.26198328E-1 1.37460232E-1 2.41810735E-3 8.64207745E-2 1.89612997E-3 2.53158808E-1 3.11106917E-3
09 16 2014 17 46 49 633 -6.49468892E+1 0.00000000E+0 0.00000000E+0 9.62441800E+5 0.00000000E+0 7.32915848E+1 4.45043466E-1 1.71929598E-1 2.67358559E-3 6.58333302E-2 2.32442831E-3 2.67840922E-1 2.73929658E-3
09 16 2014 17 46 53 637 -6.49468892E+1 0.00000000E+0 5.00000000E+1 9.62446300E+5 0.00000000E+0 7.33056664E+1 4.56946954E-1 1.50823593E-1 2.66633018E-3 3.10420990E-2 3.21141577E-3 3.28010321E-1 3.17041394E-3
09 16 2014 17 46 58 642 -6.49468892E+1 0.00000000E+0 1.00000000E+2 9.62450800E+5 0.00000000E+0 7.32816756E+1 4.53261430E-1 1.28544867E-1 1.73446785E-3 1.46329403E-2 1.59312857E-3 3.49089503E-1 3.00630450E-3
09 16 2014 17 47 07 651 -5.49317147E+1 0.00000000E+0 -1.00000000E+2 9.62460400E+5 0.00000000E+0 7.32690692E+1 4.22397615E-1 1.19507313E-1 2.74126803E-3 7.91609287E-2 1.69581568E-3 2.96795368E-1 3.33698609E-3
09 16 2014 17 47 12 656 -5.49317147E+1 0.00000000E+0 -5.00000000E+1 9.62464900E+5 0.00000000E+0 7.33284652E+1 4.48364479E-1 1.49600208E-1 1.94105952E-3 9.00104642E-2 2.00728468E-3 2.64339149E-1 3.01325896E-3
09 16 2014 17 47 16 660 -5.49317147E+1 0.00000000E+0 0.00000000E+0 9.62469400E+5 0.00000000E+0 7.33395219E+1 4.35153059E-1 1.77550316E-1 2.18013929E-3 7.27653503E-2 2.37393686E-3 2.71576643E-1 3.69969029E-3
09 16 2014 17 47 21 665 -5.49317147E+1 0.00000000E+0 5.00000000E+1 9.62474000E+5 0.00000000E+0 7.32596219E+1 4.40934063E-1 1.57795846E-1 3.19597082E-3 3.57553363E-2 2.33579999E-3 3.22587788E-1 3.43037547E-3
09 16 2014 17 47 25 669 -5.49317147E+1 0.00000000E+0 1.00000000E+2 9.62478500E+5 0.00000000E+0 7.32203722E+1 4.81093244E-1 1.41364336E-1 2.31745951E-3 2.02000141E-2 2.19997285E-3 3.46332788E-1 3.46363482E-3
09 16 2014 17 47 35 679 -4.50682853E+1 0.00000000E+0 -1.00000000E+2 9.62488100E+5 0.00000000E+0 7.33648241E+1 4.32548926E-1 1.34170055E-1 2.30745175E-3 8.34614038E-2 1.77076963E-3 2.92673707E-1 3.79749108E-3
09 16 2014 17 47 39 684 -4.50682853E+1 0.00000000E+0 -5.00000000E+1 9.62492600E+5 0.00000000E+0 7.33001232E+1 4.32677675E-1 1.55097246E-1 2.03060441E-3 9.18626785E-2 2.36573104E-3 2.74932384E-1 3.37221368E-3
09 16 2014 17 47 44 688 -4.50682853E+1 0.00000000E+0 0.00000000E+0 9.62497100E+5 0.00000000E+0 7.32303411E+1 4.57648063E-1 1.79596245E-1 2.60991899E-3 7.45952129E-2 1.76789158E-3 2.79106200E-1 3.46178488E-3
09 16 2014 17 47 48 693 -4.50682853E+1 0.00000000E+0 5.00000000E+1 9.62501700E+5 0.00000000E+0 7.32617974E+1 4.62358901E-1 1.69509649E-1 2.53161176E-3 4.65571880E-2 2.29123362E-3 3.20011377E-1 3.40430442E-3
09 16 2014 17 47 53 697 -4.50682853E+1 0.00000000E+0 1.00000000E+2 9.62506200E+5 0.00000000E+0 7.32317567E+1 4.74736733E-1 1.49041414E-1 2.31257829E-3 2.98768282E-2 2.52126003E-3 3.39351594E-1 3.19152123E-3
09 16 2014 17 48 03 707 -3.50531108E+1 0.00000000E+0 -1.00000000E+2 9.62515800E+5 0.00000000E+0 7.32550621E+1 4.32654027E-1 1.45959854E-1 2.89051640E-3 9.37640667E-2 2.18633149E-3 2.88569927E-1 3.50532500E-3
09 16 2014 17 48 07 711 -3.50531108E+1 0.00000000E+0 -5.00000000E+1 9.62520300E+5 0.00000000E+0 7.32146949E+1 4.46857199E-1 1.62988901E-1 1.90262408E-3 1.01655722E-1 1.68896188E-3 2.74382532E-1 3.48360977E-3
09 16 2014 17 48 12 716 -3.50531108E+1 0.00000000E+0 0.00000000E+0 9.62524800E+5 0.00000000E+0 7.32563734E+1 4.41662547E-1 1.89238787E-1 2.75432663E-3 8.86380672E-2 2.34192327E-3 2.81453133E-1 3.54982935E-3
09 16 2014 17 48 16 720 -3.50531108E+1 0.00000000E+0 5.00000000E+1 9.62529300E+5 0.00000000E+0 7.32720643E+1 4.32197378E-1 1.74291432E-1 2.53123319E-3 5.38080931E-2 1.94028149E-3 3.15733254E-1 3.39498032E-3
09 16 2014 17 48 21 725 -3.50531108E+1 0.00000000E+0 1.00000000E+2 9.62533800E+5 0.00000000E+0 7.32686520E+1 4.45152822E-1 1.66362524E-1 2.78457424E-3 4.23908234E-2 2.15251875E-3 3.41504812E-1 3.24604187E-3
09 16 2014 17 48 30 734 -2.50379363E+1 0.00000000E+0 -1.00000000E+2 9.62543500E+5 0.00000000E+0 7.31889904E+1 4.37715317E-1 1.57624483E-1 2.52262180E-3 1.03347003E-1 2.07047868E-3 2.89171934E-1 3.41627008E-3
09 16 2014 17 48 35 739 -2.50379363E+1 0.00000000E+0 -5.00000000E+1 9.62548000E+5 0.00000000E+0 7.32145905E+1 4.43544949E-1 1.70451403E-1 2.51287057E-3 1.07896328E-1 1.78160225E-3 2.74336338E-1 2.44707070E-3
09 16 2014 17 48 39 743 -2.50379363E+1 0.00000000E+0 0.00000000E+0 9.62552500E+5 0.00000000E+0 7.32059032E+1 4.54070457E-1 1.90511346E-1 3.12042318E-3 9.61273909E-2 1.55665911E-3 2.78368592E-1 3.44866658E-3
09 16 2014 17 48 44 748 -2.50379363E+1 0.00000000E+0 5.00000000E+1 9.62557000E+5 0.00000000E+0 7.32318759E+1 4.93663786E-1 1.79910660E-1 2.38782204E-3 6.42001629E-2 1.64749381E-3 3.11011076E-1 3.17041394E-3
09 16 2014 17 48 48 752 -2.50379363E+1 0.00000000E+0 1.00000000E+2 9.62561500E+5 0.00000000E+0 7.32626915E+1 4.55930459E-1 1.71446800E-1 2.35851167E-3 5.00857830E-2 1.55202361E-3 3.38870287E-1 3.28734611E-3
09 16 2014 17 48 58 762 0.00000000E+0 0.00000000E+0 -1.00000000E+2 9.62571200E+5 0.00000000E+0 7.33710080E+1 4.67715733E-1 1.73792243E-1 2.22717284E-3 1.20863318E-1 2.23142256E-3 2.88248062E-1 2.89983386E-3
09 16 2014 17 49 03 767 0.00000000E+0 0.00000000E+0 -5.00000000E+1 9.62575800E+5 0.00000000E+0 7.33003020E+1 4.61358331E-1 1.90961361E-1 2.73454781E-3 1.26844645E-1 2.40059121E-3 2.90960073E-1 2.50858084E-3
09 16 2014 17 49 07 771 1.06221548E+0 0.00000000E+0 0.00000000E+0 9.62580300E+5 0.00000000E+0 7.33133405E+1 4.04938760E-1 2.01769173E-1 2.93004980E-3 1.19179487E-1 2.11216974E-3 2.89522111E-1 3.31213631E-3
09 16 2014 17 49 12 776 0.00000000E+0 0.00000000E+0 5.00000000E+1 9.62584800E+5 0.00000000E+0 7.32672811E+1 4.54900373E-1 1.95521116E-1 3.04497490E-3 9.03129578E-2 1.77887138E-3 3.04037333E-1 3.51307785E-3
09 16 2014 17 49 16 780 0.00000000E+0 0.00000000E+0 1.00000000E+2 9.62589300E+5 0.00000000E+0 7.32634068E+1 4.50346725E-1 1.84929371E-1 1.99141306E-3 7.35402107E-2 2.76852608E-3 3.31640244E-1 3.54308062E-3
09 16 2014 17 49 26 790 2.50379363E+1 0.00000000E+0 -1.00000000E+2 9.62599000E+5 0.00000000E+0 7.32623041E+1 4.27744211E-1 1.74082816E-1 2.14917246E-3 1.35011971E-1 1.83234605E-3 2.83762813E-1 3.27131230E-3
09 16 2014 17 49 30 794 2.50379363E+1 0.00000000E+0 -5.00000000E+1 9.62603600E+5 0.00000000E+0 7.33062029E+1 4.36127355E-1 1.90645456E-1 2.90097066E-3 1.48385763E-1 2.39228923E-3 2.99036503E-1 3.56926565E-3
09 16 2014 17 49 35 799 2.50379363E+1 0.00000000E+0 0.00000000E+0 9.62608100E+5 0.00000000E+0 7.33456761E+1 4.63531588E-1 2.17430294E-1 2.21975625E-3 1.46932900E-1 2.14795987E-3 2.96607614E-1 3.04886158E-3
09 16 2014 17 49 39 804 2.50379363E+1 0.00000000E+0 5.00000000E+1 9.62612600E+5 0.00000000E+0 7.33038187E+1 4.41400016E-1 2.01648474E-1 3.19485461E-3 1.17772818E-1 1.78854712E-3 2.98410654E-1 4.07003464E-3
09 16 2014 17 49 44 808 2.50379363E+1 0.00000000E+0 1.00000000E+2 9.62617100E+5 0.00000000E+0 7.32446909E+1 4.49344857E-1 1.84434652E-1 1.88020597E-3 9.85622406E-2 1.99872350E-3 3.29858065E-1 3.34266871E-3
09 16 2014 17 49 53 818 3.50531108E+1 0.00000000E+0 -1.00000000E+2 9.62626700E+5 0.00000000E+0 7.32733011E+1 4.47573488E-1 1.67047977E-1 2.41414496E-3 1.45083666E-1 2.25437641E-3 2.81494856E-1 3.59594122E-3
09 16 2014 17 49 58 822 3.50531108E+1 0.00000000E+0 -5.00000000E+1 9.62631200E+5 0.00000000E+0 7.33152777E+1 4.67795382E-1 1.89319253E-1 1.79521169E-3 1.60433352E-1 1.78055679E-3 3.08468938E-1 2.86131268E-3
09 16 2014 17 50 03 827 3.50531108E+1 0.00000000E+0 0.00000000E+0 9.62635800E+5 0.00000000E+0 7.32889771E+1 4.61960364E-1 2.12764740E-1 2.48332692E-3 1.63543224E-1 2.29169875E-3 3.02308798E-1 3.66234428E-3
09 16 2014 17 50 07 831 3.50531108E+1 0.00000000E+0 5.00000000E+1 9.62640300E+5 0.00000000E+0 7.32757449E+1 3.95422665E-1 1.97929144E-1 2.54098938E-3 1.29616261E-1 2.20018533E-3 2.93785334E-1 3.19204408E-3
09 16 2014 17 50 12 836 3.50531108E+1 0.00000000E+0 1.00000000E+2 9.62644800E+5 0.00000000E+0 7.33137727E+1 4.41294841E-1 1.73753500E-1 2.25138848E-3 1.08885765E-1 2.28434364E-3 3.25560570E-1 3.93476203E-3
09 16 2014 17 50 21 845 4.50682853E+1 0.00000000E+0 -1.00000000E+2 9.62654400E+5 0.00000000E+0 7.31716305E+1 4.29566551E-1 1.61193311E-1 3.27199099E-3 1.56506896E-1 1.26224944E-3 2.82607973E-1 2.40228410E-3
09 16 2014 17 50 26 850 4.50682853E+1 0.00000000E+0 -5.00000000E+1 9.62658900E+5 0.00000000E+0 7.32418299E+1 4.44523399E-1 1.89036131E-1 2.49902175E-3 1.74695253E-1 2.25835417E-3 3.17060947E-1 3.78519258E-3
09 16 2014 17 50 30 854 4.50682853E+1 0.00000000E+0 0.00000000E+0 9.62663400E+5 0.00000000E+0 7.33214617E+1 4.60384541E-1 2.19923258E-1 2.96482697E-3 1.74719095E-1 2.00234070E-3 3.08591127E-1 2.90158937E-3
09 16 2014 17 50 35 859 4.50682853E+1 0.00000000E+0 5.00000000E+1 9.62668000E+5 0.00000000E+0 7.32899308E+1 4.53617086E-1 1.98704004E-1 2.30126587E-3 1.40887499E-1 1.86823395E-3 2.91103125E-1 2.96058579E-3
09 16 2014 17 50 39 863 4.50682853E+1 0.00000000E+0 1.00000000E+2 9.62672500E+5 0.00000000E+0 7.33136535E+1 4.25330515E-1 1.70683861E-1 2.26500952E-3 1.17200613E-1 1.94857727E-3 3.26532125E-1 3.64674919E-3
09 16 2014 17 50 49 873 5.49317147E+1 0.00000000E+0 -1.00000000E+2 9.62682100E+5 0.00000000E+0 7.32415318E+1 4.78335660E-1 1.46681070E-1 2.79984264E-3 1.65879726E-1 2.08835737E-3 2.76404619E-1 3.18660337E-3
09 16 2014 17 50 53 878 5.49317147E+1 0.00000000E+0 -5.00000000E+1 9.62686600E+5 0.00000000E+0 7.32781887E+1 3.84276621E-1 1.94191933E-1 3.11436708E-3 1.81937218E-1 1.89657368E-3 3.22043896E-1 4.08024390E-3
09 16 2014 17 50 58 882 5.49317147E+1 0.00000000E+0 0.00000000E+0 9.62691100E+5 0.00000000E+0 7.32378960E+1 4.41769307E-1 2.28488445E-1 2.38421716E-3 1.88601017E-1 1.67782464E-3 3.07881832E-1 3.51108133E-3
09 16 2014 17 51 02 887 5.49317147E+1 0.00000000E+0 5.00000000E+1 9.62695600E+5 0.00000000E+0 7.32672215E+1 4.57368588E-1 1.97577477E-1 2.25069904E-3 1.51687860E-1 1.95631546E-3 2.78526545E-1 3.73874418E-3
09 16 2014 17 51 07 891 5.49317147E+1 0.00000000E+0 1.00000000E+2 9.62700200E+5 0.00000000E+0 7.32889771E+1 4.16035994E-1 1.60473585E-1 3.26291057E-3 1.27780437E-1 2.55789505E-3 3.18753719E-1 3.18651535E-3
09 16 2014 17 51 17 901 6.49468892E+1 0.00000000E+0 -1.00000000E+2 9.62709800E+5 0.00000000E+0 7.33204931E+1 4.41667810E-1 1.36166811E-1 2.19271654E-3 1.69962645E-1 1.56129282E-3 2.71014869E-1 2.72255810E-3
09 16 2014 17 51 21 905 6.49468892E+1 0.00000000E+0 -5.00000000E+1 9.62714300E+5 0.00000000E+0 7.32553005E+1 4.47077415E-1 1.86133385E-1 2.18425225E-3 1.91652775E-1 2.25988540E-3 3.31121683E-1 3.49959660E-3
09 16 2014 17 51 26 910 6.49468892E+1 0.00000000E+0 0.00000000E+0 9.62718800E+5 0.00000000E+0 7.32377172E+1 4.70300925E-1 2.32195854E-1 2.61878004E-3 2.03263760E-1 2.14154542E-3 3.12608480E-1 3.09926657E-3
09 16 2014 17 51 30 914 6.49468892E+1 0.00000000E+0 5.00000000E+1 9.62723300E+5 0.00000000E+0 7.32151270E+1 4.76658013E-1 1.92779303E-1 1.98131245E-3 1.65653229E-1 1.82944819E-3 2.71677971E-1 3.91857149E-3
09 16 2014 17 51 35 919 6.49468892E+1 0.00000000E+0 1.00000000E+2 9.62727900E+5 0.00000000E+0 7.32527375E+1 4.39916075E-1 1.50728226E-1 2.15529674E-3 1.36435032E-1 2.36291558E-3 3.07136774E-1 2.77704323E-3
09 16 2014 17 51 45 930 -6.49468892E+1 1.25567322E+1 -1.00000000E+2 9.62738700E+5 0.00000000E+0 7.32155144E+1 4.36970997E-1 9.62093472E-2 2.36922527E-3 9.03680921E-2 2.05946770E-3 2.95706093E-1 2.61608265E-3
09 16 2014 17 51 50 934 -6.49468892E+1 1.25567322E+1 -5.00000000E+1 9.62743200E+5 0.00000000E+0 7.32812881E+1 4.40526414E-1 1.29461288E-1 2.67232641E-3 1.01310015E-1 1.95317791E-3 2.59965658E-1 3.10327003E-3
09 16 2014 17 51 54 939 -6.49468892E+1 1.25567322E+1 0.00000000E+0 9.62747700E+5 0.00000000E+0 7.33049959E+1 4.50522533E-1 1.57758594E-1 2.30616833E-3 8.85426998E-2 2.30765703E-3 2.75492668E-1 3.28262356E-3
09 16 2014 17 51 59 943 -6.49468892E+1 1.25567322E+1 5.00000000E+1 9.62752200E+5 0.00000000E+0 7.32945800E+1 4.72597593E-1 1.37680769E-1 2.03612192E-3 5.16176224E-2 2.84345360E-3 3.30662727E-1 2.96994995E-3
09 16 2014 17 52 03 948 -6.49468892E+1 1.25567322E+1 1.00000000E+2 9.62756700E+5 0.00000000E+0 7.33421743E+1 4.37255574E-1 1.10484660E-1 2.60091932E-3 3.39671969E-2 1.58177072E-3 3.43605876E-1 2.91283209E-3
09 16 2014 17 52 13 957 -5.49317147E+1 1.25567322E+1 -1.00000000E+2 9.62766400E+5 0.00000000E+0 7.32508302E+1 4.52993959E-1 1.10566616E-1 2.58887772E-3 9.33527946E-2 1.75452851E-3 2.91979313E-1 3.18679700E-3
09 16 2014 17 52 18 962 -5.49317147E+1 1.25567322E+1 -5.00000000E+1 9.62770900E+5 0.00000000E+0 7.32105225E+1 4.27017807E-1 1.35928392E-1 1.95032616E-3 1.04598701E-1 2.46505624E-3 2.68146396E-1 3.70914617E-3
09 16 2014 17 52 22 966 -5.49317147E+1 1.25567322E+1 0.00000000E+0 9.62775400E+5 0.00000000E+0 7.32427835E+1 4.67295533E-1 1.67679787E-1 2.71739936E-3 9.46998596E-2 2.80249272E-3 2.85512209E-1 3.24318345E-3
09 16 2014 17 52 27 971 -5.49317147E+1 1.25567322E+1 5.00000000E+1 9.62779900E+5 0.00000000E+0 7.31603801E+1 4.47090013E-1 1.49428844E-1 2.50396268E-3 5.87999821E-2 1.88712485E-3 3.29151750E-1 2.85269100E-3
09 16 2014 17 52 31 975 -5.49317147E+1 1.25567322E+1 1.00000000E+2 9.62784400E+5 0.00000000E+0 7.32459426E+1 4.69808838E-1 1.29926205E-1 2.52078287E-3 4.39345837E-2 2.86506563E-3 3.40217352E-1 2.99674404E-3
09 16 2014 17 52 41 985 -4.50682853E+1 1.25567322E+1 -1.00000000E+2 9.62794000E+5 0.00000000E+0 7.32274354E+1 4.34927133E-1 1.26704574E-1 2.29876191E-3 1.02393329E-1 2.65971883E-3 2.88911164E-1 3.44649395E-3
09 16 2014 17 52 45 989 -4.50682853E+1 1.25567322E+1 -5.00000000E+1 9.62798600E+5 0.00000000E+0 7.32435584E+1 4.41409196E-1 1.47980452E-1 2.54951124E-3 1.09356642E-1 2.69886057E-3 2.71445513E-1 3.00646206E-3
09 16 2014 17 52 50 994 -4.50682853E+1 1.25567322E+1 0.00000000E+0 9.62803100E+5 0.00000000E+0 7.32665509E+1 4.36434737E-1 1.69776380E-1 2.35709806E-3 9.54270363E-2 2.07346503E-3 2.86787748E-1 2.66008614E-3
09 16 2014 17 52 54 999 -4.50682853E+1 1.25567322E+1 5.00000000E+1 9.62807600E+5 0.00000000E+0 7.32463002E+1 4.58056124E-1 1.58482790E-1 2.17294870E-3 6.48915768E-2 2.76240700E-3 3.25435400E-1 3.31525818E-3
09 16 2014 17 52 59 1003 -4.50682853E+1 1.25567322E+1 1.00000000E+2 9.62812100E+5 0.00000000E+0 7.32311606E+1 4.33236435E-1 1.42419338E-1 2.30185894E-3 5.26905060E-2 1.94808782E-3 3.40670347E-1 2.93455124E-3
09 16 2014 17 53 08 1013 -3.50531108E+1 1.25567322E+1 -1.00000000E+2 9.62821700E+5 0.00000000E+0 7.32133985E+1 4.65270227E-1 1.36822462E-1 2.83340749E-3 1.08671188E-1 2.54749355E-3 2.92521715E-1 3.04227176E-3
09 16 2014 17 53 13 1017 -3.50531108E+1 1.25567322E+1 -5.00000000E+1 9.62826200E+5 0.00000000E+0 7.31404871E+1 4.63966418E-1 1.54852867E-1 2.89492914E-3 1.13867223E-1 2.10620415E-3 2.77750194E-1 3.46417868E-3
09 16 2014 17 53 18 1022 -3.50531108E+1 1.25567322E+1 0.00000000E+0 9.62830800E+5 0.00000000E+0 7.31619000E+1 4.58434105E-1 1.72203779E-1 2.47997398E-3 1.01500750E-1 2.16363521E-3 2.93058157E-1 3.11539359E-3
09 16 2014 17 53 22 1026 -3.50531108E+1 1.25567322E+1 5.00000000E+1 9.62835300E+5 0.00000000E+0 7.31758773E+1 4.76020446E-1 1.58675015E-1 2.86349506E-3 7.42077827E-2 2.61392023E-3 3.21768224E-1 3.37040418E-3
09 16 2014 17 53 27 1031 -3.50531108E+1 1.25567322E+1 1.00000000E+2 9.62839800E+5 0.00000000E+0 7.32096434E+1 4.27993785E-1 1.49035454E-1 2.77465190E-3 5.76317310E-2 2.50905784E-3 3.39275599E-1 3.45143427E-3
09 16 2014 17 53 36 1040 -2.50379363E+1 1.25567322E+1 -1.00000000E+2 9.62849400E+5 0.00000000E+0 7.33432919E+1 4.37344689E-1 1.44183636E-1 2.65098875E-3 1.11676753E-1 2.14144428E-3 2.91235745E-1 3.48163753E-3
09 16 2014 17 53 41 1045 -2.50379363E+1 1.25567322E+1 -5.00000000E+1 9.62853900E+5 0.00000000E+0 7.32495189E+1 4.58778550E-1 1.63120031E-1 2.60895819E-3 1.18488073E-1 2.58915939E-3 2.85363197E-1 3.60660079E-3
09 16 2014 17 53 45 1049 -2.50379363E+1 1.25567322E+1 0.00000000E+0 9.62858500E+5 0.00000000E+0 7.32478499E+1 4.49595008E-1 1.76109374E-1 2.27799720E-3 1.06543303E-1 1.43084257E-3 2.94998288E-1 3.17460254E-3
09 16 2014 17 53 50 1054 -2.50379363E+1 1.25567322E+1 5.00000000E+1 9.62863000E+5 0.00000000E+0 7.31755495E+1 4.69233551E-1 1.65826082E-1 2.83752246E-3 7.74919987E-2 2.99049793E-3 3.21877003E-1 3.39912095E-3
09 16 2014 17 53 54 1058 -2.50379363E+1 1.25567322E+1 1.00000000E+2 9.62867500E+5 0.00000000E+0 7.32162595E+1 4.42335859E-1 1.54316425E-1 2.63895183E-3 6.38842583E-2 1.95418286E-3 3.40455770E-1 3.03789250E-3
09 16 2014 17 54 04 1068 0.00000000E+0 1.25567322E+1 -1.00000000E+2 9.62877200E+5 0.00000000E+0 7.32005388E+1 4.52279368E-1 1.59189105E-1 2.13641983E-3 1.24976039E-1 2.05504968E-3 2.91362405E-1 3.05600014E-3
09 16 2014 17 54 08 1073 0.00000000E+0 1.25567322E+1 -5.00000000E+1 9.62881700E+5 0.00000000E+0 7.32136369E+1 4.82182978E-1 1.72364712E-1 2.63168620E-3 1.32220984E-1 2.34026195E-3 2.96312571E-1 3.43488174E-3
09 16 2014 17 54 13 1077 0.00000000E+0 1.25567322E+1 0.00000000E+0 9.62886200E+5 0.00000000E+0 7.32042789E+1 4.29021595E-1 1.86181068E-1 2.71497616E-3 1.26606226E-1 1.89020387E-3 3.02809477E-1 3.88892691E-3
09 16 2014 17 54 18 1082 0.00000000E+0 1.25567322E+1 5.00000000E+1 9.62890800E+5 0.00000000E+0 7.31976032E+1 4.16929522E-1 1.81144476E-1 2.57670788E-3 9.79363918E-2 2.11114552E-3 3.13651562E-1 3.81467766E-3
09 16 2014 17 54 22 1086 0.00000000E+0 1.25567322E+1 1.00000000E+2 9.62895300E+5 0.00000000E+0 7.32660294E+1 4.65760545E-1 1.69742107E-1 2.49063495E-3 8.24391842E-2 2.09835263E-3 3.32832336E-1 2.79891419E-3
09 16 2014 17 54 32 1096 2.50379363E+1 1.25567322E+1 -1.00000000E+2 9.62905000E+5 0.00000000E+0 7.33876973E+1 4.47529407E-1 1.60828233E-1 2.27556556E-3 1.48646533E-1 2.19010912E-3 2.87428498E-1 2.96920485E-3
09 16 2014 17 54 36 1100 2.50379363E+1 1.25567322E+1 -5.00000000E+1 9.62909500E+5 0.00000000E+0 7.34096169E+1 4.56971767E-1 1.81263685E-1 2.36891417E-3 1.60050392E-1 1.85824867E-3 3.04704905E-1 2.95906960E-3
09 16 2014 17 54 41 1105 2.50379363E+1 1.25567322E+1 0.00000000E+0 9.62914000E+5 0.00000000E+0 7.33999014E+1 4.23711314E-1 2.01719999E-1 2.58852379E-3 1.56188011E-1 1.71691002E-3 3.09062004E-1 2.87182550E-3
09 16 2014 17 54 45 1109 2.50379363E+1 1.25567322E+1 5.00000000E+1 9.62918500E+5 0.00000000E+0 7.34244585E+1 4.26837584E-1 1.88606977E-1 2.34696389E-3 1.28781796E-1 1.65908642E-3 3.06600332E-1 3.28716409E-3
09 16 2014 17 54 50 1114 2.50379363E+1 1.25567322E+1 1.00000000E+2 9.62923100E+5 0.00000000E+0 7.34292269E+1 4.40992104E-1 1.74087286E-1 2.54569462E-3 1.10793114E-1 2.08294233E-3 3.22949886E-1 3.55296736E-3
09 16 2014 17 54 59 1124 3.50531108E+1 1.25567322E+1 -1.00000000E+2 9.62932700E+5 0.00000000E+0 7.34621882E+1 4.48639312E-1 1.59776211E-1 2.24993458E-3 1.55448914E-1 1.77322830E-3 2.88224220E-1 2.48753993E-3
09 16 2014 17 55 04 1128 3.50531108E+1 1.25567322E+1 -5.00000000E+1 9.62937200E+5 0.00000000E+0 7.34940767E+1 4.29311331E-1 1.78050995E-1 2.92830656E-3 1.64413452E-1 1.77811439E-3 3.12942266E-1 2.60436725E-3
09 16 2014 17 55 08 1133 3.50531108E+1 1.25567322E+1 0.00000000E+0 9.62941700E+5 0.00000000E+0 7.34760165E+1 4.58127115E-1 2.06702948E-1 2.90164092E-3 1.63137913E-1 1.83030654E-3 3.15982103E-1 3.34105728E-3
09 16 2014 17 55 13 1137 3.50531108E+1 1.25567322E+1 5.00000000E+1 9.62946200E+5 0.00000000E+0 7.34985471E+1 4.19049051E-1 1.90025568E-1 3.26318562E-3 1.34110451E-1 2.34591996E-3 3.04472446E-1 4.18117130E-3
09 16 2014 17 55 17 1142 3.50531108E+1 1.25567322E+1 1.00000000E+2 9.62950700E+5 0.00000000E+0 7.34885335E+1 4.26575603E-1 1.68967247E-1 2.78052213E-3 1.19018555E-1 1.76578909E-3 3.27944756E-1 3.05496184E-3
09 16 2014 17 55 27 1151 4.50682853E+1 1.25567322E+1 -1.00000000E+2 9.62960400E+5 0.00000000E+0 7.33721256E+1 4.42582636E-1 1.54331326E-1 2.47346110E-3 1.57296658E-1 2.15281988E-3 2.84358859E-1 3.16024554E-3
09 16 2014 17 55 32 1156 4.50682853E+1 1.25567322E+1 -5.00000000E+1 9.62964900E+5 0.00000000E+0 7.33982921E+1 4.52298906E-1 1.78492069E-1 2.36784834E-3 1.75565481E-1 2.39478909E-3 3.18491459E-1 3.30364738E-3
09 16 2014 17 55 36 1160 4.50682853E+1 1.25567322E+1 0.00000000E+0 9.62969400E+5 0.00000000E+0 7.34439492E+1 4.12107461E-1 2.11018324E-1 1.95164557E-3 1.74766779E-1 2.87834864E-3 3.16953659E-1 3.14319668E-3
09 16 2014 17 55 41 1165 4.50682853E+1 1.25567322E+1 5.00000000E+1 9.62973900E+5 0.00000000E+0 7.34478831E+1 4.23847632E-1 1.86306238E-1 2.33193764E-3 1.44118071E-1 1.77848241E-3 3.01039219E-1 3.30545807E-3
09 16 2014 17 55 45 1169 4.50682853E+1 1.25567322E+1 1.00000000E+2 9.62978400E+5 0.00000000E+0 7.34843612E+1 4.42345058E-1 1.60133839E-1 1.81784138E-3 1.25831366E-1 2.03097271E-3 3.25626135E-1 4.09158862E-3
09 16 2014 17 55 55 1179 5.49317147E+1 1.25567322E+1 -1.00000000E+2 9.62988000E+5 0.00000000E+0 7.34267235E+1 4.12304283E-1 1.41847134E-1 2.52107956E-3 1.65224075E-1 1.78667477E-3 2.79134512E-1 3.27188384E-3
09 16 2014 17 55 59 1183 5.49317147E+1 1.25567322E+1 -5.00000000E+1 9.62992600E+5 0.00000000E+0 7.34426975E+1 4.36052662E-1 1.77001953E-1 1.98369868E-3 1.79940462E-1 2.15705716E-3 3.26246023E-1 3.66691605E-3
09 16 2014 17 56 04 1188 5.49317147E+1 1.25567322E+1 0.00000000E+0 9.62997100E+5 0.00000000E+0 7.34254122E+1 4.55173657E-1 2.15017796E-1 2.46685775E-3 1.86085701E-1 2.51724956E-3 3.20541859E-1 3.05689537E-3
09 16 2014 17 56 08 1193 5.49317147E+1 1.25567322E+1 5.00000000E+1 9.63001600E+5 0.00000000E+0 7.34618902E+1 4.37455625E-1 1.86979771E-1 3.17513457E-3 1.51222944E-1 1.62141010E-3 2.87473202E-1 3.33528222E-3
09 16 2014 17 56 13 1197 5.49317147E+1 1.25567322E+1 1.00000000E+2 9.63006100E+5 0.00000000E+0 7.34702349E+1 4.30528959E-1 1.51538849E-1 2.17333590E-3 1.32781267E-1 2.34855676E-3 3.11845541E-1 3.52731341E-3
09 16 2014 17 56 22 1207 6.49468892E+1 1.25567322E+1 -1.00000000E+2 9.63015700E+5 0.00000000E+0 7.34933466E+1 4.18270210E-1 1.32218003E-1 2.57553686E-3 1.69850886E-1 1.14690551E-3 2.75269151E-1 4.27314452E-3
09 16 2014 17 56 27 1211 6.49468892E+1 1.25567322E+1 -5.00000000E+1 9.63020300E+5 0.00000000E+0 7.34622478E+1 4.16648679E-1 1.73401833E-1 2.48145887E-3 1.90460682E-1 1.73532559E-3 3.34972143E-1 3.62498491E-3
09 16 2014 17 56 32 1216 6.49468892E+1 1.25567322E+1 0.00000000E+0 9.63024800E+5 0.00000000E+0 7.34081864E+1 4.47718512E-1 2.23857164E-1 3.31318196E-3 2.00492144E-1 2.52830066E-3 3.26955318E-1 3.53189585E-3
09 16 2014 17 56 36 1220 6.49468892E+1 1.25567322E+1 5.00000000E+1 9.63029300E+5 0.00000000E+0 7.34259486E+1 4.21630702E-1 1.90466642E-1 2.66780948E-3 1.61814690E-1 2.58653653E-3 2.83890963E-1 3.02753429E-3
09 16 2014 17 56 41 1225 6.49468892E+1 1.25567322E+1 1.00000000E+2 9.63033800E+5 0.00000000E+0 7.34162927E+1 4.27473814E-1 1.41954422E-1 2.55663740E-3 1.42902136E-1 2.11518047E-3 3.07142735E-1 2.98900317E-3
09 16 2014 17 56 51 1236 -6.49468892E+1 2.49621785E+1 -1.00000000E+2 9.63044600E+5 0.00000000E+0 7.34723359E+1 4.57909653E-1 1.00485981E-1 2.08416059E-3 9.74312425E-2 1.81246150E-3 2.93634832E-1 3.27719866E-3
09 16 2014 17 56 56 1240 -6.49468892E+1 2.49621785E+1 -5.00000000E+1 9.63049100E+5 0.00000000E+0 7.35073686E+1 4.78690473E-1 1.38121843E-1 2.37011364E-3 1.05690956E-1 2.10721820E-3 2.65246630E-1 3.55287789E-3
09 16 2014 17 57 00 1245 -6.49468892E+1 2.49621785E+1 0.00000000E+0 9.63053700E+5 0.00000000E+0 7.35373795E+1 4.67972992E-1 1.63584948E-1 1.80606336E-3 9.63211060E-2 1.72640955E-3 2.89224088E-1 3.27575292E-3
09 16 2014 17 57 05 1249 -6.49468892E+1 2.49621785E+1 5.00000000E+1 9.63058200E+5 0.00000000E+0 7.34598041E+1 4.23557955E-1 1.37120485E-1 2.61571512E-3 6.36339188E-2 2.34674876E-3 3.41671705E-1 3.80650754E-3
09 16 2014 17 57 09 1254 -6.49468892E+1 2.49621785E+1 1.00000000E+2 9.63062700E+5 0.00000000E+0 7.33976066E+1 4.42461435E-1 1.18941069E-1 2.37243458E-3 4.56720591E-2 1.09851646E-3 3.45669687E-1 3.74267021E-3
09 16 2014 17 57 19 1263 -5.49317147E+1 2.49621785E+1 -1.00000000E+2 9.63072300E+5 0.00000000E+0 7.34394193E+1 4.66548746E-1 1.12771988E-1 2.41132399E-3 1.02967024E-1 2.96295958E-3 2.94446945E-1 4.01324482E-3
09 16 2014 17 57 24 1268 -5.49317147E+1 2.49621785E+1 -5.00000000E+1 9.63076800E+5 0.00000000E+0 7.34728575E+1 4.52943431E-1 1.36785209E-1 2.60009963E-3 1.07020140E-1 2.33012744E-3 2.73250043E-1 2.98776271E-3
09 16 2014 17 57 28 1272 -5.49317147E+1 2.49621785E+1 0.00000000E+0 9.63081300E+5 0.00000000E+0 7.34524727E+1 4.45006252E-1 1.58238411E-1 2.40492584E-3 1.00940466E-1 1.58332150E-3 2.94423103E-1 3.65091542E-3
09 16 2014 17 57 33 1277 -5.49317147E+1 2.49621785E+1 5.00000000E+1 9.63085900E+5 0.00000000E+0 7.35052675E+1 4.44223511E-1 1.41523778E-1 2.71567684E-3 7.45207071E-2 1.53767662E-3 3.40357423E-1 2.60952194E-3
09 16 2014 17 57 37 1281 -5.49317147E+1 2.49621785E+1 1.00000000E+2 9.63090400E+5 0.00000000E+0 7.34815001E+1 4.30812521E-1 1.25950575E-1 2.91424401E-3 5.18083572E-2 2.01096009E-3 3.47292423E-1 3.23963575E-3
09 16 2014 17 57 47 1291 -4.50682853E+1 2.49621785E+1 -1.00000000E+2 9.63100000E+5 0.00000000E+0 7.34740496E+1 4.44442544E-1 1.21206045E-1 1.63422560E-3 1.07087195E-1 1.39273919E-3 2.89462507E-1 3.26009801E-3
09 16 2014 17 57 51 1295 -4.50682853E+1 2.49621785E+1 -5.00000000E+1 9.63104500E+5 0.00000000E+0 7.34508038E+1 4.49592485E-1 1.45393610E-1 2.18626307E-3 1.16366148E-1 2.33257902E-3 2.76941061E-1 3.25740453E-3
09 16 2014 17 57 56 1300 -4.50682853E+1 2.49621785E+1 0.00000000E+0 9.63109000E+5 0.00000000E+0 7.34043121E+1 4.29052103E-1 1.65522099E-1 2.70721471E-3 1.07981265E-1 2.27237578E-3 2.97099352E-1 3.63943182E-3
09 16 2014 17 58 00 1304 -4.50682853E+1 2.49621785E+1 5.00000000E+1 9.63113500E+5 0.00000000E+0 7.34164715E+1 4.58691049E-1 1.51234865E-1 3.26611814E-3 8.20040703E-2 1.73265128E-3 3.33446264E-1 3.97377840E-3
09 16 2014 17 58 05 1309 -4.50682853E+1 2.49621785E+1 1.00000000E+2 9.63118100E+5 0.00000000E+0 7.34784603E+1 4.52429545E-1 1.36679411E-1 2.42137607E-3 6.24239445E-2 2.22660186E-3 3.44735384E-1 3.07017064E-3
09 16 2014 17 58 14 1319 -3.50531108E+1 2.49621785E+1 -1.00000000E+2 9.63127700E+5 0.00000000E+0 7.35014081E+1 4.52511514E-1 1.28370523E-1 2.10717383E-3 1.14631653E-1 2.26626399E-3 2.92032957E-1 2.39635018E-3
09 16 2014 17 58 19 1323 -3.50531108E+1 2.49621785E+1 -5.00000000E+1 9.63132200E+5 0.00000000E+0 7.35095143E+1 4.39323028E-1 1.42596662E-1 2.12233551E-3 1.24707818E-1 1.66601824E-3 2.87964940E-1 3.33185877E-3
09 16 2014 17 58 23 1328 -3.50531108E+1 2.49621785E+1 0.00000000E+0 9.63136700E+5 0.00000000E+0 7.34599829E+1 3.93600518E-1 1.62088871E-1 2.53887655E-3 1.13368034E-1 1.99400290E-3 2.99680233E-1 3.42105410E-3
09 16 2014 17 58 28 1332 -3.50531108E+1 2.49621785E+1 5.00000000E+1 9.63141200E+5 0.00000000E+0 7.34074414E+1 4.19616219E-1 1.50248408E-1 2.25381233E-3 8.86172056E-2 2.51373359E-3 3.33234668E-1 3.86695900E-3
09 16 2014 17 58 32 1337 -3.50531108E+1 2.49621785E+1 1.00000000E+2 9.63145700E+5 0.00000000E+0 7.34157562E+1 4.64504429E-1 1.35827065E-1 2.55335876E-3 7.57038593E-2 2.47484161E-3 3.47065926E-1 3.10195018E-3
09 16 2014 17 58 42 1346 -2.50379363E+1 2.49621785E+1 -1.00000000E+2 9.63155400E+5 0.00000000E+0 7.35567510E+1 4.35022531E-1 1.37008727E-1 2.42973322E-3 1.21362507E-1 1.80447258E-3 2.93046236E-1 2.75147161E-3
09 16 2014 17 58 47 1351 -2.50379363E+1 2.49621785E+1 -5.00000000E+1 9.63159900E+5 0.00000000E+0 7.34826326E+1 4.36351957E-1 1.54089928E-1 2.45935742E-3 1.28316879E-1 1.80765015E-3 2.88122892E-1 2.96865901E-3
09 16 2014 17 58 51 1355 -2.50379363E+1 2.49621785E+1 0.00000000E+0 9.63164400E+5 0.00000000E+0 7.35654682E+1 4.63955902E-1 1.67414546E-1 3.08653854E-3 1.18039548E-1 2.46668909E-3 3.08766961E-1 2.72496026E-3
09 16 2014 17 58 56 1360 -2.50379363E+1 2.49621785E+1 5.00000000E+1 9.63168900E+5 0.00000000E+0 7.34639168E+1 4.44962483E-1 1.56635046E-1 2.93113394E-3 9.15229321E-2 1.84835107E-3 3.31610441E-1 4.29882631E-3
09 16 2014 17 59 00 1364 -2.50379363E+1 2.49621785E+1 1.00000000E+2 9.63173400E+5 0.00000000E+0 7.33987093E+1 4.39298955E-1 1.47157907E-1 2.16121405E-3 7.88569450E-2 1.89495610E-3 3.39853764E-1 3.22593920E-3
09 16 2014 17 59 10 1374 0.00000000E+0 2.49621785E+1 -1.00000000E+2 9.63183200E+5 0.00000000E+0 7.33575970E+1 4.48915704E-1 1.49197876E-1 2.83272603E-3 1.36397779E-1 2.23114392E-3 2.92472541E-1 3.53497087E-3
09 16 2014 17 59 14 1379 0.00000000E+0 2.49621785E+1 -5.00000000E+1 9.63187700E+5 0.00000000E+0 7.34376311E+1 4.13897182E-1 1.59263611E-1 2.40480143E-3 1.41590834E-1 1.66033696E-3 3.00294161E-1 3.75152560E-3
09 16 2014 17 59 19 1383 0.00000000E+0 2.49621785E+1 0.00000000E+0 9.63192200E+5 0.00000000E+0 7.34802336E+1 4.27510667E-1 1.74835324E-1 2.61097374E-3 1.35876238E-1 1.76237338E-3 3.08409333E-1 3.02327387E-3
09 16 2014 17 59 23 1388 0.00000000E+0 2.49621785E+1 5.00000000E+1 9.63196700E+5 0.00000000E+0 7.34849572E+1 4.49083349E-1 1.67477131E-1 3.07859425E-3 1.10876560E-1 2.56840004E-3 3.23778391E-1 3.18711970E-3
09 16 2014 17 59 28 1392 0.00000000E+0 2.49621785E+1 1.00000000E+2 9.63201200E+5 0.00000000E+0 7.34219551E+1 4.57196946E-1 1.55562162E-1 2.04235708E-3 1.00731850E-1 2.28290253E-3 3.36414576E-1 2.93852458E-3
09 16 2014 17 59 38 1402 2.50379363E+1 2.49621785E+1 -1.00000000E+2 9.63210900E+5 0.00000000E+0 7.33786076E+1 4.37657977E-1 1.48579478E-1 2.59678405E-3 1.51649117E-1 2.51712327E-3 2.85908580E-1 3.64784971E-3
09 16 2014 17 59 42 1406 2.50379363E+1 2.49621785E+1 -5.00000000E+1 9.63215500E+5 0.00000000E+0 7.33985901E+1 4.47995359E-1 1.66171789E-1 2.53308853E-3 1.62470341E-1 1.74255149E-3 3.07410955E-1 3.62568636E-3
09 16 2014 17 59 47 1411 2.50379363E+1 2.49621785E+1 0.00000000E+0 9.63220000E+5 0.00000000E+0 7.34991431E+1 4.70798852E-1 1.91134214E-1 2.35301109E-3 1.55937672E-1 2.12189716E-3 3.17394733E-1 3.01640294E-3
09 16 2014 17 59 51 1415 2.50379363E+1 2.49621785E+1 5.00000000E+1 9.63224500E+5 0.00000000E+0 7.34592676E+1 4.45606795E-1 1.76978111E-1 2.61100000E-3 1.29556656E-1 1.59636469E-3 3.21197510E-1 3.72027888E-3
09 16 2014 17 59 56 1420 2.50379363E+1 2.49621785E+1 1.00000000E+2 9.63229000E+5 0.00000000E+0 7.35258460E+1 4.72179281E-1 1.61659718E-1 2.77122635E-3 1.16080046E-1 2.00592341E-3 3.33970785E-1 3.32382013E-3
09 16 2014 18 00 05 1430 3.50531108E+1 2.49621785E+1 -1.00000000E+2 9.63238600E+5 0.00000000E+0 7.35002756E+1 4.41302133E-1 1.50251389E-1 2.49977735E-3 1.56247616E-1 2.08821411E-3 2.91574001E-1 3.01873284E-3
09 16 2014 18 00 10 1434 3.50531108E+1 2.49621785E+1 -5.00000000E+1 9.63243200E+5 0.00000000E+0 7.32785463E+1 4.42826597E-1 1.69552863E-1 2.49057802E-3 1.71013176E-1 1.85444537E-3 3.17305326E-1 3.56765874E-3
09 16 2014 18 00 14 1439 3.50531108E+1 2.49621785E+1 0.00000000E+0 9.63247700E+5 0.00000000E+0 7.34713674E+1 4.67683411E-1 1.97386742E-1 1.91110943E-3 1.69014931E-1 2.01252160E-3 3.30108404E-1 3.41040673E-3
09 16 2014 18 00 19 1443 3.50531108E+1 2.49621785E+1 5.00000000E+1 9.63252200E+5 0.00000000E+0 7.34889507E+1 4.46050044E-1 1.80315971E-1 2.31749985E-3 1.40553713E-1 2.27945166E-3 3.14682722E-1 3.63516327E-3
09 16 2014 18 00 23 1448 3.50531108E+1 2.49621785E+1 1.00000000E+2 9.63256700E+5 0.00000000E+0 7.35026002E+1 4.33518196E-1 1.56748295E-1 2.77608021E-3 1.24180317E-1 1.93077217E-3 3.28791142E-1 3.39956100E-3
09 16 2014 18 00 33 1457 4.50682853E+1 2.49621785E+1 -1.00000000E+2 9.63266300E+5 0.00000000E+0 7.32474029E+1 4.56305771E-1 1.45792961E-1 2.65420315E-3 1.62079930E-1 2.16067180E-3 2.87219882E-1 2.89979302E-3
09 16 2014 18 00 38 1462 4.50682853E+1 2.49621785E+1 -5.00000000E+1 9.63270800E+5 0.00000000E+0 7.31966496E+1 4.37488365E-1 1.68389082E-1 3.01714053E-3 1.78325176E-1 2.97581194E-3 3.23617458E-1 3.35732054E-3
09 16 2014 18 00 42 1466 4.50682853E+1 2.49621785E+1 0.00000000E+0 9.63275400E+5 0.00000000E+0 7.32235312E+1 4.13955510E-1 1.96784735E-1 2.46830508E-3 1.76513195E-1 1.60780262E-3 3.29351425E-1 3.75533661E-3
09 16 2014 18 00 47 1471 4.50682853E+1 2.49621785E+1 5.00000000E+1 9.63279900E+5 0.00000000E+0 7.32333064E+1 4.54104549E-1 1.76894665E-1 2.90303896E-3 1.46496296E-1 2.37188807E-3 3.08048725E-1 3.60873618E-3
09 16 2014 18 00 51 1475 4.50682853E+1 2.49621785E+1 1.00000000E+2 9.63284400E+5 0.00000000E+0 7.32839704E+1 4.59301606E-1 1.47110224E-1 2.31267800E-3 1.30736828E-1 2.54534938E-3 3.25524807E-1 3.33945068E-3
09 16 2014 18 01 01 1485 5.49317147E+1 2.49621785E+1 -1.00000000E+2 9.63294000E+5 0.00000000E+0 7.31921792E+1 4.78820765E-1 1.34068727E-1 2.41016830E-3 1.68734789E-1 1.91106051E-3 2.79116631E-1 3.26729155E-3
09 16 2014 18 01 05 1489 5.49317147E+1 2.49621785E+1 -5.00000000E+1 9.63298500E+5 0.00000000E+0 7.31783509E+1 4.46219617E-1 1.60551071E-1 3.06708126E-3 1.83594227E-1 1.38530276E-3 3.29607725E-1 4.22522613E-3
09 16 2014 18 01 10 1494 5.49317147E+1 2.49621785E+1 0.00000000E+0 9.63303000E+5 0.00000000E+0 7.31749535E+1 4.04845810E-1 1.97470188E-1 2.24640809E-3 1.88839436E-1 2.40881024E-3 3.40062380E-1 3.51707812E-3
09 16 2014 18 01 14 1498 5.49317147E+1 2.49621785E+1 5.00000000E+1 9.63307600E+5 0.00000000E+0 7.31531978E+1 4.50339529E-1 1.74200535E-1 2.99165444E-3 1.53571367E-1 2.23585378E-3 3.06391716E-1 2.73665307E-3
09 16 2014 18 01 19 1503 5.49317147E+1 2.49621785E+1 1.00000000E+2 9.63312100E+5 0.00000000E+0 7.31759667E+1 4.55572512E-1 1.36554241E-1 1.71163077E-3 1.34009123E-1 2.31971760E-3 3.18479538E-1 2.82111272E-3
09 16 2014 18 01 28 1513 6.49468892E+1 2.49621785E+1 -1.00000000E+2 9.63321700E+5 0.00000000E+0 7.32041001E+1 4.56401502E-1 1.18446350E-1 2.72811264E-3 1.69324875E-1 2.38556571E-3 2.77858973E-1 3.31972216E-3
09 16 2014 18 01 33 1517 6.49468892E+1 2.49621785E+1 -5.00000000E+1 9.63326200E+5 0.00000000E+0 7.32523799E+1 4.50499141E-1 1.52760744E-1 2.66881857E-3 1.93369389E-1 2.47768837E-3 3.41081619E-1 3.34359157E-3
09 16 2014 18 01 37 1522 6.49468892E+1 2.49621785E+1 0.00000000E+0 9.63330700E+5 0.00000000E+0 7.31797814E+1 4.50282227E-1 2.13003159E-1 2.84097996E-3 1.93792582E-1 2.31971760E-3 3.45867872E-1 3.30911603E-3
09 16 2014 18 01 42 1526 6.49468892E+1 2.49621785E+1 5.00000000E+1 9.63335200E+5 0.00000000E+0 7.31557012E+1 4.59722525E-1 1.79708004E-1 2.44260418E-3 1.56563520E-1 2.31584524E-3 2.97385454E-1 3.13811819E-3
09 16 2014 18 01 47 1531 6.49468892E+1 2.49621785E+1 1.00000000E+2 9.63339800E+5 0.00000000E+0 7.31942058E+1 4.27552087E-1 1.23071671E-1 2.59836531E-3 1.48403645E-1 3.04488279E-3 3.19331884E-1 3.01525592E-3
