Month Day Year Hour Minute Second Time_s x y z Current CurrentError 1Axis 1AxisError Bx BxError By ByError Bz BzError
09 16 2014 19 36 15 19 -6.49468892E+1 -2.49621785E+1 -1.00000000E+2 9.69008200E+5 0.00000000E+0 7.31051564E+1 4.35283530E-1 9.03308392E-2 2.51394186E-3 9.28342342E-2 2.76067361E-3 3.60697508E-1 3.37991780E-3
09 16 2014 19 36 19 23 -6.49468892E+1 -2.49621785E+1 -5.00000000E+1 9.69012700E+5 0.00000000E+0 7.30893612E+1 4.32038336E-1 1.33961439E-1 2.46557642E-3 1.16169453E-1 2.04126730E-3 2.81518698E-1 2.99174819E-3
09 16 2014 19 36 24 28 -6.49468892E+1 -2.49621785E+1 0.00000000E+0 9.69017300E+5 0.00000000E+0 7.31453896E+1 4.20386291E-1 1.79028511E-1 2.76114092E-3 8.75949860E-2 2.67221446E-3 2.72488594E-1 3.61219574E-3
09 16 2014 19 36 29 32 -6.49468892E+1 -2.49621785E+1 5.00000000E+1 9.69021800E+5 0.00000000E+0 7.31122494E+1 4.38825366E-1 1.68693066E-1 1.88918468E-3 3.63886356E-2 2.57450089E-3 3.40086222E-1 3.24359854E-3
09 16 2014 19 36 33 37 -6.49468892E+1 -2.49621785E+1 1.00000000E+2 9.69026300E+5 0.00000000E+0 7.30844140E+1 4.30896089E-1 1.34819746E-1 2.65899169E-3 3.15964222E-2 2.66853831E-3 3.68660688E-1 3.39484400E-3
09 16 2014 19 36 43 46 -5.49317147E+1 -2.49621785E+1 -1.00000000E+2 9.69035900E+5 0.00000000E+0 7.31181502E+1 4.58765540E-1 1.13767385E-1 2.26325045E-3 1.01757050E-1 1.95628678E-3 3.61502171E-1 3.49643744E-3
09 16 2014 19 36 47 51 -5.49317147E+1 -2.49621785E+1 -5.00000000E+1 9.69040400E+5 0.00000000E+0 7.30893612E+1 4.15713838E-1 1.49512291E-1 2.30072141E-3 1.25807524E-1 2.19548057E-3 2.98190117E-1 4.48004608E-3
09 16 2014 19 36 52 55 -5.49317147E+1 -2.49621785E+1 0.00000000E+0 9.69044900E+5 0.00000000E+0 7.30838180E+1 4.44070756E-1 1.86651945E-1 2.81008196E-3 9.97602940E-2 2.25165424E-3 2.82311440E-1 3.08070718E-3
09 16 2014 19 36 56 60 -5.49317147E+1 -2.49621785E+1 5.00000000E+1 9.69049500E+5 0.00000000E+0 7.31022358E+1 4.27536435E-1 1.74117088E-1 2.24837163E-3 5.59031963E-2 2.65110395E-3 3.32635641E-1 3.00218004E-3
09 16 2014 19 37 01 64 -5.49317147E+1 -2.49621785E+1 1.00000000E+2 9.69054000E+5 0.00000000E+0 7.31463730E+1 4.43880049E-1 1.48229301E-1 2.51791119E-3 4.97102737E-2 1.57548806E-3 3.63543630E-1 3.35452907E-3
09 16 2014 19 37 10 74 -4.50682853E+1 -2.49621785E+1 -1.00000000E+2 9.69063600E+5 0.00000000E+0 7.30650425E+1 4.51044521E-1 1.22821331E-1 1.54517739E-3 1.07157230E-1 1.94958459E-3 3.60774994E-1 4.31055877E-3
09 16 2014 19 37 15 79 -4.50682853E+1 -2.49621785E+1 -5.00000000E+1 9.69068100E+5 0.00000000E+0 7.30966330E+1 4.33058584E-1 1.59877539E-1 2.66764126E-3 1.28477812E-1 2.27597090E-3 3.05604935E-1 3.14053045E-3
09 16 2014 19 37 19 83 -4.50682853E+1 -2.49621785E+1 0.00000000E+0 9.69072600E+5 0.00000000E+0 7.30404258E+1 4.30474541E-1 1.89721584E-1 2.58048587E-3 1.06173754E-1 1.91332913E-3 2.88391113E-1 4.05820580E-3
09 16 2014 19 37 24 88 -4.50682853E+1 -2.49621785E+1 5.00000000E+1 9.69077100E+5 0.00000000E+0 7.30760694E+1 4.44731345E-1 1.79570913E-1 3.06968337E-3 6.33835793E-2 2.04258595E-3 3.32146883E-1 4.04496506E-3
09 16 2014 19 37 28 92 -4.50682853E+1 -2.49621785E+1 1.00000000E+2 9.69081700E+5 0.00000000E+0 7.31128454E+1 4.55976701E-1 1.61999464E-1 3.13029086E-3 5.30421734E-2 2.22095139E-3 3.58062983E-1 3.98861997E-3
09 16 2014 19 37 38 102 -3.50531108E+1 -2.49621785E+1 -1.00000000E+2 9.69091300E+5 0.00000000E+0 7.31225014E+1 4.31951733E-1 1.36876106E-1 2.17849194E-3 1.14268064E-1 1.99643016E-3 3.50511074E-1 3.94313587E-3
09 16 2014 19 37 43 106 -3.50531108E+1 -2.49621785E+1 -5.00000000E+1 9.69095800E+5 0.00000000E+0 7.30707049E+1 4.42878876E-1 1.64520741E-1 2.18202536E-3 1.34140253E-1 2.20893000E-3 3.10009718E-1 3.34110206E-3
09 16 2014 19 37 47 111 -3.50531108E+1 -2.49621785E+1 0.00000000E+0 9.69100300E+5 0.00000000E+0 7.30665922E+1 4.28772832E-1 1.92880630E-1 2.21539623E-3 1.16240978E-1 1.97549991E-3 2.93010473E-1 3.60325523E-3
09 16 2014 19 37 52 115 -3.50531108E+1 -2.49621785E+1 5.00000000E+1 9.69104800E+5 0.00000000E+0 7.31087923E+1 4.59894529E-1 1.86818838E-1 2.68858715E-3 7.71760941E-2 2.24404290E-3 3.25483084E-1 3.81514329E-3
09 16 2014 19 37 56 120 -3.50531108E+1 -2.49621785E+1 1.00000000E+2 9.69109400E+5 0.00000000E+0 7.31557608E+1 4.36868245E-1 1.68077648E-1 2.83623552E-3 6.49467111E-2 2.57235076E-3 3.56480479E-1 2.65451546E-3
09 16 2014 19 38 06 129 -2.50379363E+1 -2.49621785E+1 -1.00000000E+2 9.69119000E+5 0.00000000E+0 7.30567575E+1 4.66452869E-1 1.47241354E-1 2.39303946E-3 1.21212006E-1 2.75245909E-3 3.55315208E-1 3.32987339E-3
09 16 2014 19 38 10 134 -2.50379363E+1 -2.49621785E+1 -5.00000000E+1 9.69123500E+5 0.00000000E+0 7.30907917E+1 4.35128947E-1 1.70356035E-1 3.11664175E-3 1.44219398E-1 3.34292043E-3 3.18157673E-1 2.46042161E-3
09 16 2014 19 38 15 138 -2.50379363E+1 -2.49621785E+1 0.00000000E+0 9.69128000E+5 0.00000000E+0 7.31344223E+1 4.34357926E-1 1.91712379E-1 3.11931041E-3 1.27410889E-1 2.50790245E-3 2.93773413E-1 2.93108291E-3
09 16 2014 19 38 19 143 -2.50379363E+1 -2.49621785E+1 5.00000000E+1 9.69132500E+5 0.00000000E+0 7.31641054E+1 4.47669666E-1 1.89715624E-1 2.37773820E-3 9.03487206E-2 2.52374822E-3 3.22014093E-1 2.78870763E-3
09 16 2014 19 38 24 147 -2.50379363E+1 -2.49621785E+1 1.00000000E+2 9.69137000E+5 0.00000000E+0 7.31076598E+1 4.43368530E-1 1.75529718E-1 2.31720130E-3 7.80403614E-2 2.39959400E-3 3.54909897E-1 3.27374065E-3
09 16 2014 19 38 34 157 0.00000000E+0 -2.49621785E+1 -1.00000000E+2 9.69146800E+5 0.00000000E+0 7.31084347E+1 4.46352371E-1 1.63978338E-1 3.05385379E-3 1.42484903E-1 1.96181315E-3 3.50791216E-1 3.26680506E-3
09 16 2014 19 38 38 162 0.00000000E+0 -2.49621785E+1 -5.00000000E+1 9.69151300E+5 0.00000000E+0 7.31449723E+1 4.42863203E-1 1.81984901E-1 2.41671506E-3 1.63686275E-1 2.88831613E-3 3.31842899E-1 3.36799694E-3
09 16 2014 19 38 43 166 0.00000000E+0 -2.49621785E+1 0.00000000E+0 9.69155800E+5 0.00000000E+0 7.31444359E+1 4.53389741E-1 1.97893381E-1 2.38182396E-3 1.57576799E-1 1.88972898E-3 3.05676460E-1 3.08895073E-3
09 16 2014 19 38 47 171 0.00000000E+0 -2.49621785E+1 5.00000000E+1 9.69160300E+5 0.00000000E+0 7.31619447E+1 4.58019139E-1 1.88052654E-1 2.81327188E-3 1.18747354E-1 2.06379020E-3 3.13423574E-1 2.83882308E-3
09 16 2014 19 38 52 175 0.00000000E+0 -2.49621785E+1 1.00000000E+2 9.69164800E+5 0.00000000E+0 7.31070638E+1 4.24851373E-1 1.80673599E-1 2.87754949E-3 1.01065636E-1 1.76968167E-3 3.47942114E-1 2.74845488E-3
09 16 2014 19 39 01 185 2.50379363E+1 -2.49621785E+1 -1.00000000E+2 9.69174600E+5 0.00000000E+0 7.31504560E+1 4.36277109E-1 1.50227547E-1 1.93096585E-3 1.63978338E-1 1.90125098E-3 3.51721048E-1 3.61009865E-3
09 16 2014 19 39 06 189 2.50379363E+1 -2.49621785E+1 -5.00000000E+1 9.69179100E+5 0.00000000E+0 7.31338263E+1 4.45903283E-1 1.75654888E-1 2.30068890E-3 1.94936991E-1 2.27991098E-3 3.48615646E-1 3.41459847E-3
09 16 2014 19 39 10 194 2.50379363E+1 -2.49621785E+1 0.00000000E+0 9.69183600E+5 0.00000000E+0 7.31352568E+1 4.27712862E-1 2.02137232E-1 2.37924761E-3 1.95246935E-1 1.92346594E-3 3.12459469E-1 3.49866144E-3
09 16 2014 19 39 15 199 2.50379363E+1 -2.49621785E+1 5.00000000E+1 9.69188100E+5 0.00000000E+0 7.30779022E+1 4.20318999E-1 1.82740390E-1 2.61590157E-3 1.56402588E-1 2.55453019E-3 3.03626060E-1 3.55075630E-3
09 16 2014 19 39 19 203 2.50379363E+1 -2.49621785E+1 1.00000000E+2 9.69192600E+5 0.00000000E+0 7.30989575E+1 4.43381350E-1 1.69396400E-1 2.40168923E-3 1.34813786E-1 1.98833090E-3 3.39269638E-1 3.82390135E-3
09 16 2014 19 39 29 213 3.50531108E+1 -2.49621785E+1 -1.00000000E+2 9.69202200E+5 0.00000000E+0 7.31452107E+1 4.45003205E-1 1.38187408E-1 1.86475772E-3 1.77323818E-1 1.78855757E-3 3.45784426E-1 2.94787636E-3
09 16 2014 19 39 33 217 3.50531108E+1 -2.49621785E+1 -5.00000000E+1 9.69206800E+5 0.00000000E+0 7.31337667E+1 4.11354419E-1 1.74504519E-1 2.32904921E-3 2.07692385E-1 1.81816022E-3 3.53652239E-1 3.10529391E-3
09 16 2014 19 39 38 222 3.50531108E+1 -2.49621785E+1 0.00000000E+0 9.69211300E+5 0.00000000E+0 7.30702281E+1 4.44580546E-1 1.99779868E-1 2.73225160E-3 2.12192535E-1 2.25092057E-3 3.13840806E-1 2.86721472E-3
09 16 2014 19 39 43 226 3.50531108E+1 -2.49621785E+1 5.00000000E+1 9.69215800E+5 0.00000000E+0 7.30864406E+1 4.35790437E-1 1.78110600E-1 2.55467658E-3 1.67697668E-1 2.67955861E-3 2.95114517E-1 2.87156505E-3
09 16 2014 19 39 47 231 3.50531108E+1 -2.49621785E+1 1.00000000E+2 9.69220300E+5 0.00000000E+0 7.31506199E+1 4.19125626E-1 1.64866447E-1 2.20885946E-3 1.45219266E-1 1.69496369E-3 3.41482460E-1 2.78619041E-3
09 16 2014 19 39 57 240 4.50682853E+1 -2.49621785E+1 -1.00000000E+2 9.69229900E+5 0.00000000E+0 7.31260180E+1 4.30587219E-1 1.27094984E-1 3.03981228E-3 1.83528662E-1 2.02137510E-3 3.45635414E-1 3.13003400E-3
09 16 2014 19 40 01 245 4.50682853E+1 -2.49621785E+1 -5.00000000E+1 9.69234400E+5 0.00000000E+0 7.31374025E+1 4.29344048E-1 1.72328949E-1 2.18527928E-3 2.19869614E-1 2.09046937E-3 3.61502171E-1 3.41374410E-3
09 16 2014 19 40 06 249 4.50682853E+1 -2.49621785E+1 0.00000000E+0 9.69239000E+5 0.00000000E+0 7.30631948E+1 4.32631670E-1 2.04181671E-1 2.25143001E-3 2.28470564E-1 1.90203760E-3 3.13878059E-1 2.80798514E-3
09 16 2014 19 40 10 254 4.50682853E+1 -2.49621785E+1 5.00000000E+1 9.69243500E+5 0.00000000E+0 7.31576979E+1 4.50059276E-1 1.76683068E-1 2.66520088E-3 1.79737806E-1 2.47829203E-3 2.92211771E-1 2.85853834E-3
09 16 2014 19 40 15 258 4.50682853E+1 -2.49621785E+1 1.00000000E+2 9.69248000E+5 0.00000000E+0 7.31767416E+1 4.55422171E-1 1.49321556E-1 2.59519703E-3 1.53821707E-1 2.80272623E-3 3.38077545E-1 3.93818208E-3
09 16 2014 19 40 24 268 5.49317147E+1 -2.49621785E+1 -1.00000000E+2 9.69257600E+5 0.00000000E+0 7.30898380E+1 4.45307204E-1 1.13761425E-1 2.19610221E-3 1.89971924E-1 2.39620192E-3 3.43000889E-1 3.19780885E-3
09 16 2014 19 40 29 273 5.49317147E+1 -2.49621785E+1 -5.00000000E+1 9.69262100E+5 0.00000000E+0 7.31067061E+1 4.35039603E-1 1.67435408E-1 2.57641760E-3 2.25621462E-1 2.60637678E-3 3.77738476E-1 4.56614906E-3
09 16 2014 19 40 33 277 5.49317147E+1 -2.49621785E+1 0.00000000E+0 9.69266600E+5 0.00000000E+0 7.31515884E+1 4.53775971E-1 2.03475356E-1 2.38969286E-3 2.41063535E-1 3.11870541E-3 3.21581960E-1 3.54484813E-3
09 16 2014 19 40 38 282 5.49317147E+1 -2.49621785E+1 5.00000000E+1 9.69271200E+5 0.00000000E+0 7.31512308E+1 4.53224266E-1 1.62237883E-1 2.17810566E-3 1.92987919E-1 2.09136365E-3 2.85035372E-1 2.59118071E-3
09 16 2014 19 40 42 286 5.49317147E+1 -2.49621785E+1 1.00000000E+2 9.69275700E+5 0.00000000E+0 7.31213391E+1 4.35916903E-1 1.32665038E-1 2.32458115E-3 1.65134668E-1 1.98785437E-3 3.37794423E-1 3.29727378E-3
09 16 2014 19 40 52 296 6.49468892E+1 -2.49621785E+1 -1.00000000E+2 9.69285300E+5 0.00000000E+0 7.31639266E+1 4.16114621E-1 8.53598118E-2 3.00098397E-3 2.01213360E-1 2.26279600E-3 3.33750248E-1 3.43789079E-3
09 16 2014 19 40 57 300 6.49468892E+1 -2.49621785E+1 -5.00000000E+1 9.69289800E+5 0.00000000E+0 7.31899589E+1 4.48147706E-1 1.53638422E-1 2.75893970E-3 2.37971544E-1 2.23465755E-3 3.89374793E-1 3.16708632E-3
09 16 2014 19 41 01 305 6.49468892E+1 -2.49621785E+1 0.00000000E+0 9.69294300E+5 0.00000000E+0 7.31511712E+1 4.45933705E-1 1.97571516E-1 2.84036779E-3 2.63375044E-1 2.34217875E-3 3.24559212E-1 3.28691948E-3
09 16 2014 19 41 06 309 6.49468892E+1 -2.49621785E+1 5.00000000E+1 9.69298800E+5 0.00000000E+0 7.31100887E+1 4.23567503E-1 1.46366656E-1 2.80525194E-3 2.12579966E-1 1.99593995E-3 2.70277262E-1 2.54877527E-3
09 16 2014 19 41 10 314 6.49468892E+1 -2.49621785E+1 1.00000000E+2 9.69303400E+5 0.00000000E+0 7.31143355E+1 4.61881834E-1 1.06918812E-1 2.24120806E-3 1.73556805E-1 1.85159555E-3 3.30668688E-1 3.52833106E-3
09 16 2014 19 41 21 325 -6.49468892E+1 -1.25567322E+1 -1.00000000E+2 9.69314200E+5 0.00000000E+0 7.31181502E+1 4.50034031E-1 9.43183899E-2 2.37809206E-3 1.07783079E-1 1.55587413E-3 3.53193283E-1 3.36810798E-3
09 16 2014 19 41 25 329 -6.49468892E+1 -1.25567322E+1 -5.00000000E+1 9.69318700E+5 0.00000000E+0 7.31241107E+1 4.54373929E-1 1.34748220E-1 2.66820195E-3 1.26802921E-1 2.19644276E-3 2.90322304E-1 3.26087556E-3
09 16 2014 19 41 30 334 -6.49468892E+1 -1.25567322E+1 0.00000000E+0 9.69323200E+5 0.00000000E+0 7.30506182E+1 4.58872417E-1 1.71750784E-1 3.06495284E-3 1.03402138E-1 1.94900905E-3 2.86298990E-1 3.19527598E-3
09 16 2014 19 41 34 338 -6.49468892E+1 -1.25567322E+1 5.00000000E+1 9.69327700E+5 0.00000000E+0 7.30693936E+1 4.50886642E-1 1.56617165E-1 2.49234608E-3 6.22630119E-2 2.41166516E-3 3.42476368E-1 3.47915318E-3
09 16 2014 19 41 39 343 -6.49468892E+1 -1.25567322E+1 1.00000000E+2 9.69332200E+5 0.00000000E+0 7.30925202E+1 4.51980633E-1 1.26355886E-1 2.76029429E-3 5.31256199E-2 2.02462862E-3 3.61567736E-1 3.02753429E-3
09 16 2014 19 41 49 352 -5.49317147E+1 -1.25567322E+1 -1.00000000E+2 9.69341900E+5 0.00000000E+0 7.31254220E+1 4.31292047E-1 1.09899044E-1 2.98785189E-3 1.11597776E-1 2.81151887E-3 3.54140997E-1 3.71957014E-3
09 16 2014 19 41 53 357 -5.49317147E+1 -1.25567322E+1 -5.00000000E+1 9.69346400E+5 0.00000000E+0 7.30631351E+1 4.44645116E-1 1.40881538E-1 2.63983029E-3 1.26636028E-1 2.72144240E-3 2.99555063E-1 3.50621571E-3
09 16 2014 19 41 58 361 -5.49317147E+1 -1.25567322E+1 0.00000000E+0 9.69350900E+5 0.00000000E+0 7.30344057E+1 4.64006243E-1 1.69140100E-1 1.93432310E-3 1.04266405E-1 1.61623540E-3 2.95442343E-1 3.69422787E-3
09 16 2014 19 42 02 366 -5.49317147E+1 -1.25567322E+1 5.00000000E+1 9.69355400E+5 0.00000000E+0 7.30633736E+1 4.32149360E-1 1.60604715E-1 2.56810153E-3 6.45875931E-2 2.69201366E-3 3.36629152E-1 3.16044276E-3
09 16 2014 19 42 07 370 -5.49317147E+1 -1.25567322E+1 1.00000000E+2 9.69359900E+5 0.00000000E+0 7.31171668E+1 4.48255224E-1 1.39378011E-1 2.41937840E-3 5.68702817E-2 1.47451740E-3 3.53351235E-1 3.04730750E-3
09 16 2014 19 42 16 380 -4.50682853E+1 -1.25567322E+1 -1.00000000E+2 9.69369500E+5 0.00000000E+0 7.31107593E+1 4.59322026E-1 1.20341778E-1 2.35244681E-3 1.14256144E-1 1.99042692E-3 3.52394581E-1 3.85660210E-3
09 16 2014 19 42 21 384 -4.50682853E+1 -1.25567322E+1 -5.00000000E+1 9.69374100E+5 0.00000000E+0 7.30844736E+1 4.45544049E-1 1.48046017E-1 2.75851212E-3 1.27053261E-1 1.84783506E-3 3.06779146E-1 3.51137422E-3
09 16 2014 19 42 25 389 -4.50682853E+1 -1.25567322E+1 0.00000000E+0 9.69378600E+5 0.00000000E+0 7.30295777E+1 4.39361465E-1 1.73956156E-1 2.38790818E-3 1.11216307E-1 1.64522231E-3 3.00270319E-1 2.54422517E-3
09 16 2014 19 42 30 393 -4.50682853E+1 -1.25567322E+1 5.00000000E+1 9.69383100E+5 0.00000000E+0 7.30459392E+1 4.58785718E-1 1.62586570E-1 3.11008332E-3 7.65025616E-2 2.10227872E-3 3.33659351E-1 2.44324521E-3
09 16 2014 19 42 34 398 -4.50682853E+1 -1.25567322E+1 1.00000000E+2 9.69387600E+5 0.00000000E+0 7.31149316E+1 4.52654695E-1 1.46496296E-1 2.81514115E-3 6.88314438E-2 2.21485599E-3 3.51589918E-1 2.75644392E-3
09 16 2014 19 42 44 408 -3.50531108E+1 -1.25567322E+1 -1.00000000E+2 9.69397200E+5 0.00000000E+0 7.30981231E+1 4.47553330E-1 1.30933523E-1 2.76916764E-3 1.18267536E-1 1.98268041E-3 3.45754623E-1 3.29373892E-3
09 16 2014 19 42 48 412 -3.50531108E+1 -1.25567322E+1 -5.00000000E+1 9.69401700E+5 0.00000000E+0 7.30282068E+1 4.38802441E-1 1.52266026E-1 2.61406329E-3 1.36506557E-1 2.48582550E-3 3.15046310E-1 3.24090529E-3
09 16 2014 19 42 53 417 -3.50531108E+1 -1.25567322E+1 0.00000000E+0 9.69406300E+5 0.00000000E+0 7.30354339E+1 4.38653032E-1 1.75207853E-1 2.72482988E-3 1.20900571E-1 2.22604264E-3 3.01226974E-1 3.20105245E-3
09 16 2014 19 42 58 421 -3.50531108E+1 -1.25567322E+1 5.00000000E+1 9.69410800E+5 0.00000000E+0 7.31225014E+1 4.35415289E-1 1.68484449E-1 2.12308646E-3 8.57114792E-2 2.00969513E-3 3.29554081E-1 3.29330744E-3
09 16 2014 19 43 02 426 -3.50531108E+1 -1.25567322E+1 1.00000000E+2 9.69415300E+5 0.00000000E+0 7.32005388E+1 4.35710952E-1 1.52364373E-1 2.62833280E-3 7.55712390E-2 2.30805471E-3 3.49260867E-1 3.46957574E-3
09 16 2014 19 43 12 435 -2.50379363E+1 -1.25567322E+1 -1.00000000E+2 9.69424900E+5 0.00000000E+0 7.31186867E+1 4.35086557E-1 1.38068199E-1 2.43619607E-3 1.24460459E-1 1.88227338E-3 3.45212221E-1 3.34888333E-3
09 16 2014 19 43 16 440 -2.50379363E+1 -1.25567322E+1 -5.00000000E+1 9.69429400E+5 0.00000000E+0 7.30621070E+1 4.32335673E-1 1.56454742E-1 2.37860374E-3 1.39392912E-1 2.20487510E-3 3.18430364E-1 3.60141471E-3
09 16 2014 19 43 21 444 -2.50379363E+1 -1.25567322E+1 0.00000000E+0 9.69433900E+5 0.00000000E+0 7.30522871E+1 4.54207253E-1 1.78861618E-1 2.67914686E-3 1.28287077E-1 2.14760511E-3 3.05062532E-1 3.24848336E-3
09 16 2014 19 43 25 449 -2.50379363E+1 -1.25567322E+1 5.00000000E+1 9.69438500E+5 0.00000000E+0 7.31006265E+1 4.55409547E-1 1.71162188E-1 2.83347843E-3 9.58591700E-2 2.31109276E-3 3.25277448E-1 3.55445641E-3
09 16 2014 19 43 30 453 -2.50379363E+1 -1.25567322E+1 1.00000000E+2 9.69443000E+5 0.00000000E+0 7.31468797E+1 4.57146046E-1 1.58405304E-1 2.25938890E-3 8.72194767E-2 1.89486729E-3 3.41230631E-1 3.47863182E-3
09 16 2014 19 43 39 463 0.00000000E+0 -1.25567322E+1 -1.00000000E+2 9.69452700E+5 0.00000000E+0 7.30707049E+1 4.30262238E-1 1.40249729E-1 2.37459840E-3 1.40219927E-1 2.32699304E-3 3.37576866E-1 3.53030723E-3
09 16 2014 19 43 44 468 0.00000000E+0 -1.25567322E+1 -5.00000000E+1 9.69457200E+5 0.00000000E+0 7.30276108E+1 4.28951401E-1 1.63741410E-1 2.40277701E-3 1.58041716E-1 1.34694189E-3 3.27408314E-1 3.01295436E-3
09 16 2014 19 43 48 472 0.00000000E+0 -1.25567322E+1 0.00000000E+0 9.69461700E+5 0.00000000E+0 7.30700493E+1 4.52853845E-1 1.84494257E-1 2.61982943E-3 1.50996447E-1 2.79337046E-3 3.09550762E-1 3.87231780E-3
09 16 2014 19 43 53 477 0.00000000E+0 -1.25567322E+1 5.00000000E+1 9.69466300E+5 0.00000000E+0 7.30887055E+1 4.45352993E-1 1.75133348E-1 2.61459971E-3 1.20282173E-1 1.88988399E-3 3.17215919E-1 2.87917788E-3
09 16 2014 19 43 58 481 0.00000000E+0 -1.25567322E+1 1.00000000E+2 9.69470800E+5 0.00000000E+0 7.31049776E+1 4.46657791E-1 1.68180466E-1 2.24477605E-3 1.04445219E-1 2.65104753E-3 3.37702036E-1 2.90262026E-3
09 16 2014 19 44 07 491 2.50379363E+1 -1.25567322E+1 -1.00000000E+2 9.69480500E+5 0.00000000E+0 7.31236339E+1 4.34096124E-1 1.37555599E-1 2.53321401E-3 1.59186125E-1 1.81338203E-3 3.37821245E-1 3.53954823E-3
09 16 2014 19 44 12 495 2.50379363E+1 -1.25567322E+1 -5.00000000E+1 9.69485000E+5 0.00000000E+0 7.31077045E+1 4.58679430E-1 1.60381198E-1 2.96505401E-3 1.82263553E-1 1.71731384E-3 3.39187682E-1 3.38400964E-3
09 16 2014 19 44 16 500 2.50379363E+1 -1.25567322E+1 0.00000000E+0 9.69489500E+5 0.00000000E+0 7.30665326E+1 4.61378336E-1 1.78784132E-1 2.59562209E-3 1.80160999E-1 2.33636762E-3 3.17579508E-1 3.42925923E-3
09 16 2014 19 44 21 504 2.50379363E+1 -1.25567322E+1 5.00000000E+1 9.69494000E+5 0.00000000E+0 7.30403513E+1 4.40570337E-1 1.64680183E-1 2.64561154E-3 1.43587589E-1 2.79434983E-3 3.06941569E-1 2.74171648E-3
09 16 2014 19 44 25 509 2.50379363E+1 -1.25567322E+1 1.00000000E+2 9.69498600E+5 0.00000000E+0 7.31264353E+1 4.44524711E-1 1.50847435E-1 1.99939697E-3 1.28644705E-1 1.63966665E-3 3.38357687E-1 2.91803995E-3
09 16 2014 19 44 35 519 3.50531108E+1 -1.25567322E+1 -1.00000000E+2 9.69508200E+5 0.00000000E+0 7.31407106E+1 4.39746653E-1 1.27196312E-1 2.84674845E-3 1.69225037E-1 2.67516863E-3 3.43650579E-1 3.60490679E-3
09 16 2014 19 44 39 523 3.50531108E+1 -1.25567322E+1 -5.00000000E+1 9.69512700E+5 0.00000000E+0 7.31257796E+1 4.46507792E-1 1.54531002E-1 2.60661352E-3 1.89119577E-1 2.03134095E-3 3.50475311E-1 2.71205443E-3
09 16 2014 19 44 44 528 3.50531108E+1 -1.25567322E+1 0.00000000E+0 9.69517200E+5 0.00000000E+0 7.30465353E+1 4.57393244E-1 1.79775059E-1 2.31420359E-3 1.94638968E-1 2.90619763E-3 3.17871571E-1 2.51340379E-3
09 16 2014 19 44 48 532 3.50531108E+1 -1.25567322E+1 5.00000000E+1 9.69521700E+5 0.00000000E+0 7.30726123E+1 4.50895002E-1 1.59037113E-1 2.31669287E-3 1.62059069E-1 2.78994109E-3 3.01420689E-1 3.29784649E-3
09 16 2014 19 44 53 537 3.50531108E+1 -1.25567322E+1 1.00000000E+2 9.69526200E+5 0.00000000E+0 7.31164813E+1 4.41074621E-1 1.43331289E-1 2.96659234E-3 1.42890215E-1 2.46357348E-3 3.37415934E-1 3.24087644E-3
09 16 2014 19 45 03 546 4.50682853E+1 -1.25567322E+1 -1.00000000E+2 9.69535800E+5 0.00000000E+0 7.31210709E+1 4.52937079E-1 1.12783909E-1 2.65122385E-3 1.77860260E-1 2.52496301E-3 3.38071585E-1 4.14245623E-3
09 16 2014 19 45 07 551 4.50682853E+1 -1.25567322E+1 -5.00000000E+1 9.69540400E+5 0.00000000E+0 7.30736554E+1 4.42064496E-1 1.52707100E-1 3.67943034E-3 2.02231109E-1 2.05693605E-3 3.61666083E-1 3.62021557E-3
09 16 2014 19 45 12 555 4.50682853E+1 -1.25567322E+1 0.00000000E+0 9.69544900E+5 0.00000000E+0 7.30553865E+1 4.45470348E-1 1.87486410E-1 3.12990854E-3 2.08228827E-1 1.33188815E-3 3.25959921E-1 2.53007500E-3
09 16 2014 19 45 16 560 4.50682853E+1 -1.25567322E+1 5.00000000E+1 9.69549400E+5 0.00000000E+0 7.30081648E+1 4.37065048E-1 1.57766044E-1 2.87488676E-3 1.71139836E-1 1.47156291E-3 2.95817852E-1 2.69036466E-3
09 16 2014 19 45 21 564 4.50682853E+1 -1.25567322E+1 1.00000000E+2 9.69553900E+5 0.00000000E+0 7.30628967E+1 4.32617688E-1 1.33645535E-1 2.32667963E-3 1.48332119E-1 2.33828761E-3 3.32015753E-1 3.37801417E-3
09 16 2014 19 45 30 574 5.49317147E+1 -1.25567322E+1 -1.00000000E+2 9.69563500E+5 0.00000000E+0 7.31323659E+1 4.66709037E-1 9.93683934E-2 2.10474177E-3 1.86167657E-1 1.82496341E-3 3.38003039E-1 3.18592263E-3
09 16 2014 19 45 35 578 5.49317147E+1 -1.25567322E+1 -5.00000000E+1 9.69568100E+5 0.00000000E+0 7.30684996E+1 4.44260841E-1 1.45798922E-1 2.49530775E-3 2.11375952E-1 1.73108576E-3 3.69387865E-1 3.68266947E-3
09 16 2014 19 45 39 583 5.49317147E+1 -1.25567322E+1 0.00000000E+0 9.69572600E+5 0.00000000E+0 7.29887933E+1 4.32883269E-1 1.81198120E-1 2.59682966E-3 2.23986804E-1 2.17055588E-3 3.30500305E-1 3.88067742E-3
09 16 2014 19 45 44 587 5.49317147E+1 -1.25567322E+1 5.00000000E+1 9.69577100E+5 0.00000000E+0 7.30535388E+1 4.69303198E-1 1.44702196E-1 2.64907188E-3 1.84702873E-1 2.41795269E-3 2.93439627E-1 3.56695461E-3
09 16 2014 19 45 48 592 5.49317147E+1 -1.25567322E+1 1.00000000E+2 9.69581600E+5 0.00000000E+0 7.31107593E+1 4.36310950E-1 1.12247467E-1 2.63977363E-3 1.60795450E-1 1.77587309E-3 3.30740213E-1 2.97771523E-3
09 16 2014 19 45 58 602 6.49468892E+1 -1.25567322E+1 -1.00000000E+2 9.69591200E+5 0.00000000E+0 7.31520653E+1 4.76403478E-1 7.57455826E-2 2.98747638E-3 1.89632177E-1 1.51030764E-3 3.28809023E-1 3.07542822E-3
09 16 2014 19 46 02 606 6.49468892E+1 -1.25567322E+1 -5.00000000E+1 9.69595700E+5 0.00000000E+0 7.31437653E+1 4.53199159E-1 1.36189163E-1 2.97560929E-3 2.15008855E-1 2.34810025E-3 3.78765166E-1 3.20751086E-3
09 16 2014 19 46 07 611 6.49468892E+1 -1.25567322E+1 0.00000000E+0 9.69600300E+5 0.00000000E+0 7.30872750E+1 4.58384374E-1 1.81704760E-1 2.29690657E-3 2.36588717E-1 2.44926273E-3 3.34692001E-1 3.16236501E-3
09 16 2014 19 46 12 615 6.49468892E+1 -1.25567322E+1 5.00000000E+1 9.69604800E+5 0.00000000E+0 7.30966926E+1 4.42821993E-1 1.30921602E-1 2.48912548E-3 1.91915035E-1 2.84395333E-3 2.80922651E-1 3.01490863E-3
09 16 2014 19 46 16 620 6.49468892E+1 -1.25567322E+1 1.00000000E+2 9.69609300E+5 0.00000000E+0 7.31068254E+1 4.19479692E-1 8.52048397E-2 2.04433368E-3 1.64675713E-1 2.56796319E-3 3.23325396E-1 3.43718909E-3
09 16 2014 19 46 27 631 -6.49468892E+1 0.00000000E+0 -1.00000000E+2 9.69620100E+5 0.00000000E+0 7.31076002E+1 4.46689774E-1 8.96215439E-2 2.56976835E-3 1.13844872E-1 1.91243960E-3 3.47912312E-1 3.34893358E-3
09 16 2014 19 46 31 635 -6.49468892E+1 0.00000000E+0 -5.00000000E+1 9.69624600E+5 0.00000000E+0 7.30519742E+1 4.41110019E-1 1.21161342E-1 2.41139895E-3 1.29431486E-1 1.83417093E-3 2.94372439E-1 3.47193858E-3
09 16 2014 19 46 36 640 -6.49468892E+1 0.00000000E+0 0.00000000E+0 9.69629100E+5 0.00000000E+0 7.30857253E+1 4.31247892E-1 1.54721737E-1 2.27860658E-3 1.10828876E-1 1.95425940E-3 2.96044350E-1 3.63053607E-3
09 16 2014 19 46 40 644 -6.49468892E+1 0.00000000E+0 5.00000000E+1 9.69633700E+5 0.00000000E+0 7.31344521E+1 4.47454970E-1 1.40756369E-1 2.08053511E-3 7.55563378E-2 1.68374770E-3 3.45028937E-1 2.92187416E-3
09 16 2014 19 46 45 649 -6.49468892E+1 0.00000000E+0 1.00000000E+2 9.69638200E+5 0.00000000E+0 7.31167793E+1 4.31731633E-1 1.12402439E-1 2.52078287E-3 6.36219978E-2 2.60058081E-3 3.56614590E-1 3.15077831E-3
09 16 2014 19 46 55 658 -5.49317147E+1 0.00000000E+0 -1.00000000E+2 9.69647800E+5 0.00000000E+0 7.30255246E+1 4.17845480E-1 1.01633370E-1 3.04017774E-3 1.18903816E-1 2.33964998E-3 3.46228480E-1 3.44289279E-3
09 16 2014 19 46 59 663 -5.49317147E+1 0.00000000E+0 -5.00000000E+1 9.69652300E+5 0.00000000E+0 7.30488896E+1 4.67796208E-1 1.34187937E-1 1.92113143E-3 1.32399797E-1 2.18009641E-3 3.02875042E-1 3.64917366E-3
09 16 2014 19 47 04 667 -5.49317147E+1 0.00000000E+0 0.00000000E+0 9.69656800E+5 0.00000000E+0 7.30966777E+1 4.57428370E-1 1.61357224E-1 2.28681773E-3 1.13472342E-1 2.77969037E-3 2.98358500E-1 3.52779445E-3
09 16 2014 19 47 08 672 -5.49317147E+1 0.00000000E+0 5.00000000E+1 9.69661300E+5 0.00000000E+0 7.31003881E+1 4.53184555E-1 1.46484375E-1 2.10586899E-3 8.48293304E-2 2.93366542E-3 3.33893299E-1 3.15158530E-3
09 16 2014 19 47 13 676 -5.49317147E+1 0.00000000E+0 1.00000000E+2 9.69665800E+5 0.00000000E+0 7.31641054E+1 4.05121974E-1 1.27233565E-1 2.14696725E-3 7.42524862E-2 1.33377740E-3 3.47249210E-1 3.16611398E-3
09 16 2014 19 47 22 686 -4.50682853E+1 0.00000000E+0 -1.00000000E+2 9.69675500E+5 0.00000000E+0 7.30367303E+1 4.53069969E-1 1.09434128E-1 3.32348820E-3 1.22964382E-1 1.77048450E-3 3.36849689E-1 3.14331566E-3
09 16 2014 19 47 27 690 -4.50682853E+1 0.00000000E+0 -5.00000000E+1 9.69680000E+5 0.00000000E+0 7.30856508E+1 4.65409457E-1 1.39012933E-1 2.05551063E-3 1.38133764E-1 1.63538462E-3 3.01100314E-1 3.47694045E-3
09 16 2014 19 47 31 695 -4.50682853E+1 0.00000000E+0 0.00000000E+0 9.69684500E+5 0.00000000E+0 7.31221437E+1 4.37376798E-1 1.60229206E-1 2.59764558E-3 1.24800205E-1 1.38151822E-3 3.00163031E-1 2.99749270E-3
09 16 2014 19 47 36 699 -4.50682853E+1 0.00000000E+0 5.00000000E+1 9.69689000E+5 0.00000000E+0 7.31120259E+1 4.31638432E-1 1.51209533E-1 2.18816166E-3 8.93399119E-2 2.07436438E-3 3.32057476E-1 3.41890358E-3
09 16 2014 19 47 40 704 -4.50682853E+1 0.00000000E+0 1.00000000E+2 9.69693500E+5 0.00000000E+0 7.30683208E+1 4.26628025E-1 1.37865543E-1 2.33777577E-3 7.81714916E-2 3.09603109E-3 3.44735384E-1 3.98580620E-3
09 16 2014 19 47 50 714 -3.50531108E+1 0.00000000E+0 -1.00000000E+2 9.69703200E+5 0.00000000E+0 7.30265677E+1 4.59472847E-1 1.26771629E-1 2.23315996E-3 1.27896667E-1 1.29045547E-3 3.42510641E-1 3.44876101E-3
09 16 2014 19 47 54 718 -3.50531108E+1 0.00000000E+0 -5.00000000E+1 9.69707700E+5 0.00000000E+0 7.30773211E+1 4.31026917E-1 1.47473812E-1 2.21063080E-3 1.36631727E-1 1.74828289E-3 3.11952829E-1 3.02773192E-3
09 16 2014 19 47 59 723 -3.50531108E+1 0.00000000E+0 0.00000000E+0 9.69712200E+5 0.00000000E+0 7.31397420E+1 4.24565737E-1 1.62631273E-1 4.08559297E-3 1.23582780E-1 2.28837076E-3 3.09906900E-1 3.06925339E-3
09 16 2014 19 48 03 727 -3.50531108E+1 0.00000000E+0 5.00000000E+1 9.69716700E+5 0.00000000E+0 7.31199980E+1 4.52221843E-1 1.59513950E-1 3.61577609E-3 1.00100040E-1 1.69785432E-3 3.30704451E-1 3.08741885E-3
09 16 2014 19 48 08 732 -3.50531108E+1 0.00000000E+0 1.00000000E+2 9.69721200E+5 0.00000000E+0 7.30326027E+1 4.67417829E-1 1.47655606E-1 3.29382407E-3 8.56369734E-2 2.17770500E-3 3.45505774E-1 3.20692007E-3
09 16 2014 19 48 18 741 -2.50379363E+1 0.00000000E+0 -1.00000000E+2 9.69730800E+5 0.00000000E+0 7.30643868E+1 4.34015791E-1 1.30879879E-1 2.38352691E-3 1.33937597E-1 2.49800394E-3 3.40473652E-1 3.39691985E-3
09 16 2014 19 48 22 746 -2.50379363E+1 0.00000000E+0 -5.00000000E+1 9.69735400E+5 0.00000000E+0 7.31685013E+1 4.25759382E-1 1.50330365E-1 2.68029878E-3 1.43118203E-1 1.92119063E-3 3.19093466E-1 2.98753480E-3
09 16 2014 19 48 27 750 -2.50379363E+1 0.00000000E+0 0.00000000E+0 9.69739900E+5 0.00000000E+0 7.31421709E+1 4.45709674E-1 1.70612335E-1 2.16506070E-3 1.34909153E-1 2.50596319E-3 3.09550762E-1 3.60587489E-3
09 16 2014 19 48 31 755 -2.50379363E+1 0.00000000E+0 5.00000000E+1 9.69744400E+5 0.00000000E+0 7.30267912E+1 4.39175332E-1 1.63272023E-1 2.29381101E-3 1.08689070E-1 2.05625946E-3 3.26707959E-1 3.17460254E-3
09 16 2014 19 48 36 759 -2.50379363E+1 0.00000000E+0 1.00000000E+2 9.69748900E+5 0.00000000E+0 7.30139017E+1 4.46161622E-1 1.49416924E-1 2.33678376E-3 9.53495502E-2 2.14202559E-3 3.39442492E-1 2.59982574E-3
09 16 2014 19 48 45 769 0.00000000E+0 0.00000000E+0 -1.00000000E+2 9.69758600E+5 0.00000000E+0 7.30561018E+1 4.42942645E-1 1.34253502E-1 2.50820067E-3 1.44112110E-1 2.17928145E-3 3.40902805E-1 3.84031575E-3
09 16 2014 19 48 50 774 0.00000000E+0 0.00000000E+0 -5.00000000E+1 9.69763100E+5 0.00000000E+0 7.31309503E+1 4.33064826E-1 1.50203705E-1 2.77461595E-3 1.58511102E-1 2.33671241E-3 3.29464674E-1 3.34961841E-3
09 16 2014 19 48 54 778 1.06221548E+0 0.00000000E+0 0.00000000E+0 9.69767700E+5 0.00000000E+0 7.31019378E+1 4.28418085E-1 1.66374445E-1 2.29996545E-3 1.56980753E-1 1.59198968E-3 3.20369005E-1 3.26478967E-3
09 16 2014 19 48 59 783 0.00000000E+0 0.00000000E+0 5.00000000E+1 9.69772200E+5 0.00000000E+0 7.30218291E+1 4.68914870E-1 1.62440538E-1 2.14795334E-3 1.31559372E-1 1.99077447E-3 3.23981047E-1 3.13253606E-3
09 16 2014 19 49 03 787 0.00000000E+0 0.00000000E+0 1.00000000E+2 9.69776700E+5 0.00000000E+0 7.30704069E+1 4.49639878E-1 1.51526928E-1 2.17893822E-3 1.18297338E-1 2.28463011E-3 3.43948603E-1 3.77010073E-3
09 16 2014 19 49 13 797 2.50379363E+1 0.00000000E+0 -1.00000000E+2 9.69786400E+5 0.00000000E+0 7.30760098E+1 4.37588503E-1 1.21790171E-1 2.62125650E-3 1.64705515E-1 2.27380094E-3 3.36402655E-1 3.68169447E-3
09 16 2014 19 49 18 801 2.50379363E+1 0.00000000E+0 -5.00000000E+1 9.69790900E+5 0.00000000E+0 7.31442869E+1 4.28955791E-1 1.46985054E-1 3.35315199E-3 1.78530812E-1 1.87269915E-3 3.39955091E-1 2.98658330E-3
09 16 2014 19 49 22 806 2.50379363E+1 0.00000000E+0 0.00000000E+0 9.69795400E+5 0.00000000E+0 7.30849504E+1 4.31589084E-1 1.70749426E-1 2.72725576E-3 1.78462267E-1 2.24806390E-3 3.26275826E-1 2.96727929E-3
09 16 2014 19 49 27 810 2.50379363E+1 0.00000000E+0 5.00000000E+1 9.69800000E+5 0.00000000E+0 7.30666518E+1 4.24823838E-1 1.54876709E-1 2.33780776E-3 1.48397684E-1 2.21143421E-3 3.14855576E-1 2.70393424E-3
09 16 2014 19 49 31 815 2.50379363E+1 0.00000000E+0 1.00000000E+2 9.69804500E+5 0.00000000E+0 7.30707645E+1 4.52575661E-1 1.39200687E-1 2.62149189E-3 1.35916471E-1 2.00346098E-3 3.39657068E-1 3.41951789E-3
09 16 2014 19 49 41 824 3.50531108E+1 0.00000000E+0 -1.00000000E+2 9.69814100E+5 0.00000000E+0 7.31562078E+1 4.47142562E-1 1.14597380E-1 2.20358568E-3 1.69344246E-1 2.16902768E-3 3.36281955E-1 3.24473255E-3
09 16 2014 19 49 45 829 3.50531108E+1 0.00000000E+0 -5.00000000E+1 9.69818600E+5 0.00000000E+0 7.31028318E+1 4.43407433E-1 1.44034624E-1 2.42520329E-3 1.87385082E-1 2.08383983E-3 3.48860025E-1 3.71969078E-3
09 16 2014 19 49 50 834 3.50531108E+1 0.00000000E+0 0.00000000E+0 9.69823100E+5 0.00000000E+0 7.30960369E+1 4.36552166E-1 1.66082382E-1 2.70088980E-3 1.94615126E-1 1.96585023E-3 3.28916311E-1 3.16871491E-3
09 16 2014 19 49 54 838 3.50531108E+1 0.00000000E+0 5.00000000E+1 9.69827600E+5 0.00000000E+0 7.30580091E+1 4.49071394E-1 1.51920319E-1 1.98663744E-3 1.63716078E-1 1.63281001E-3 3.15445662E-1 3.50408188E-3
09 16 2014 19 49 59 843 3.50531108E+1 0.00000000E+0 1.00000000E+2 9.69832200E+5 0.00000000E+0 7.31051564E+1 4.43655083E-1 1.29109621E-1 2.49020699E-3 1.49971247E-1 1.99192942E-3 3.33493948E-1 3.52582880E-3
09 16 2014 19 50 09 852 4.50682853E+1 0.00000000E+0 -1.00000000E+2 9.69841800E+5 0.00000000E+0 7.30949640E+1 4.20602209E-1 1.04850531E-1 2.00763786E-3 1.74117088E-1 2.23134156E-3 3.32528353E-1 3.46376438E-3
09 16 2014 19 50 13 857 4.50682853E+1 0.00000000E+0 -5.00000000E+1 9.69846300E+5 0.00000000E+0 7.30610490E+1 4.58365772E-1 1.40810013E-1 1.92125795E-3 1.93625689E-1 2.73891373E-3 3.54486704E-1 3.43401063E-3
09 16 2014 19 50 18 861 4.50682853E+1 0.00000000E+0 0.00000000E+0 9.69850800E+5 0.00000000E+0 7.30476379E+1 4.47204307E-1 1.68710947E-1 2.80688618E-3 1.99383497E-1 2.68752981E-3 3.33613157E-1 3.37362733E-3
09 16 2014 19 50 22 866 4.50682853E+1 0.00000000E+0 5.00000000E+1 9.69855300E+5 0.00000000E+0 7.31059313E+1 4.47643034E-1 1.47694349E-1 2.54663463E-3 1.69086456E-1 1.72681385E-3 3.06648016E-1 3.03069483E-3
09 16 2014 19 50 27 870 4.50682853E+1 0.00000000E+0 1.00000000E+2 9.69859800E+5 0.00000000E+0 7.31357932E+1 4.53967394E-1 1.18684769E-1 2.14973718E-3 1.51956081E-1 2.07311631E-3 3.24112177E-1 3.07114494E-3
09 16 2014 19 50 36 880 5.49317147E+1 0.00000000E+0 -1.00000000E+2 9.69869500E+5 0.00000000E+0 7.30570555E+1 4.32546227E-1 8.49962234E-2 2.07776516E-3 1.76942348E-1 1.60080951E-3 3.32999229E-1 3.35404409E-3
09 16 2014 19 50 41 884 5.49317147E+1 0.00000000E+0 -5.00000000E+1 9.69874000E+5 0.00000000E+0 7.30805397E+1 4.28292040E-1 1.27303600E-1 1.98305761E-3 1.98435783E-1 1.99002292E-3 3.63016129E-1 3.50649835E-3
09 16 2014 19 50 45 889 5.49317147E+1 0.00000000E+0 0.00000000E+0 9.69878500E+5 0.00000000E+0 7.31326938E+1 4.75538561E-1 1.64550543E-1 2.59832933E-3 2.06965208E-1 1.91606355E-3 3.41945887E-1 2.93342958E-3
09 16 2014 19 50 50 893 5.49317147E+1 0.00000000E+0 5.00000000E+1 9.69883000E+5 0.00000000E+0 7.30738044E+1 4.41845230E-1 1.32286549E-1 2.53740314E-3 1.73866749E-1 1.90283373E-3 3.00794840E-1 3.81624099E-3
09 16 2014 19 50 54 898 5.49317147E+1 0.00000000E+0 1.00000000E+2 9.69887500E+5 0.00000000E+0 7.30176568E+1 4.37444712E-1 1.00922585E-1 2.40119090E-3 1.55335665E-1 2.15358697E-3 3.28040123E-1 3.89513887E-3
09 16 2014 19 51 04 908 6.49468892E+1 0.00000000E+0 -1.00000000E+2 9.69897100E+5 0.00000000E+0 7.30537772E+1 4.37388319E-1 6.76214695E-2 2.57769461E-3 1.83439255E-1 2.24677430E-3 3.28886509E-1 3.42433196E-3
09 16 2014 19 51 08 912 6.49468892E+1 0.00000000E+0 -5.00000000E+1 9.69901700E+5 0.00000000E+0 7.31123090E+1 4.41427191E-1 1.16181374E-1 2.61929408E-3 2.05373764E-1 2.16920224E-3 3.78096104E-1 3.72604438E-3
09 16 2014 19 51 13 917 6.49468892E+1 0.00000000E+0 0.00000000E+0 9.69906200E+5 0.00000000E+0 7.30970502E+1 4.73975055E-1 1.63275003E-1 2.55420078E-3 2.19219923E-1 2.54545957E-3 3.46738100E-1 3.72286642E-3
09 16 2014 19 51 17 921 6.49468892E+1 0.00000000E+0 5.00000000E+1 9.69910700E+5 0.00000000E+0 7.30506778E+1 4.41622135E-1 1.22016668E-1 2.09478518E-3 1.81502104E-1 1.68697162E-3 2.89624929E-1 2.86793579E-3
09 16 2014 19 51 22 926 6.49468892E+1 0.00000000E+0 1.00000000E+2 9.69915200E+5 0.00000000E+0 7.30493665E+1 4.43811571E-1 7.83920288E-2 2.91960946E-3 1.56867504E-1 1.96487029E-3 3.19677591E-1 2.73902296E-3
09 16 2014 19 51 33 936 -6.49468892E+1 1.25567322E+1 -1.00000000E+2 9.69926000E+5 0.00000000E+0 7.30889440E+1 4.42090714E-1 8.85069370E-2 2.52806399E-3 1.20133162E-1 1.81156632E-3 3.40187550E-1 3.27225528E-3
09 16 2014 19 51 37 941 -6.49468892E+1 1.25567322E+1 -5.00000000E+1 9.69930500E+5 0.00000000E+0 7.31332600E+1 4.24940543E-1 1.24223530E-1 2.99386048E-3 1.30914152E-1 2.43382389E-3 2.92323530E-1 3.90434689E-3
09 16 2014 19 51 42 945 -6.49468892E+1 1.25567322E+1 0.00000000E+0 9.69935100E+5 0.00000000E+0 7.30556250E+1 4.72000257E-1 1.56050920E-1 2.45603267E-3 1.20502710E-1 1.54864654E-3 3.01563740E-1 3.42131645E-3
09 16 2014 19 51 46 950 -6.49468892E+1 1.25567322E+1 5.00000000E+1 9.69939600E+5 0.00000000E+0 7.30508566E+1 4.70636906E-1 1.33305788E-1 2.51923951E-3 8.99806619E-2 2.24342413E-3 3.43695283E-1 3.10276385E-3
09 16 2014 19 51 51 954 -6.49468892E+1 1.25567322E+1 1.00000000E+2 9.69944100E+5 0.00000000E+0 7.31374025E+1 4.54107749E-1 1.13636255E-1 3.18439630E-3 7.26580620E-2 2.29156819E-3 3.51041555E-1 3.21408719E-3
09 16 2014 19 52 00 964 -5.49317147E+1 1.25567322E+1 -1.00000000E+2 9.69953700E+5 0.00000000E+0 7.30605423E+1 4.34846529E-1 1.01014972E-1 1.94223361E-3 1.22547150E-1 2.50887649E-3 3.40208411E-1 3.00787976E-3
09 16 2014 19 52 05 969 -5.49317147E+1 1.25567322E+1 -5.00000000E+1 9.69958200E+5 0.00000000E+0 7.30962157E+1 4.46747633E-1 1.30760670E-1 2.34620689E-3 1.31350756E-1 2.79337046E-3 3.02660465E-1 3.48409416E-3
09 16 2014 19 52 09 973 -5.49317147E+1 1.25567322E+1 0.00000000E+0 9.69962700E+5 0.00000000E+0 7.30652213E+1 4.47486010E-1 1.56068802E-1 2.32979573E-3 1.21706724E-1 2.46636501E-3 3.06540728E-1 3.84797678E-3
09 16 2014 19 52 14 978 -5.49317147E+1 1.25567322E+1 5.00000000E+1 9.69967300E+5 0.00000000E+0 7.30792880E+1 4.37214000E-1 1.42711401E-1 2.93210343E-3 9.44852829E-2 2.85038938E-3 3.42607498E-1 3.59380343E-3
09 16 2014 19 52 19 982 -5.49317147E+1 1.25567322E+1 1.00000000E+2 9.69971800E+5 0.00000000E+0 7.31192231E+1 4.23085645E-1 1.21682882E-1 2.22209610E-3 8.09609890E-2 1.91762432E-3 3.47083807E-1 3.24295283E-3
09 16 2014 19 52 28 992 -4.50682853E+1 1.25567322E+1 -1.00000000E+2 9.69981400E+5 0.00000000E+0 7.30986595E+1 4.44755247E-1 1.08259916E-1 2.40985796E-3 1.26200914E-1 2.33994233E-3 3.36939096E-1 3.88087938E-3
09 16 2014 19 52 33 996 -4.50682853E+1 1.25567322E+1 -5.00000000E+1 9.69985900E+5 0.00000000E+0 7.30442405E+1 4.34136440E-1 1.32572651E-1 2.81274897E-3 1.37400627E-1 1.73416148E-3 3.09783220E-1 3.58698626E-3
09 16 2014 19 52 37 1001 -4.50682853E+1 1.25567322E+1 0.00000000E+0 9.69990400E+5 0.00000000E+0 7.30286837E+1 4.32484803E-1 1.54238939E-1 2.55800470E-3 1.27905607E-1 2.07721613E-3 3.11785936E-1 3.11592171E-3
09 16 2014 19 52 42 1005 -4.50682853E+1 1.25567322E+1 5.00000000E+1 9.69994900E+5 0.00000000E+0 7.31000304E+1 4.33951956E-1 1.42586231E-1 2.33950279E-3 1.02138519E-1 2.21526118E-3 3.37409973E-1 3.45769676E-3
09 16 2014 19 52 46 1010 -4.50682853E+1 1.25567322E+1 1.00000000E+2 9.69999500E+5 0.00000000E+0 7.30803609E+1 4.28539681E-1 1.25157833E-1 2.45159010E-3 8.62419605E-2 1.51949088E-3 3.45635414E-1 3.34421786E-3
09 16 2014 19 52 56 1019 -3.50531108E+1 1.25567322E+1 -1.00000000E+2 9.70009100E+5 0.00000000E+0 7.29878247E+1 4.40773749E-1 1.13800168E-1 3.35706990E-3 1.31525099E-1 1.67782928E-3 3.37041914E-1 3.17455591E-3
09 16 2014 19 53 00 1024 -3.50531108E+1 1.25567322E+1 -5.00000000E+1 9.70013600E+5 0.00000000E+0 7.30079412E+1 4.56732582E-1 1.34313107E-1 2.40389931E-3 1.41263008E-1 1.64591545E-3 3.08901072E-1 3.77565148E-3
09 16 2014 19 53 05 1029 -3.50531108E+1 1.25567322E+1 0.00000000E+0 9.70018100E+5 0.00000000E+0 7.31064677E+1 4.63670710E-1 1.54733658E-1 2.75012117E-3 1.32668018E-1 2.47527223E-3 3.17412615E-1 2.59343119E-3
09 16 2014 19 53 09 1033 -3.50531108E+1 1.25567322E+1 5.00000000E+1 9.70022600E+5 0.00000000E+0 7.31019378E+1 4.50790055E-1 1.48910284E-1 2.95623732E-3 1.09720230E-1 2.09582929E-3 3.36259604E-1 4.19527479E-3
09 16 2014 19 53 14 1038 -3.50531108E+1 1.25567322E+1 1.00000000E+2 9.70027100E+5 0.00000000E+0 7.30273724E+1 4.66937845E-1 1.37442350E-1 3.18805826E-3 9.57131386E-2 1.77992221E-3 3.42899561E-1 2.74889025E-3
09 16 2014 19 53 24 1047 -2.50379363E+1 1.25567322E+1 -1.00000000E+2 9.70036800E+5 0.00000000E+0 7.30798244E+1 4.37890113E-1 1.22565031E-1 2.54334309E-3 1.33949518E-1 1.88020597E-3 3.35896015E-1 3.14450516E-3
09 16 2014 19 53 28 1052 -2.50379363E+1 1.25567322E+1 -5.00000000E+1 9.70041300E+5 0.00000000E+0 7.31177926E+1 4.34341890E-1 1.40571594E-1 2.16575151E-3 1.42228603E-1 2.39667008E-3 3.15576792E-1 3.36328015E-3
09 16 2014 19 53 33 1056 -2.50379363E+1 1.25567322E+1 0.00000000E+0 9.70045800E+5 0.00000000E+0 7.31184483E+1 4.27027786E-1 1.55252218E-1 2.82028409E-3 1.36107206E-1 2.68847587E-3 3.15827131E-1 2.98644347E-3
09 16 2014 19 53 37 1061 -2.50379363E+1 1.25567322E+1 5.00000000E+1 9.70050300E+5 0.00000000E+0 7.30375648E+1 4.38682560E-1 1.51199102E-1 2.66595848E-3 1.09791756E-1 3.22271485E-3 3.28803062E-1 3.28855744E-3
09 16 2014 19 53 42 1065 -2.50379363E+1 1.25567322E+1 1.00000000E+2 9.70054800E+5 0.00000000E+0 7.30421543E+1 4.32187192E-1 1.38443708E-1 3.08111381E-3 9.67621803E-2 2.73678972E-3 3.37016582E-1 3.19331498E-3
09 16 2014 19 53 51 1075 0.00000000E+0 1.25567322E+1 -1.00000000E+2 9.70064500E+5 0.00000000E+0 7.30869174E+1 4.34530340E-1 1.28537416E-1 2.84052578E-3 1.43402815E-1 2.74180684E-3 3.26907635E-1 3.25092877E-3
09 16 2014 19 53 56 1079 0.00000000E+0 1.25567322E+1 -5.00000000E+1 9.70069100E+5 0.00000000E+0 7.30474591E+1 4.60057194E-1 1.43694878E-1 1.92234767E-3 1.54995918E-1 2.01808854E-3 3.25703621E-1 3.48080812E-3
09 16 2014 19 54 00 1084 0.00000000E+0 1.25567322E+1 0.00000000E+0 9.70073600E+5 0.00000000E+0 7.30649829E+1 4.55883650E-1 1.57248974E-1 3.06129631E-3 1.50704384E-1 2.00470190E-3 3.20965052E-1 3.33033943E-3
09 16 2014 19 54 05 1089 0.00000000E+0 1.25567322E+1 5.00000000E+1 9.70078100E+5 0.00000000E+0 7.30833411E+1 4.31411585E-1 1.51997805E-1 2.95198379E-3 1.25676394E-1 2.08705869E-3 3.22467089E-1 2.79503005E-3
09 16 2014 19 54 09 1093 0.00000000E+0 1.25567322E+1 1.00000000E+2 9.70082600E+5 0.00000000E+0 7.31025338E+1 4.15547683E-1 1.43545866E-1 2.21818819E-3 1.13236904E-1 1.92332012E-3 3.31848860E-1 3.72840726E-3
09 16 2014 19 54 19 1103 2.50379363E+1 1.25567322E+1 -1.00000000E+2 9.70092300E+5 0.00000000E+0 7.31000304E+1 4.49688277E-1 1.20067596E-1 1.94524462E-3 1.55335665E-1 2.02581042E-3 3.25137377E-1 3.47368308E-3
09 16 2014 19 54 24 1107 2.50379363E+1 1.25567322E+1 -5.00000000E+1 9.70096800E+5 0.00000000E+0 7.30546117E+1 4.56245431E-1 1.39188766E-1 2.75430627E-3 1.71679258E-1 2.93235851E-3 3.40884924E-1 3.42576776E-3
09 16 2014 19 54 28 1112 2.50379363E+1 1.25567322E+1 0.00000000E+0 9.70101400E+5 0.00000000E+0 7.30849504E+1 4.02779780E-1 1.62380934E-1 2.62097115E-3 1.71220303E-1 2.64506668E-3 3.28910351E-1 3.77605260E-3
09 16 2014 19 54 33 1116 2.50379363E+1 1.25567322E+1 5.00000000E+1 9.70105900E+5 0.00000000E+0 7.31269121E+1 4.57188521E-1 1.48510933E-1 1.94216621E-3 1.45053864E-1 1.68125364E-3 3.16917896E-1 3.10510724E-3
09 16 2014 19 54 37 1121 2.50379363E+1 1.25567322E+1 1.00000000E+2 9.70110400E+5 0.00000000E+0 7.30715692E+1 4.60554282E-1 1.31845474E-1 2.65313212E-3 1.35697424E-1 1.85992917E-3 3.30097973E-1 3.51225142E-3
09 16 2014 19 54 47 1130 3.50531108E+1 1.25567322E+1 -1.00000000E+2 9.70120000E+5 0.00000000E+0 7.31139779E+1 4.31660403E-1 1.07896328E-1 2.98760156E-3 1.62464380E-1 1.79222335E-3 3.27217579E-1 3.31535406E-3
09 16 2014 19 54 51 1135 3.50531108E+1 1.25567322E+1 -5.00000000E+1 9.70124500E+5 0.00000000E+0 7.31284022E+1 4.34142642E-1 1.32048130E-1 2.37856378E-3 1.80506706E-1 2.27259177E-3 3.43853235E-1 3.66275271E-3
09 16 2014 19 54 56 1139 3.50531108E+1 1.25567322E+1 0.00000000E+0 9.70129100E+5 0.00000000E+0 7.30647445E+1 4.43605820E-1 1.58196688E-1 1.91770233E-3 1.81251764E-1 2.59838690E-3 3.33148241E-1 3.30798572E-3
09 16 2014 19 55 00 1144 3.50531108E+1 1.25567322E+1 5.00000000E+1 9.70133600E+5 0.00000000E+0 7.30618834E+1 4.50156734E-1 1.39319897E-1 2.20256365E-3 1.54310465E-1 2.06566181E-3 3.15278769E-1 3.53544646E-3
09 16 2014 19 55 05 1148 3.50531108E+1 1.25567322E+1 1.00000000E+2 9.70138100E+5 0.00000000E+0 7.30869770E+1 4.47156471E-1 1.18166208E-1 2.57972492E-3 1.42395496E-1 2.11150863E-3 3.29178572E-1 3.41479013E-3
09 16 2014 19 55 14 1158 4.50682853E+1 1.25567322E+1 -1.00000000E+2 9.70147700E+5 0.00000000E+0 7.31368065E+1 4.43793627E-1 9.50098038E-2 2.25455059E-3 1.67411566E-1 2.23899607E-3 3.25804949E-1 3.91732586E-3
09 16 2014 19 55 19 1163 4.50682853E+1 1.25567322E+1 -5.00000000E+1 9.70152200E+5 0.00000000E+0 7.30350018E+1 4.34109585E-1 1.23816729E-1 2.58129007E-3 1.82795525E-1 2.35177904E-3 3.50904465E-1 3.03713533E-3
09 16 2014 19 55 23 1167 4.50682853E+1 1.25567322E+1 0.00000000E+0 9.70156700E+5 0.00000000E+0 7.30710030E+1 4.25550607E-1 1.59376860E-1 2.35402804E-3 1.88815594E-1 2.18202536E-3 3.40104103E-1 4.04960817E-3
09 16 2014 19 55 28 1172 4.50682853E+1 1.25567322E+1 5.00000000E+1 9.70161300E+5 0.00000000E+0 7.31356144E+1 4.69562828E-1 1.33389235E-1 2.79930832E-3 1.62589550E-1 1.76980845E-3 3.12316418E-1 2.77176609E-3
09 16 2014 19 55 33 1176 4.50682853E+1 1.25567322E+1 1.00000000E+2 9.70165800E+5 0.00000000E+0 7.30547309E+1 4.65025339E-1 1.08622015E-1 2.20680781E-3 1.47141516E-1 2.10237730E-3 3.26469541E-1 3.31475429E-3
09 16 2014 19 55 42 1186 5.49317147E+1 1.25567322E+1 -1.00000000E+2 9.70175400E+5 0.00000000E+0 7.31301904E+1 4.30672845E-1 8.46982002E-2 2.93878546E-3 1.70266628E-1 2.29176402E-3 3.27551365E-1 3.15684945E-3
09 16 2014 19 55 47 1190 5.49317147E+1 1.25567322E+1 -5.00000000E+1 9.70179900E+5 0.00000000E+0 7.30392933E+1 4.56039865E-1 1.13278627E-1 2.40693874E-3 1.90562010E-1 1.57792710E-3 3.59779596E-1 3.92686081E-3
09 16 2014 19 55 51 1195 5.49317147E+1 1.25567322E+1 0.00000000E+0 9.70184400E+5 0.00000000E+0 7.31255412E+1 4.50698293E-1 1.56664848E-1 2.66745200E-3 1.98042393E-1 2.48829150E-3 3.45838070E-1 3.87633324E-3
09 16 2014 19 55 56 1199 5.49317147E+1 1.25567322E+1 5.00000000E+1 9.70188900E+5 0.00000000E+0 7.30869174E+1 4.32518002E-1 1.28990412E-1 3.23671968E-3 1.68108940E-1 2.36611040E-3 3.03483009E-1 3.13008179E-3
09 16 2014 19 56 00 1204 5.49317147E+1 1.25567322E+1 1.00000000E+2 9.70193500E+5 0.00000000E+0 7.30993748E+1 4.14550847E-1 9.02950764E-2 2.44565667E-3 1.49750710E-1 1.58696649E-3 3.19898129E-1 3.14816601E-3
09 16 2014 19 56 10 1213 6.49468892E+1 1.25567322E+1 -1.00000000E+2 9.70203100E+5 0.00000000E+0 7.31384158E+1 4.54243705E-1 6.37054443E-2 2.53070311E-3 1.68079138E-1 2.41642877E-3 3.18878889E-1 3.95059752E-3
09 16 2014 19 56 14 1218 6.49468892E+1 1.25567322E+1 -5.00000000E+1 9.70207600E+5 0.00000000E+0 7.30782747E+1 4.49646133E-1 1.04451180E-1 2.81692068E-3 1.91181898E-1 1.74682772E-3 3.66866589E-1 3.18219357E-3
09 16 2014 19 56 19 1223 6.49468892E+1 1.25567322E+1 0.00000000E+0 9.70212100E+5 0.00000000E+0 7.31275082E+1 4.34803027E-1 1.58387423E-1 2.02610576E-3 2.04503536E-1 1.91419871E-3 3.49551439E-1 3.14706702E-3
09 16 2014 19 56 23 1227 6.49468892E+1 1.25567322E+1 5.00000000E+1 9.70216600E+5 0.00000000E+0 7.31294751E+1 4.48133052E-1 1.22994184E-1 2.12962896E-3 1.71858072E-1 1.65690982E-3 2.91126966E-1 4.27936532E-3
09 16 2014 19 56 28 1232 6.49468892E+1 1.25567322E+1 1.00000000E+2 9.70221100E+5 0.00000000E+0 7.31357187E+1 4.71013331E-1 7.42748380E-2 2.51282654E-3 1.56670809E-1 2.03774673E-3 3.09258699E-1 3.19145629E-3
09 16 2014 19 56 39 1242 -6.49468892E+1 2.49621785E+1 -1.00000000E+2 9.70232000E+5 0.00000000E+0 7.31182694E+1 4.34990120E-1 9.37402248E-2 2.99869016E-3 1.30474567E-1 2.54076125E-3 3.33923101E-1 3.03981228E-3
09 16 2014 19 56 43 1247 -6.49468892E+1 2.49621785E+1 -5.00000000E+1 9.70236500E+5 0.00000000E+0 7.31250644E+1 4.41255586E-1 1.24210119E-1 3.22189665E-3 1.40047073E-1 1.71123745E-3 2.90280581E-1 2.30782178E-3
09 16 2014 19 56 48 1251 -6.49468892E+1 2.49621785E+1 0.00000000E+0 9.70241000E+5 0.00000000E+0 7.31450319E+1 4.37425087E-1 1.55073404E-1 2.00121979E-3 1.35666132E-1 2.05695348E-3 3.06487083E-1 3.42653728E-3
09 16 2014 19 56 52 1256 -6.49468892E+1 2.49621785E+1 5.00000000E+1 9.70245500E+5 0.00000000E+0 7.31279254E+1 4.37506602E-1 1.30248070E-1 2.07214197E-3 1.07896328E-1 1.84633682E-3 3.50564718E-1 2.82865200E-3
09 16 2014 19 56 57 1260 -6.49468892E+1 2.49621785E+1 1.00000000E+2 9.70250000E+5 0.00000000E+0 7.31402040E+1 4.48211322E-1 1.09332800E-1 3.14549805E-3 8.77678394E-2 2.31668480E-3 3.42977047E-1 2.68179768E-3
09 16 2014 19 57 06 1270 -5.49317147E+1 2.49621785E+1 -1.00000000E+2 9.70259600E+5 0.00000000E+0 7.31126666E+1 4.19175542E-1 1.01572275E-1 2.49830334E-3 1.31267309E-1 2.17150256E-3 3.32385302E-1 3.52782227E-3
09 16 2014 19 57 11 1275 -5.49317147E+1 2.49621785E+1 -5.00000000E+1 9.70264200E+5 0.00000000E+0 7.31397867E+1 4.23619831E-1 1.29443407E-1 2.79122760E-3 1.41787529E-1 1.97227911E-3 2.94119120E-1 2.92663949E-3
09 16 2014 19 57 15 1279 -5.49317147E+1 2.49621785E+1 0.00000000E+0 9.70268700E+5 0.00000000E+0 7.31368065E+1 4.44404813E-1 1.53952837E-1 2.44871300E-3 1.36601925E-1 1.96487029E-3 3.03173065E-1 3.38825565E-3
09 16 2014 19 57 20 1284 -5.49317147E+1 2.49621785E+1 5.00000000E+1 9.70273200E+5 0.00000000E+0 7.31553435E+1 4.36121897E-1 1.36971474E-1 2.52762756E-3 1.08480453E-1 1.82355148E-3 3.37255001E-1 3.26557422E-3
09 16 2014 19 57 24 1288 -5.49317147E+1 2.49621785E+1 1.00000000E+2 9.70277700E+5 0.00000000E+0 7.30941296E+1 4.52763030E-1 1.20043755E-1 2.17931577E-3 8.96573067E-2 2.33310002E-3 3.38643789E-1 3.22407805E-3
09 16 2014 19 57 34 1298 -4.50682853E+1 2.49621785E+1 -1.00000000E+2 9.70287300E+5 0.00000000E+0 7.31235743E+1 4.57468903E-1 1.15138292E-1 2.82001888E-3 1.32179260E-1 2.40467702E-3 3.25334072E-1 2.74900589E-3
09 16 2014 19 57 39 1302 -4.50682853E+1 2.49621785E+1 -5.00000000E+1 9.70291800E+5 0.00000000E+0 7.30804205E+1 4.63691490E-1 1.33860111E-1 2.78092559E-3 1.41280890E-1 2.04301616E-3 3.05366516E-1 2.91345470E-3
09 16 2014 19 57 43 1307 -4.50682853E+1 2.49621785E+1 0.00000000E+0 9.70296400E+5 0.00000000E+0 7.30915666E+1 4.70733363E-1 1.56217813E-1 2.60528608E-3 1.34456158E-1 1.59837808E-3 3.11422348E-1 3.22582327E-3
09 16 2014 19 57 48 1311 -4.50682853E+1 2.49621785E+1 5.00000000E+1 9.70300900E+5 0.00000000E+0 7.31291175E+1 4.61563752E-1 1.38628483E-1 2.56023322E-3 1.11782551E-1 1.73014576E-3 3.35508585E-1 3.07751902E-3
09 16 2014 19 57 52 1316 -4.50682853E+1 2.49621785E+1 1.00000000E+2 9.70305400E+5 0.00000000E+0 7.31430054E+1 4.36596743E-1 1.22702122E-1 2.80667966E-3 9.83059406E-2 2.51376334E-3 3.36217880E-1 3.31839825E-3
09 16 2014 19 58 02 1325 -3.50531108E+1 2.49621785E+1 -1.00000000E+2 9.70315000E+5 0.00000000E+0 7.30800033E+1 4.27951034E-1 1.16336346E-1 2.98008165E-3 1.35928392E-1 1.64085222E-3 3.25596333E-1 3.56645657E-3
09 16 2014 19 58 06 1330 -3.50531108E+1 2.49621785E+1 -5.00000000E+1 9.70319500E+5 0.00000000E+0 7.31174946E+1 4.16960197E-1 1.33460760E-1 2.59925030E-3 1.46645308E-1 2.91008331E-3 3.06749344E-1 3.20610124E-3
09 16 2014 19 58 11 1334 -3.50531108E+1 2.49621785E+1 0.00000000E+0 9.70324000E+5 0.00000000E+0 7.31149912E+1 4.51148265E-1 1.51920319E-1 2.30033127E-3 1.40017271E-1 1.88980813E-3 3.13365459E-1 3.42066055E-3
09 16 2014 19 58 15 1339 -3.50531108E+1 2.49621785E+1 5.00000000E+1 9.70328600E+5 0.00000000E+0 7.31231570E+1 4.55455899E-1 1.42514706E-1 2.88302864E-3 1.16127729E-1 2.15351750E-3 3.33875418E-1 3.47290786E-3
09 16 2014 19 58 20 1343 -3.50531108E+1 2.49621785E+1 1.00000000E+2 9.70333100E+5 0.00000000E+0 7.30674863E+1 4.40541673E-1 1.30391121E-1 2.40125319E-3 9.95635986E-2 2.29160083E-3 3.36021185E-1 3.23473179E-3
09 16 2014 19 58 29 1353 -2.50379363E+1 2.49621785E+1 -1.00000000E+2 9.70342700E+5 0.00000000E+0 7.30951428E+1 4.13424509E-1 1.22177601E-1 2.94168540E-3 1.34915113E-1 2.57769461E-3 3.29548120E-1 2.47605018E-3
09 16 2014 19 58 34 1358 -2.50379363E+1 2.49621785E+1 -5.00000000E+1 9.70347200E+5 0.00000000E+0 7.30769038E+1 4.18718152E-1 1.38431787E-1 2.64075803E-3 1.45894289E-1 1.90824053E-3 3.12530994E-1 3.18491885E-3
09 16 2014 19 58 38 1362 -2.50379363E+1 2.49621785E+1 0.00000000E+0 9.70351700E+5 0.00000000E+0 7.30978251E+1 4.43883193E-1 1.51318312E-1 2.48924567E-3 1.40923262E-1 2.00458064E-3 3.17287445E-1 3.46374819E-3
09 16 2014 19 58 43 1367 -2.50379363E+1 2.49621785E+1 5.00000000E+1 9.70356200E+5 0.00000000E+0 7.30277896E+1 4.49469741E-1 1.45894289E-1 2.11708908E-3 1.19131804E-1 2.17769355E-3 3.29905748E-1 2.70085518E-3
09 16 2014 19 58 48 1371 -2.50379363E+1 2.49621785E+1 1.00000000E+2 9.70360800E+5 0.00000000E+0 7.30407983E+1 4.54942481E-1 1.36286020E-1 2.21720733E-3 1.04099512E-1 2.37482937E-3 3.32623720E-1 2.52074331E-3
09 16 2014 19 58 57 1381 0.00000000E+0 2.49621785E+1 -1.00000000E+2 9.70370500E+5 0.00000000E+0 7.30685592E+1 4.33324542E-1 1.26957893E-1 2.63597421E-3 1.43587589E-1 1.82908020E-3 3.27759981E-1 3.57888675E-3
09 16 2014 19 59 02 1385 0.00000000E+0 2.49621785E+1 -5.00000000E+1 9.70375000E+5 0.00000000E+0 7.30794668E+1 4.14225040E-1 1.37162209E-1 2.15251875E-3 1.52182579E-1 2.38713283E-3 3.23843956E-1 3.57154902E-3
09 16 2014 19 59 06 1390 0.00000000E+0 2.49621785E+1 0.00000000E+0 9.70379500E+5 0.00000000E+0 7.30516315E+1 4.13693801E-1 1.51199102E-1 2.57374543E-3 1.48159266E-1 1.72459262E-3 3.24523449E-1 3.78815537E-3
09 16 2014 19 59 11 1394 0.00000000E+0 2.49621785E+1 5.00000000E+1 9.70384000E+5 0.00000000E+0 7.30140805E+1 4.47242049E-1 1.48826838E-1 2.63781080E-3 1.27726793E-1 2.60700803E-3 3.26460600E-1 3.77041813E-3
09 16 2014 19 59 15 1399 0.00000000E+0 2.49621785E+1 1.00000000E+2 9.70388500E+5 0.00000000E+0 7.30846822E+1 4.85530890E-1 1.33723021E-1 3.02660155E-3 1.14023685E-1 2.26393056E-3 3.28056514E-1 2.97449474E-3
09 16 2014 19 59 25 1409 2.50379363E+1 2.49621785E+1 -1.00000000E+2 9.70398300E+5 0.00000000E+0 7.31046200E+1 4.41250081E-1 1.12408400E-1 1.91027760E-3 1.48206949E-1 1.80411937E-3 3.27026844E-1 3.22807153E-3
09 16 2014 19 59 30 1413 2.50379363E+1 2.49621785E+1 -5.00000000E+1 9.70402800E+5 0.00000000E+0 7.30466247E+1 4.12373007E-1 1.32018328E-1 2.88535607E-3 1.62667036E-1 2.08799024E-3 3.34113836E-1 2.86673589E-3
09 16 2014 19 59 34 1418 2.50379363E+1 2.49621785E+1 0.00000000E+0 9.70407300E+5 0.00000000E+0 7.29879737E+1 3.97949940E-1 1.53034925E-1 2.99861326E-3 1.64374709E-1 1.54566540E-3 3.32541764E-1 3.47278267E-3
09 16 2014 19 59 39 1422 2.50379363E+1 2.49621785E+1 5.00000000E+1 9.70411800E+5 0.00000000E+0 7.30144382E+1 4.59137268E-1 1.42830610E-1 2.77078773E-3 1.37013197E-1 1.86342361E-3 3.18193436E-1 3.15198872E-3
09 16 2014 19 59 43 1427 2.50379363E+1 2.49621785E+1 1.00000000E+2 9.70416300E+5 0.00000000E+0 7.31100142E+1 4.33234370E-1 1.21824443E-1 3.05308272E-3 1.25475228E-1 1.75793288E-3 3.25933099E-1 3.06559539E-3
09 16 2014 19 59 53 1436 3.50531108E+1 2.49621785E+1 -1.00000000E+2 9.70425900E+5 0.00000000E+0 7.31006265E+1 4.31704135E-1 1.06626749E-1 2.73880450E-3 1.49184465E-1 2.06529970E-3 3.23951244E-1 3.59785947E-3
09 16 2014 19 59 57 1441 3.50531108E+1 2.49621785E+1 -5.00000000E+1 9.70430500E+5 0.00000000E+0 7.30115920E+1 4.63268418E-1 1.25415623E-1 2.15830002E-3 1.64367259E-1 2.18176612E-3 3.42331827E-1 3.93756993E-3
09 16 2014 20 00 02 1445 3.50531108E+1 2.49621785E+1 0.00000000E+0 9.70435000E+5 0.00000000E+0 7.30260611E+1 4.49432602E-1 1.54703856E-1 2.05273121E-3 1.67804956E-1 2.33097523E-3 3.40580940E-1 3.10763539E-3
09 16 2014 20 00 06 1450 3.50531108E+1 2.49621785E+1 5.00000000E+1 9.70439500E+5 0.00000000E+0 7.30176270E+1 4.33640047E-1 1.42619014E-1 2.05043443E-3 1.45182014E-1 1.76003678E-3 3.18624079E-1 2.87562813E-3
09 16 2014 20 00 11 1454 3.50531108E+1 2.49621785E+1 1.00000000E+2 9.70444000E+5 0.00000000E+0 7.30355978E+1 4.19008823E-1 1.14631653E-1 2.86530709E-3 1.36739016E-1 1.66240785E-3 3.19337845E-1 2.84965457E-3
09 16 2014 20 00 20 1464 4.50682853E+1 2.49621785E+1 -1.00000000E+2 9.70453600E+5 0.00000000E+0 7.31722265E+1 4.35189719E-1 9.52780247E-2 3.20803694E-3 1.48400664E-1 2.32254249E-3 3.19674611E-1 3.04699659E-3
09 16 2014 20 00 25 1469 4.50682853E+1 2.49621785E+1 -5.00000000E+1 9.70458100E+5 0.00000000E+0 7.30913281E+1 4.50227608E-1 1.19221210E-1 2.50978062E-3 1.71732903E-1 2.22597194E-3 3.47810984E-1 2.86266291E-3
09 16 2014 20 00 29 1473 4.50682853E+1 2.49621785E+1 0.00000000E+0 9.70462700E+5 0.00000000E+0 7.30616599E+1 4.34374392E-1 1.50807202E-1 2.45523631E-3 1.78560615E-1 2.49405853E-3 3.45550478E-1 2.97584807E-3
09 16 2014 20 00 34 1478 4.50682853E+1 2.49621785E+1 5.00000000E+1 9.70467200E+5 0.00000000E+0 7.30097890E+1 4.10945658E-1 1.32930279E-1 2.38948159E-3 1.48987770E-1 1.72343211E-3 3.17269564E-1 3.11856102E-3
09 16 2014 20 00 38 1482 4.50682853E+1 2.49621785E+1 1.00000000E+2 9.70471700E+5 0.00000000E+0 7.30136782E+1 4.39721412E-1 9.98601317E-2 2.20186528E-3 1.37910247E-1 1.55969916E-3 3.21075320E-1 3.22170319E-3
09 16 2014 20 00 48 1492 5.49317147E+1 2.49621785E+1 -1.00000000E+2 9.70481300E+5 0.00000000E+0 7.29967952E+1 4.43714051E-1 7.99655914E-2 3.00699067E-3 1.57207251E-1 2.03957195E-3 3.15308571E-1 3.45609568E-3
09 16 2014 20 00 53 1496 5.49317147E+1 2.49621785E+1 -5.00000000E+1 9.70485800E+5 0.00000000E+0 7.30587542E+1 4.63966042E-1 1.04449689E-1 2.49342931E-3 1.81630254E-1 2.08525411E-3 3.52390110E-1 3.05990184E-3
09 16 2014 20 00 57 1501 5.49317147E+1 2.49621785E+1 0.00000000E+0 9.70490300E+5 0.00000000E+0 7.30305314E+1 4.58288747E-1 1.49208307E-1 2.88063442E-3 1.85549259E-1 2.64546253E-3 3.47799063E-1 2.93393948E-3
09 16 2014 20 01 02 1505 5.49317147E+1 2.49621785E+1 5.00000000E+1 9.70494900E+5 0.00000000E+0 7.30703771E+1 4.32658863E-1 1.24223530E-1 3.09469053E-3 1.55620277E-1 2.11417319E-3 3.07545066E-1 3.13072888E-3
09 16 2014 20 01 06 1510 5.49317147E+1 2.49621785E+1 1.00000000E+2 9.70499400E+5 0.00000000E+0 7.30017424E+1 4.35445985E-1 8.53240490E-2 2.26675074E-3 1.43551826E-1 2.14144064E-3 3.20398808E-1 2.92286111E-3
09 16 2014 20 01 16 1519 6.49468892E+1 2.49621785E+1 -1.00000000E+2 9.70509000E+5 0.00000000E+0 7.30025023E+1 4.34874327E-1 6.56843185E-2 2.93199927E-3 1.59099698E-1 2.45732151E-3 3.18318605E-1 3.24269720E-3
09 16 2014 20 01 20 1524 6.49468892E+1 2.49621785E+1 -5.00000000E+1 9.70513500E+5 0.00000000E+0 7.30459094E+1 4.43989229E-1 9.92238522E-2 3.03143510E-3 1.85263157E-1 2.11200448E-3 3.69900465E-1 3.60117890E-3
09 16 2014 20 01 25 1528 6.49468892E+1 2.49621785E+1 0.00000000E+0 9.70518000E+5 0.00000000E+0 7.30855763E+1 4.56873263E-1 1.53735280E-1 2.33190556E-3 1.92277133E-1 1.91946391E-3 3.64877284E-1 3.20411235E-3
09 16 2014 20 01 29 1533 6.49468892E+1 2.49621785E+1 5.00000000E+1 9.70522500E+5 0.00000000E+0 7.29901791E+1 4.49409519E-1 1.22934580E-1 2.17892964E-3 1.56801939E-1 1.71981540E-3 3.09848785E-1 3.23882759E-3
09 16 2014 20 01 34 1537 6.49468892E+1 2.49621785E+1 1.00000000E+2 9.70527100E+5 0.00000000E+0 7.29689598E+1 4.40356768E-1 6.71625137E-2 2.50097387E-3 1.42413378E-1 1.57403549E-3 3.12685966E-1 3.29069465E-3
