Month Day Year Hour Minute Second Time_s x y z Current CurrentError 1Axis 1AxisError Bx BxError By ByError Bz BzError
09 15 2014 11 48 25 19 -6.49468892E+1 -2.49621785E+1 -1.00000000E+2 8.54538700E+5 0.00000000E+0 2.95628309E+1 4.82718360E-1 -6.82353973E-2 2.92626251E-3 3.65352631E-1 3.27579621E-3 5.91850281E-1 3.51353023E-3
09 15 2014 11 48 30 23 -6.49468892E+1 -2.49621785E+1 -5.00000000E+1 8.54543200E+5 0.00000000E+0 2.95129418E+1 4.61339363E-1 -2.25186348E-2 3.47032791E-3 3.86363268E-1 2.72346853E-3 5.45847416E-1 3.22987827E-3
09 15 2014 11 48 34 28 -6.49468892E+1 -2.49621785E+1 0.00000000E+0 8.54547800E+5 0.00000000E+0 2.95520574E+1 4.58699722E-1 1.87531114E-2 3.03229904E-3 3.75062227E-1 3.04967715E-3 5.40412962E-1 3.66413464E-3
09 15 2014 11 48 39 32 -6.49468892E+1 -2.49621785E+1 5.00000000E+1 8.54552300E+5 0.00000000E+0 2.95295119E+1 4.60985701E-1 1.06573105E-2 3.04697000E-3 3.57365608E-1 2.91684143E-3 5.84262609E-1 4.16708291E-3
09 15 2014 11 48 44 37 -6.49468892E+1 -2.49621785E+1 1.00000000E+2 8.54556800E+5 0.00000000E+0 2.94842571E+1 4.06063126E-1 -5.68479300E-3 3.54694382E-3 3.57992947E-1 2.69791412E-3 5.94399869E-1 3.22650573E-3
09 15 2014 11 48 53 47 -5.49317147E+1 -2.49621785E+1 -1.00000000E+2 8.54566400E+5 0.00000000E+0 2.95180082E+1 4.45563421E-1 -7.11083412E-2 2.63327727E-3 3.67987156E-1 2.63679693E-3 6.09457493E-1 3.85264374E-3
09 15 2014 11 48 58 51 -5.49317147E+1 -2.49621785E+1 -5.00000000E+1 8.54570900E+5 0.00000000E+0 2.94566900E+1 4.67003812E-1 -2.96458602E-2 3.55628005E-3 3.86722386E-1 2.33823230E-3 5.60387969E-1 4.97601813E-3
09 15 2014 11 49 02 56 -5.49317147E+1 -2.49621785E+1 0.00000000E+0 8.54575400E+5 0.00000000E+0 2.95053124E+1 4.33766531E-1 4.35709953E-3 2.38558922E-3 3.76951694E-1 3.06154063E-3 5.51378727E-1 2.98389411E-3
09 15 2014 11 49 07 60 -5.49317147E+1 -2.49621785E+1 5.00000000E+1 8.54580000E+5 0.00000000E+0 2.94611603E+1 4.68261660E-1 5.44637442E-3 2.87018697E-3 3.55139375E-1 2.81188242E-3 5.79535961E-1 3.37511794E-3
09 15 2014 11 49 11 65 -5.49317147E+1 -2.49621785E+1 1.00000000E+2 8.54584500E+5 0.00000000E+0 2.94767022E+1 4.56646400E-1 -1.15036964E-3 2.49884216E-3 3.58808041E-1 2.86387105E-3 5.90300560E-1 3.19324472E-3
09 15 2014 11 49 21 74 -4.50682853E+1 -2.49621785E+1 -1.00000000E+2 8.54594100E+5 0.00000000E+0 2.94830203E+1 4.66227817E-1 -6.67035580E-2 2.80891059E-3 3.61084938E-1 2.76774252E-3 6.05732203E-1 4.26283433E-3
09 15 2014 11 49 25 79 -4.50682853E+1 -2.49621785E+1 -5.00000000E+1 8.54598600E+5 0.00000000E+0 2.95539498E+1 4.57759959E-1 -2.59518623E-2 2.33572728E-3 3.84396315E-1 2.16950392E-3 5.79512119E-1 3.89849775E-3
09 15 2014 11 49 30 83 -4.50682853E+1 -2.49621785E+1 0.00000000E+0 8.54603100E+5 0.00000000E+0 2.96053290E+1 4.28972272E-1 2.23517418E-3 3.33089897E-3 3.75859439E-1 3.36203132E-3 5.68933785E-1 4.13708765E-3
09 15 2014 11 49 34 88 -4.50682853E+1 -2.49621785E+1 5.00000000E+1 8.54607600E+5 0.00000000E+0 2.95766592E+1 4.75320805E-1 6.76512718E-3 2.77445646E-3 3.59624624E-1 2.56256195E-3 5.74183464E-1 3.06727634E-3
09 15 2014 11 49 39 92 -4.50682853E+1 -2.49621785E+1 1.00000000E+2 8.54612200E+5 0.00000000E+0 2.95525044E+1 4.83250007E-1 5.67734241E-3 2.98194042E-3 3.67522240E-1 2.89492914E-3 5.89251518E-1 5.53196185E-3
09 15 2014 11 49 49 102 -3.50531108E+1 -2.49621785E+1 -1.00000000E+2 8.54621800E+5 0.00000000E+0 2.94892788E+1 4.50055956E-1 -6.06000423E-2 2.86736199E-3 3.65251303E-1 2.43677165E-3 6.07264042E-1 4.21998758E-3
09 15 2014 11 49 53 106 -3.50531108E+1 -2.49621785E+1 -5.00000000E+1 8.54626300E+5 0.00000000E+0 2.94699520E+1 4.20364527E-1 -2.53170729E-2 2.32824624E-3 3.87407839E-1 2.88975998E-3 5.78194857E-1 2.85621743E-3
09 15 2014 11 49 58 111 -3.50531108E+1 -2.49621785E+1 0.00000000E+0 8.54630800E+5 0.00000000E+0 2.95202136E+1 4.24558505E-1 2.89678574E-3 2.94910032E-3 3.80551815E-1 2.53710836E-3 5.62816858E-1 3.60105428E-3
09 15 2014 11 50 02 116 -3.50531108E+1 -2.49621785E+1 5.00000000E+1 8.54635300E+5 0.00000000E+0 2.94754654E+1 5.01000630E-1 9.61124897E-4 2.08597807E-3 3.65026295E-1 3.13574630E-3 5.72711229E-1 2.81882290E-3
09 15 2014 11 50 07 120 -3.50531108E+1 -2.49621785E+1 1.00000000E+2 8.54639800E+5 0.00000000E+0 2.95132399E+1 4.30917478E-1 -1.06096268E-3 2.69903377E-3 3.66723537E-1 2.95669901E-3 5.75894117E-1 3.51392935E-3
09 15 2014 11 50 16 130 -2.50379363E+1 -2.49621785E+1 -1.00000000E+2 8.54649500E+5 0.00000000E+0 2.95218825E+1 4.32438103E-1 -6.54995441E-2 2.20981018E-3 3.65865231E-1 2.70014200E-3 6.10941648E-1 3.18383254E-3
09 15 2014 11 50 21 134 -2.50379363E+1 -2.49621785E+1 -5.00000000E+1 8.54654000E+5 0.00000000E+0 2.95438766E+1 4.49312514E-1 -3.84867191E-2 3.07601184E-3 3.87477875E-1 2.65840795E-3 5.85448742E-1 4.18009787E-3
09 15 2014 11 50 25 139 -2.50379363E+1 -2.49621785E+1 0.00000000E+0 8.54658500E+5 0.00000000E+0 2.96355784E+1 4.64092012E-1 -9.44733620E-3 3.26859612E-3 3.86632979E-1 2.90757257E-3 5.62347472E-1 3.32726168E-3
09 15 2014 11 50 30 143 -2.50379363E+1 -2.49621785E+1 5.00000000E+1 8.54663000E+5 0.00000000E+0 2.95091271E+1 4.40838853E-1 -1.73509121E-2 2.88820607E-3 3.63475084E-1 2.53515456E-3 5.73825836E-1 3.19881443E-3
09 15 2014 11 50 34 148 -2.50379363E+1 -2.49621785E+1 1.00000000E+2 8.54667500E+5 0.00000000E+0 2.95857340E+1 4.45313896E-1 -1.42678618E-2 3.02479136E-3 3.64102423E-1 2.39319638E-3 5.77643514E-1 2.82163629E-3
09 15 2014 11 50 44 157 0.00000000E+0 -2.49621785E+1 -1.00000000E+2 8.54677300E+5 0.00000000E+0 2.95550376E+1 4.46457696E-1 -8.77305865E-2 3.02251974E-3 3.67447734E-1 3.41359986E-3 6.17973506E-1 3.88397178E-3
09 15 2014 11 50 49 162 0.00000000E+0 -2.49621785E+1 -5.00000000E+1 8.54681800E+5 0.00000000E+0 2.94778943E+1 4.46688497E-1 -5.44309616E-2 3.08672230E-3 3.88932228E-1 3.14005410E-3 5.99581003E-1 3.62184735E-3
09 15 2014 11 50 53 166 0.00000000E+0 -2.49621785E+1 0.00000000E+0 8.54686300E+5 0.00000000E+0 2.94870138E+1 4.47584556E-1 -3.28570604E-2 2.53175947E-3 3.95223498E-1 2.79972688E-3 5.77047467E-1 4.65188701E-3
09 15 2014 11 50 58 171 0.00000000E+0 -2.49621785E+1 5.00000000E+1 8.54690800E+5 0.00000000E+0 2.94500589E+1 4.36541389E-1 -2.35557556E-2 2.91088638E-3 3.70651484E-1 1.98907369E-3 5.82820177E-1 3.82614516E-3
09 15 2014 11 51 02 176 0.00000000E+0 -2.49621785E+1 1.00000000E+2 8.54695300E+5 0.00000000E+0 2.94500589E+1 4.29898296E-1 -2.42888927E-2 3.19145629E-3 3.66322696E-1 2.52861188E-3 5.93289733E-1 4.39123509E-3
09 15 2014 11 51 12 185 2.50379363E+1 -2.49621785E+1 -1.00000000E+2 8.54705000E+5 0.00000000E+0 2.94208527E+1 4.39750773E-1 -1.02102757E-1 2.35137617E-3 3.62455845E-1 2.52806152E-3 6.26042485E-1 4.33674482E-3
09 15 2014 11 51 16 190 2.50379363E+1 -2.49621785E+1 -5.00000000E+1 8.54709600E+5 0.00000000E+0 2.94795632E+1 4.60968599E-1 -6.64949417E-2 3.16572171E-3 3.91250849E-1 2.80171197E-3 6.19465113E-1 3.29965470E-3
09 15 2014 11 51 21 194 2.50379363E+1 -2.49621785E+1 0.00000000E+0 8.54714100E+5 0.00000000E+0 2.94210762E+1 4.37388228E-1 -3.58670950E-2 2.48759255E-3 4.00207937E-1 2.88713603E-3 5.84341586E-1 2.57419159E-3
09 15 2014 11 51 25 199 2.50379363E+1 -2.49621785E+1 5.00000000E+1 8.54718600E+5 0.00000000E+0 2.94521451E+1 4.58965278E-1 -4.32550907E-2 2.38584003E-3 3.78143787E-1 1.91903768E-3 5.71340322E-1 3.15205398E-3
09 15 2014 11 51 30 203 2.50379363E+1 -2.49621785E+1 1.00000000E+2 8.54723100E+5 0.00000000E+0 2.94384360E+1 4.55587379E-1 -3.44067812E-2 3.08991306E-3 3.71389091E-1 2.46851277E-3 5.86085021E-1 3.71707965E-3
09 15 2014 11 51 39 213 3.50531108E+1 -2.49621785E+1 -1.00000000E+2 8.54732700E+5 0.00000000E+0 2.95036435E+1 4.30527635E-1 -1.13511086E-1 3.04701909E-3 3.64679098E-1 2.47810340E-3 6.32983446E-1 4.17013308E-3
09 15 2014 11 51 44 217 3.50531108E+1 -2.49621785E+1 -5.00000000E+1 8.54737200E+5 0.00000000E+0 2.95459479E+1 4.47671430E-1 -7.73072243E-2 2.96317624E-3 3.88085842E-1 2.34209093E-3 6.25200570E-1 3.43299815E-3
09 15 2014 11 51 49 222 3.50531108E+1 -2.49621785E+1 0.00000000E+0 8.54741800E+5 0.00000000E+0 2.95189619E+1 4.74279077E-1 -4.70280647E-2 3.60305284E-3 3.97145748E-1 3.39837273E-3 5.88250160E-1 2.97895203E-3
09 15 2014 11 51 53 226 3.50531108E+1 -2.49621785E+1 5.00000000E+1 8.54746300E+5 0.00000000E+0 2.95851380E+1 4.25147909E-1 -4.85032797E-2 3.20016444E-3 3.80516052E-1 2.80112238E-3 5.67950308E-1 3.15509818E-3
09 15 2014 11 51 58 231 3.50531108E+1 -2.49621785E+1 1.00000000E+2 8.54750800E+5 0.00000000E+0 2.95006633E+1 4.45683423E-1 -5.18202782E-2 3.24194364E-3 3.76045704E-1 2.17295731E-3 5.77235222E-1 3.22517400E-3
09 15 2014 11 52 07 241 4.50682853E+1 -2.49621785E+1 -1.00000000E+2 8.54760400E+5 0.00000000E+0 2.94452906E+1 4.56152338E-1 -1.25288963E-1 3.14345049E-3 3.60056758E-1 3.05134645E-3 6.35594130E-1 2.99481954E-3
09 15 2014 11 52 12 245 4.50682853E+1 -2.49621785E+1 -5.00000000E+1 8.54764900E+5 0.00000000E+0 2.94346213E+1 4.34628716E-1 -8.59260559E-2 2.20883689E-3 3.94546986E-1 3.07767091E-3 6.35707378E-1 3.59090941E-3
09 15 2014 11 52 16 250 4.50682853E+1 -2.49621785E+1 0.00000000E+0 8.54769400E+5 0.00000000E+0 2.93678790E+1 4.30759315E-1 -6.30989671E-2 3.78520782E-3 4.08768654E-1 2.50887649E-3 5.93185425E-1 4.80794381E-3
09 15 2014 11 52 21 254 4.50682853E+1 -2.49621785E+1 5.00000000E+1 8.54774000E+5 0.00000000E+0 2.94367075E+1 4.48710930E-1 -6.77227974E-2 2.82204050E-3 3.85421515E-1 3.15309787E-3 5.74666262E-1 3.46026450E-3
09 15 2014 11 52 25 259 4.50682853E+1 -2.49621785E+1 1.00000000E+2 8.54778500E+5 0.00000000E+0 2.94584632E+1 4.97560372E-1 -7.16447830E-2 2.94501426E-3 3.75092030E-1 2.40588975E-3 5.89722395E-1 3.86813867E-3
09 15 2014 11 52 35 268 5.49317147E+1 -2.49621785E+1 -1.00000000E+2 8.54788100E+5 0.00000000E+0 2.94445753E+1 4.44602944E-1 -1.48034096E-1 2.67780651E-3 3.61466408E-1 2.76438958E-3 6.38908148E-1 2.92730388E-3
09 15 2014 11 52 39 273 5.49317147E+1 -2.49621785E+1 -5.00000000E+1 8.54792600E+5 0.00000000E+0 2.94757634E+1 4.52018502E-1 -9.81390476E-2 4.13537696E-3 3.93323600E-1 1.76867849E-3 6.47865236E-1 3.98444902E-3
09 15 2014 11 52 44 277 5.49317147E+1 -2.49621785E+1 0.00000000E+0 8.54797100E+5 0.00000000E+0 2.94313431E+1 4.43399286E-1 -5.96940517E-2 2.62114237E-3 4.09305096E-1 2.93114032E-3 6.02549314E-1 4.22964925E-3
09 15 2014 11 52 48 282 5.49317147E+1 -2.49621785E+1 5.00000000E+1 8.54801600E+5 0.00000000E+0 2.94147134E+1 4.48848954E-1 -7.13527203E-2 3.05654669E-3 3.83192301E-1 2.78430563E-3 5.65105677E-1 3.49365009E-3
09 15 2014 11 52 53 286 5.49317147E+1 -2.49621785E+1 1.00000000E+2 8.54806200E+5 0.00000000E+0 2.94116139E+1 4.50404397E-1 -7.66158104E-2 3.02595897E-3 3.72642279E-1 3.41964913E-3 5.93477488E-1 3.46721758E-3
09 15 2014 11 53 03 296 6.49468892E+1 -2.49621785E+1 -1.00000000E+2 8.54815800E+5 0.00000000E+0 2.93763727E+1 4.21674273E-1 -1.76042318E-1 3.15833384E-3 3.57761979E-1 2.53288183E-3 6.49325550E-1 3.24181146E-3
09 15 2014 11 53 07 301 6.49468892E+1 -2.49621785E+1 -5.00000000E+1 8.54820300E+5 0.00000000E+0 2.93737054E+1 4.71748232E-1 -1.10548735E-1 3.91900569E-3 3.91590595E-1 2.71037163E-3 6.73341751E-1 2.94232097E-3
09 15 2014 11 53 12 305 6.49468892E+1 -2.49621785E+1 0.00000000E+0 8.54824800E+5 0.00000000E+0 2.93414295E+1 4.21794267E-1 -7.00727105E-2 2.70799105E-3 4.16256487E-1 3.01585170E-3 6.09323382E-1 3.20667080E-3
09 15 2014 11 53 16 310 6.49468892E+1 -2.49621785E+1 5.00000000E+1 8.54829300E+5 0.00000000E+0 2.94281840E+1 4.11430923E-1 -9.29415226E-2 3.23598014E-3 3.88151407E-1 2.52510371E-3 5.68497181E-1 3.59731893E-3
09 15 2014 11 53 21 314 6.49468892E+1 -2.49621785E+1 1.00000000E+2 8.54833900E+5 0.00000000E+0 2.94392109E+1 4.74498907E-1 -1.03086233E-1 3.40614944E-3 3.69518995E-1 2.84342072E-3 5.90050220E-1 3.36177316E-3
09 15 2014 11 53 31 325 -6.49468892E+1 -1.25567322E+1 -1.00000000E+2 8.54844700E+5 0.00000000E+0 2.94339657E+1 4.50173702E-1 -8.66234303E-2 3.07382269E-3 3.49950790E-1 2.45509605E-3 5.86736202E-1 3.91415989E-3
09 15 2014 11 53 36 329 -6.49468892E+1 -1.25567322E+1 -5.00000000E+1 8.54849200E+5 0.00000000E+0 2.93987989E+1 4.38497229E-1 -4.03404236E-2 3.51731735E-3 3.69733572E-1 2.20099254E-3 5.58459759E-1 3.56456864E-3
09 15 2014 11 53 40 334 -6.49468892E+1 -1.25567322E+1 0.00000000E+0 8.54853700E+5 0.00000000E+0 2.93793529E+1 4.71913672E-1 -8.77678394E-3 3.82483521E-3 3.62001359E-1 2.90268092E-3 5.55716455E-1 3.20780621E-3
09 15 2014 11 53 45 338 -6.49468892E+1 -1.25567322E+1 5.00000000E+1 8.54858200E+5 0.00000000E+0 2.93897390E+1 4.49832960E-1 -9.87648964E-3 2.39865873E-3 3.42881680E-1 2.85660147E-3 5.84447384E-1 4.40813153E-3
09 15 2014 11 53 49 343 -6.49468892E+1 -1.25567322E+1 1.00000000E+2 8.54862700E+5 0.00000000E+0 2.93022394E+1 4.43975897E-1 -1.97738409E-2 3.51020250E-3 3.45453620E-1 1.90827973E-3 5.84721565E-1 3.93595305E-3
09 15 2014 11 53 59 353 -5.49317147E+1 -1.25567322E+1 -1.00000000E+2 8.54872400E+5 0.00000000E+0 2.93563604E+1 4.29528317E-1 -9.50872898E-2 3.46480070E-3 3.49026918E-1 2.43732407E-3 5.98156452E-1 4.47882718E-3
09 15 2014 11 54 04 357 -5.49317147E+1 -1.25567322E+1 -5.00000000E+1 8.54876900E+5 0.00000000E+0 2.93561816E+1 4.33127659E-1 -5.76436520E-2 3.03173116E-3 3.63993645E-1 3.25237788E-3 5.56325912E-1 3.40345296E-3
09 15 2014 11 54 08 362 -5.49317147E+1 -1.25567322E+1 0.00000000E+0 8.54881400E+5 0.00000000E+0 2.94508338E+1 4.59135444E-1 -2.47836113E-2 2.86935025E-3 3.63469124E-1 2.31704798E-3 5.51575422E-1 3.28739162E-3
09 15 2014 11 54 13 366 -5.49317147E+1 -1.25567322E+1 5.00000000E+1 8.54885900E+5 0.00000000E+0 2.94874609E+1 4.48746345E-1 -2.45422125E-2 3.04575263E-3 3.40320170E-1 2.71358287E-3 5.69358468E-1 3.39020684E-3
09 15 2014 11 54 17 371 -5.49317147E+1 -1.25567322E+1 1.00000000E+2 8.54890400E+5 0.00000000E+0 2.94190645E+1 4.47527965E-1 -2.61723995E-2 2.62245464E-3 3.40133905E-1 2.54528326E-3 5.69730997E-1 4.16557494E-3
09 15 2014 11 54 27 380 -4.50682853E+1 -1.25567322E+1 -1.00000000E+2 8.54900000E+5 0.00000000E+0 2.93949842E+1 4.26122263E-1 -9.66250896E-2 3.30260012E-3 3.45724821E-1 2.86396899E-3 5.97244501E-1 3.10437851E-3
09 15 2014 11 54 31 385 -4.50682853E+1 -1.25567322E+1 -5.00000000E+1 8.54904600E+5 0.00000000E+0 2.93501019E+1 4.56945873E-1 -6.53862953E-2 2.76733713E-3 3.60649824E-1 3.21418027E-3 5.66351414E-1 3.38920472E-3
09 15 2014 11 54 36 389 -4.50682853E+1 -1.25567322E+1 0.00000000E+0 8.54909100E+5 0.00000000E+0 2.93826312E+1 4.62760670E-1 -3.88696790E-2 3.07719141E-3 3.58656049E-1 2.25339194E-3 5.59240580E-1 3.78139683E-3
09 15 2014 11 54 40 394 -4.50682853E+1 -1.25567322E+1 5.00000000E+1 8.54913600E+5 0.00000000E+0 2.93745399E+1 4.36842279E-1 -3.49700451E-2 2.50273023E-3 3.41874361E-1 2.28528478E-3 5.80245256E-1 3.15527942E-3
09 15 2014 11 54 45 398 -4.50682853E+1 -1.25567322E+1 1.00000000E+2 8.54918100E+5 0.00000000E+0 2.94161588E+1 4.12257017E-1 -3.71783972E-2 3.12254772E-3 3.39902937E-1 2.45263034E-3 5.84900379E-1 4.28092493E-3
09 15 2014 11 54 54 408 -3.50531108E+1 -1.25567322E+1 -1.00000000E+2 8.54927700E+5 0.00000000E+0 2.93691754E+1 4.21351039E-1 -9.89675522E-2 2.87864096E-3 3.42625380E-1 1.85980769E-3 6.05702400E-1 3.91990735E-3
09 15 2014 11 54 59 412 -3.50531108E+1 -1.25567322E+1 -5.00000000E+1 8.54932200E+5 0.00000000E+0 2.92805582E+1 4.41500466E-1 -6.99609518E-2 2.87979478E-3 3.60563397E-1 1.80100738E-3 5.77680767E-1 3.92666756E-3
09 15 2014 11 55 03 417 -3.50531108E+1 -1.25567322E+1 0.00000000E+0 8.54936800E+5 0.00000000E+0 2.93541551E+1 4.51426430E-1 -4.41074371E-2 4.00092563E-3 3.55994701E-1 2.88655471E-3 5.61821461E-1 3.07835129E-3
09 15 2014 11 55 08 421 -3.50531108E+1 -1.25567322E+1 5.00000000E+1 8.54941300E+5 0.00000000E+0 2.93330848E+1 4.23751913E-1 -3.77967954E-2 2.82351382E-3 3.43553722E-1 1.96000217E-3 5.69634140E-1 2.97146740E-3
09 15 2014 11 55 13 426 -3.50531108E+1 -1.25567322E+1 1.00000000E+2 8.54945800E+5 0.00000000E+0 2.93849707E+1 4.45558452E-1 -3.87668610E-2 2.83702819E-3 3.42637300E-1 2.67089163E-3 5.78802824E-1 3.95566813E-3
09 15 2014 11 55 22 436 -2.50379363E+1 -1.25567322E+1 -1.00000000E+2 8.54955400E+5 0.00000000E+0 2.94972956E+1 4.49427322E-1 -9.79378819E-2 3.22701954E-3 3.38628888E-1 2.52313814E-3 6.00256026E-1 4.21529594E-3
09 15 2014 11 55 27 440 -2.50379363E+1 -1.25567322E+1 -5.00000000E+1 8.54959900E+5 0.00000000E+0 2.93973088E+1 4.25119514E-1 -6.47723675E-2 2.64652960E-3 3.63695621E-1 2.95335800E-3 5.84739447E-1 3.74889300E-3
09 15 2014 11 55 31 445 -2.50379363E+1 -1.25567322E+1 0.00000000E+0 8.54964400E+5 0.00000000E+0 2.93713063E+1 4.73921718E-1 -4.27290797E-2 2.51150662E-3 3.65719199E-1 1.57541289E-3 5.74260950E-1 4.38985949E-3
09 15 2014 11 55 36 449 -2.50379363E+1 -1.25567322E+1 5.00000000E+1 8.54969000E+5 0.00000000E+0 2.93655396E+1 4.40950804E-1 -4.11093235E-2 2.33802371E-3 3.52811813E-1 1.90161483E-3 5.82367182E-1 3.14302416E-3
09 15 2014 11 55 40 454 -2.50379363E+1 -1.25567322E+1 1.00000000E+2 8.54973500E+5 0.00000000E+0 2.93447077E+1 4.35314475E-1 -3.37436795E-2 2.68559551E-3 3.46451998E-1 2.29489493E-3 5.76734543E-1 3.97975769E-3
09 15 2014 11 55 50 463 0.00000000E+0 -1.25567322E+1 -1.00000000E+2 8.54983200E+5 0.00000000E+0 2.93143839E+1 4.55287671E-1 -1.11676753E-1 2.78831480E-3 3.43300402E-1 1.98390369E-3 6.22019172E-1 4.45442543E-3
09 15 2014 11 55 54 468 0.00000000E+0 -1.25567322E+1 -5.00000000E+1 8.54987700E+5 0.00000000E+0 2.93754935E+1 4.21840185E-1 -7.85350800E-2 2.94770510E-3 3.63481045E-1 2.33502269E-3 6.04063272E-1 3.27951006E-3
09 15 2014 11 55 59 472 0.00000000E+0 -1.25567322E+1 0.00000000E+0 8.54992200E+5 0.00000000E+0 2.94192135E+1 4.59127967E-1 -5.63189387E-2 3.08840840E-3 3.69526446E-1 2.27778924E-3 5.79603016E-1 3.12666938E-3
09 15 2014 11 56 03 477 0.00000000E+0 -1.25567322E+1 5.00000000E+1 8.54996800E+5 0.00000000E+0 2.94395089E+1 4.60865784E-1 -5.29170036E-2 2.90071927E-3 3.53473425E-1 2.55244321E-3 5.77235222E-1 3.08991912E-3
09 15 2014 11 56 08 481 0.00000000E+0 -1.25567322E+1 1.00000000E+2 8.55001300E+5 0.00000000E+0 2.93685794E+1 4.39901963E-1 -4.89354134E-2 3.19603079E-3 3.55523825E-1 3.21511093E-3 5.86575270E-1 3.61527444E-3
09 15 2014 11 56 18 491 2.50379363E+1 -1.25567322E+1 -1.00000000E+2 8.55011000E+5 0.00000000E+0 2.94224173E+1 4.14760332E-1 -1.31428242E-1 3.62573965E-3 3.47159803E-1 1.92673032E-3 6.33150339E-1 3.74489236E-3
09 15 2014 11 56 22 496 2.50379363E+1 -1.25567322E+1 -5.00000000E+1 8.55015500E+5 0.00000000E+0 2.93568373E+1 4.65000376E-1 -9.68098640E-2 3.40000099E-3 3.69900465E-1 2.57147772E-3 6.30331039E-1 3.52369092E-3
09 15 2014 11 56 27 500 2.50379363E+1 -1.25567322E+1 0.00000000E+0 8.55020000E+5 0.00000000E+0 2.92806327E+1 4.26297903E-1 -7.05346465E-2 4.40928692E-3 3.73721123E-1 2.36383334E-3 5.98497689E-1 3.76871548E-3
09 15 2014 11 56 31 505 2.50379363E+1 -1.25567322E+1 5.00000000E+1 8.55024500E+5 0.00000000E+0 2.93791294E+1 4.52993814E-1 -6.75857067E-2 2.44932381E-3 3.59725952E-1 2.29447121E-3 5.73927164E-1 3.85147389E-3
09 15 2014 11 56 36 509 2.50379363E+1 -1.25567322E+1 1.00000000E+2 8.55029000E+5 0.00000000E+0 2.94394493E+1 4.70731158E-1 -6.49034977E-2 3.04747931E-3 3.60363722E-1 2.86297643E-3 5.82212210E-1 3.32606961E-3
09 15 2014 11 56 45 519 3.50531108E+1 -1.25567322E+1 -1.00000000E+2 8.55038700E+5 0.00000000E+0 2.93651223E+1 4.38436908E-1 -1.50102377E-1 2.30905299E-3 3.47673893E-1 2.72375001E-3 6.39826059E-1 4.45434147E-3
09 15 2014 11 56 50 523 3.50531108E+1 -1.25567322E+1 -5.00000000E+1 8.55043200E+5 0.00000000E+0 2.93044746E+1 4.25181925E-1 -1.07072294E-1 2.96036736E-3 3.74034047E-1 2.60261482E-3 6.38209283E-1 4.10184338E-3
09 15 2014 11 56 54 528 3.50531108E+1 -1.25567322E+1 0.00000000E+0 8.55047700E+5 0.00000000E+0 2.93574333E+1 4.33829519E-1 -7.75218010E-2 2.89224955E-3 3.79323959E-1 2.53147142E-3 6.04218245E-1 3.14031015E-3
09 15 2014 11 56 59 532 3.50531108E+1 -1.25567322E+1 5.00000000E+1 8.55052200E+5 0.00000000E+0 2.94237137E+1 4.64543233E-1 -7.37845898E-2 3.78506908E-3 3.67546082E-1 2.18397830E-3 5.87618351E-1 3.39828470E-3
09 15 2014 11 57 03 537 3.50531108E+1 -1.25567322E+1 1.00000000E+2 8.55056700E+5 0.00000000E+0 2.94140577E+1 4.51262809E-1 -7.43210316E-2 3.07776204E-3 3.57598066E-1 2.33116774E-3 5.94627857E-1 2.73372715E-3
09 15 2014 11 57 13 547 4.50682853E+1 -1.25567322E+1 -1.00000000E+2 8.55066300E+5 0.00000000E+0 2.93242186E+1 4.30881911E-1 -1.53355300E-1 3.37679295E-3 3.44775617E-1 3.73519534E-3 6.45041466E-1 4.03014386E-3
09 15 2014 11 57 18 551 4.50682853E+1 -1.25567322E+1 -5.00000000E+1 8.55070900E+5 0.00000000E+0 2.93685198E+1 4.64610126E-1 -1.06865168E-1 3.47906182E-3 3.73774767E-1 2.19657045E-3 6.42657280E-1 3.11964608E-3
09 15 2014 11 57 22 556 4.50682853E+1 -1.25567322E+1 0.00000000E+0 8.55075400E+5 0.00000000E+0 2.93872356E+1 4.38094348E-1 -7.12633133E-2 2.51266965E-3 3.80164385E-1 3.44449277E-3 6.08408451E-1 3.60919212E-3
09 15 2014 11 57 27 560 4.50682853E+1 -1.25567322E+1 5.00000000E+1 8.55079900E+5 0.00000000E+0 2.94119716E+1 4.40801695E-1 -8.13484192E-2 3.68005366E-3 3.64518166E-1 1.81351607E-3 5.84363937E-1 3.29001271E-3
09 15 2014 11 57 31 565 4.50682853E+1 -1.25567322E+1 1.00000000E+2 8.55084400E+5 0.00000000E+0 2.94207335E+1 4.89647430E-1 -7.97927380E-2 2.75834266E-3 3.59815359E-1 2.41791403E-3 5.91558218E-1 3.36914597E-3
09 15 2014 11 57 41 574 5.49317147E+1 -1.25567322E+1 -1.00000000E+2 8.55094000E+5 0.00000000E+0 2.94079185E+1 4.42541998E-1 -1.59460306E-1 3.05649775E-3 3.39645147E-1 2.30029062E-3 6.48999214E-1 2.81585841E-3
09 15 2014 11 57 45 579 5.49317147E+1 -1.25567322E+1 -5.00000000E+1 8.55098600E+5 0.00000000E+0 2.93925405E+1 4.44547302E-1 -1.11334026E-1 2.69123387E-3 3.75516713E-1 3.02784360E-3 6.57133758E-1 3.30390254E-3
09 15 2014 11 57 50 583 5.49317147E+1 -1.25567322E+1 0.00000000E+0 8.55103100E+5 0.00000000E+0 2.93710232E+1 4.27355542E-1 -7.66634941E-2 3.31467720E-3 3.85016203E-1 2.29462604E-3 6.11168146E-1 3.66026060E-3
09 15 2014 11 57 54 588 5.49317147E+1 -1.25567322E+1 5.00000000E+1 8.55107600E+5 0.00000000E+0 2.93294787E+1 4.42369743E-1 -8.71717930E-2 2.62997330E-3 3.66884470E-1 2.14377075E-3 5.71280718E-1 3.47570646E-3
09 15 2014 11 57 59 592 5.49317147E+1 -1.25567322E+1 1.00000000E+2 8.55112100E+5 0.00000000E+0 2.93406844E+1 4.66893517E-1 -8.86082649E-2 2.92669699E-3 3.51905823E-1 2.86676851E-3 5.80358505E-1 3.71867018E-3
09 15 2014 11 58 08 602 6.49468892E+1 -1.25567322E+1 -1.00000000E+2 8.55121700E+5 0.00000000E+0 2.94061005E+1 4.57852837E-1 -1.74418092E-1 2.53400369E-3 3.38464975E-1 2.68490091E-3 6.45123422E-1 3.15509818E-3
09 15 2014 11 58 13 606 6.49468892E+1 -1.25567322E+1 -5.00000000E+1 8.55126200E+5 0.00000000E+0 2.94301510E+1 4.62959169E-1 -1.14339590E-1 3.10866411E-3 3.70925665E-1 2.34893889E-3 6.66427612E-1 3.30439441E-3
09 15 2014 11 58 17 611 6.49468892E+1 -1.25567322E+1 0.00000000E+0 8.55130800E+5 0.00000000E+0 2.93780565E+1 4.40398600E-1 -7.36296177E-2 2.97791617E-3 3.87185812E-1 2.87808878E-3 6.18845224E-1 3.76851329E-3
09 15 2014 11 58 22 615 6.49468892E+1 -1.25567322E+1 5.00000000E+1 8.55135300E+5 0.00000000E+0 2.93790102E+1 4.88006123E-1 -9.88841057E-2 3.29625854E-3 3.69107723E-1 3.18562329E-3 5.75202703E-1 3.58406587E-3
09 15 2014 11 58 27 620 6.49468892E+1 -1.25567322E+1 1.00000000E+2 8.55139800E+5 0.00000000E+0 2.93061137E+1 4.75077279E-1 -1.10763311E-1 3.04005832E-3 3.58581543E-1 1.88446751E-3 5.86581230E-1 4.04875849E-3
09 15 2014 11 58 37 631 -6.49468892E+1 0.00000000E+0 -1.00000000E+2 8.55150600E+5 0.00000000E+0 2.93155015E+1 4.49656613E-1 -9.31248069E-2 2.44082051E-3 3.35440040E-1 2.35454694E-3 5.92492521E-1 3.20263361E-3
09 15 2014 11 58 42 635 -6.49468892E+1 0.00000000E+0 -5.00000000E+1 8.55155100E+5 0.00000000E+0 2.93723941E+1 4.35060406E-1 -5.11765480E-2 3.14807098E-3 3.53056192E-1 2.34505100E-3 5.54102659E-1 3.29734183E-3
09 15 2014 11 58 46 640 -6.49468892E+1 0.00000000E+0 0.00000000E+0 8.55159600E+5 0.00000000E+0 2.94373930E+1 4.31908680E-1 -1.72257423E-2 2.92131682E-3 3.51049006E-1 2.60964673E-3 5.53861260E-1 4.29702227E-3
09 15 2014 11 58 51 644 -6.49468892E+1 0.00000000E+0 5.00000000E+1 8.55164200E+5 0.00000000E+0 2.94124484E+1 4.56787434E-1 -2.58564949E-2 3.20477124E-3 3.35645676E-1 2.85222558E-3 5.78558445E-1 3.22807153E-3
09 15 2014 11 58 55 649 -6.49468892E+1 0.00000000E+0 1.00000000E+2 8.55168700E+5 0.00000000E+0 2.94882059E+1 4.35348017E-1 -2.36779451E-2 2.65594266E-3 3.39969993E-1 1.84876916E-3 5.82650304E-1 3.68891280E-3
09 15 2014 11 59 05 658 -5.49317147E+1 0.00000000E+0 -1.00000000E+2 8.55178300E+5 0.00000000E+0 2.93673277E+1 4.71463464E-1 -9.03367996E-2 4.14608830E-3 3.39239836E-1 2.28318919E-3 6.00266457E-1 2.84671342E-3
09 15 2014 11 59 10 663 -5.49317147E+1 0.00000000E+0 -5.00000000E+1 8.55182800E+5 0.00000000E+0 2.93363631E+1 4.32936646E-1 -5.42625785E-2 3.01333756E-3 3.57076526E-1 1.87926428E-3 5.69894910E-1 3.55045612E-3
09 15 2014 11 59 14 668 -5.49317147E+1 0.00000000E+0 0.00000000E+0 8.55187300E+5 0.00000000E+0 2.93999314E+1 4.14801535E-1 -2.14815140E-2 3.16902765E-3 3.53634357E-1 3.03912942E-3 5.68634272E-1 3.23510172E-3
09 15 2014 11 59 19 672 -5.49317147E+1 0.00000000E+0 5.00000000E+1 8.55191800E+5 0.00000000E+0 2.94693559E+1 4.52043914E-1 -1.91777945E-2 3.15874626E-3 3.35842371E-1 2.70633969E-3 5.84691763E-1 2.96461464E-3
09 15 2014 11 59 23 677 -5.49317147E+1 0.00000000E+0 1.00000000E+2 8.55196400E+5 0.00000000E+0 2.94414759E+1 4.62084566E-1 -2.13384628E-2 2.15098934E-3 3.38441133E-1 2.53397417E-3 5.81955910E-1 3.48381507E-3
09 15 2014 11 59 33 686 -4.50682853E+1 0.00000000E+0 -1.00000000E+2 8.55206000E+5 0.00000000E+0 2.93996185E+1 4.55911190E-1 -8.88407230E-2 3.14841942E-3 3.38077545E-1 1.56885947E-3 6.05277717E-1 3.86428608E-3
09 15 2014 11 59 37 691 -4.50682853E+1 0.00000000E+0 -5.00000000E+1 8.55210500E+5 0.00000000E+0 2.93825269E+1 4.46980084E-1 -5.59628010E-2 2.80677959E-3 3.52972746E-1 2.60499898E-3 5.72347641E-1 4.07475931E-3
09 15 2014 11 59 42 695 -4.50682853E+1 0.00000000E+0 0.00000000E+0 8.55215000E+5 0.00000000E+0 2.93657184E+1 4.27131504E-1 -2.54288316E-2 2.83565091E-3 3.53373587E-1 2.39517491E-3 5.64187765E-1 3.41321823E-3
09 15 2014 11 59 46 700 -4.50682853E+1 0.00000000E+0 5.00000000E+1 8.55219500E+5 0.00000000E+0 2.93925405E+1 4.39650868E-1 -2.35438347E-2 3.23163772E-3 3.39555740E-1 2.29772864E-3 5.89352846E-1 3.56355608E-3
09 15 2014 11 59 51 704 -4.50682853E+1 0.00000000E+0 1.00000000E+2 8.55224000E+5 0.00000000E+0 2.94713974E+1 4.42535597E-1 -2.64704227E-2 3.46505973E-3 3.40878963E-1 1.92510813E-3 5.78385592E-1 2.72506090E-3
09 15 2014 12 00 00 714 -3.50531108E+1 0.00000000E+0 -1.00000000E+2 8.55233700E+5 0.00000000E+0 2.94297338E+1 4.46861798E-1 -8.70168209E-2 2.71576807E-3 3.35705280E-1 1.92681685E-3 6.18350506E-1 3.64256792E-3
09 15 2014 12 00 05 718 -3.50531108E+1 0.00000000E+0 -5.00000000E+1 8.55238200E+5 0.00000000E+0 2.93546915E+1 4.56800499E-1 -4.98592854E-2 2.79959998E-3 3.56212258E-1 2.07157942E-3 5.97119331E-1 4.64559483E-3
09 15 2014 12 00 09 723 -3.50531108E+1 0.00000000E+0 0.00000000E+0 8.55242700E+5 0.00000000E+0 2.93992162E+1 4.40545035E-1 -2.72750854E-2 3.00275922E-3 3.54260206E-1 2.31862108E-3 5.93942404E-1 3.07430930E-3
09 15 2014 12 00 14 727 -3.50531108E+1 0.00000000E+0 5.00000000E+1 8.55247200E+5 0.00000000E+0 2.94712782E+1 4.55610537E-1 -2.15888023E-2 3.30744868E-3 3.40902805E-1 2.36500377E-3 5.98818064E-1 4.72628615E-3
09 15 2014 12 00 18 732 -3.50531108E+1 0.00000000E+0 1.00000000E+2 8.55251700E+5 0.00000000E+0 2.95165777E+1 4.52663324E-1 -1.80959702E-2 2.55634484E-3 3.45903635E-1 2.48714151E-3 5.77908754E-1 3.99218123E-3
09 15 2014 12 00 28 742 -2.50379363E+1 0.00000000E+0 -1.00000000E+2 8.55261300E+5 0.00000000E+0 2.93790549E+1 4.53784420E-1 -8.66129994E-2 2.85139343E-3 3.34978104E-1 1.94083072E-3 6.17474318E-1 4.35584502E-3
09 15 2014 12 00 33 746 -2.50379363E+1 0.00000000E+0 -5.00000000E+1 8.55265900E+5 0.00000000E+0 2.94015408E+1 4.69588345E-1 -5.81622124E-2 2.86935025E-3 3.51661444E-1 2.54516572E-3 5.89585304E-1 3.90434489E-3
09 15 2014 12 00 37 751 -2.50379363E+1 0.00000000E+0 0.00000000E+0 8.55270400E+5 0.00000000E+0 2.94796228E+1 4.51837904E-1 -3.69906425E-2 3.21413955E-3 3.52948904E-1 2.67536841E-3 5.81127405E-1 3.83079479E-3
09 15 2014 12 00 42 755 -2.50379363E+1 0.00000000E+0 5.00000000E+1 8.55274900E+5 0.00000000E+0 2.94530392E+1 4.43875459E-1 -2.89618969E-2 2.72566466E-3 3.39382887E-1 2.19520802E-3 5.81669807E-1 3.77813181E-3
09 15 2014 12 00 46 760 -2.50379363E+1 0.00000000E+0 1.00000000E+2 8.55279400E+5 0.00000000E+0 2.93731689E+1 4.51463463E-1 -2.95162201E-2 3.22187924E-3 3.39800119E-1 2.24306779E-3 5.77026606E-1 3.53937918E-3
09 15 2014 12 00 56 769 0.00000000E+0 0.00000000E+0 -1.00000000E+2 8.55289100E+5 0.00000000E+0 2.93757021E+1 4.52313595E-1 -9.68575478E-2 2.66488983E-3 3.35715711E-1 2.89172637E-3 6.26586378E-1 3.14261215E-3
09 15 2014 12 01 00 774 0.00000000E+0 0.00000000E+0 -5.00000000E+1 8.55293600E+5 0.00000000E+0 2.94222832E+1 4.35906498E-1 -6.80685043E-2 2.93738534E-3 3.55881453E-1 2.75237077E-3 6.13319874E-1 4.11099700E-3
09 15 2014 12 01 05 778 1.06221548E+0 0.00000000E+0 0.00000000E+0 8.55298200E+5 0.00000000E+0 2.94504762E+1 4.47699701E-1 -4.37378883E-2 2.50291700E-3 3.56078148E-1 2.89945555E-3 5.95986843E-1 3.40277164E-3
09 15 2014 12 01 09 783 0.00000000E+0 0.00000000E+0 5.00000000E+1 8.55302700E+5 0.00000000E+0 2.94407606E+1 4.20346880E-1 -3.70860100E-2 3.08708574E-3 3.45671177E-1 2.75069224E-3 5.93852997E-1 3.50282765E-3
09 15 2014 12 01 14 787 0.00000000E+0 0.00000000E+0 1.00000000E+2 8.55307200E+5 0.00000000E+0 2.93819904E+1 4.24795232E-1 -3.85284424E-2 2.67640959E-3 3.44437361E-1 2.55478637E-3 5.80739975E-1 4.04265770E-3
09 15 2014 12 01 24 797 2.50379363E+1 0.00000000E+0 -1.00000000E+2 8.55316900E+5 0.00000000E+0 2.93918699E+1 4.61821920E-1 -1.19708478E-1 2.49190903E-3 3.33599746E-1 2.99180288E-3 6.40220940E-1 3.82881947E-3
09 15 2014 12 01 28 802 2.50379363E+1 0.00000000E+0 -5.00000000E+1 8.55321400E+5 0.00000000E+0 2.93877721E+1 4.32318226E-1 -8.96275043E-2 3.30459246E-3 3.56775522E-1 1.92890216E-3 6.29371405E-1 3.34669388E-3
09 15 2014 12 01 33 806 2.50379363E+1 0.00000000E+0 0.00000000E+0 8.55325900E+5 0.00000000E+0 2.94146538E+1 4.34303715E-1 -5.60939312E-2 3.67559489E-3 3.64220142E-1 3.19593718E-3 6.06721640E-1 4.00213590E-3
09 15 2014 12 01 37 811 2.50379363E+1 0.00000000E+0 5.00000000E+1 8.55330500E+5 0.00000000E+0 2.94067860E+1 4.57373428E-1 -6.00099564E-2 2.75321984E-3 3.52621078E-1 1.79169118E-3 5.89358807E-1 4.23820372E-3
09 15 2014 12 01 42 815 2.50379363E+1 0.00000000E+0 1.00000000E+2 8.55335000E+5 0.00000000E+0 2.93412209E+1 4.50890809E-1 -5.66184521E-2 2.56565393E-3 3.47727537E-1 2.79984264E-3 5.94341755E-1 3.28525795E-3
09 15 2014 12 01 51 825 3.50531108E+1 0.00000000E+0 -1.00000000E+2 8.55344600E+5 0.00000000E+0 2.94087529E+1 4.29329654E-1 -1.20037794E-1 2.44901842E-3 3.34376097E-1 2.45207056E-3 6.40219450E-1 4.26486913E-3
09 15 2014 12 01 56 829 3.50531108E+1 0.00000000E+0 -5.00000000E+1 8.55349100E+5 0.00000000E+0 2.94572711E+1 4.33104795E-1 -8.91983509E-2 2.95689505E-3 3.58468294E-1 2.26991615E-3 6.37102127E-1 3.81144115E-3
09 15 2014 12 02 00 834 3.50531108E+1 0.00000000E+0 0.00000000E+0 8.55353600E+5 0.00000000E+0 2.94328332E+1 4.50409977E-1 -5.93543053E-2 2.46588734E-3 3.67754698E-1 2.36765091E-3 6.10834360E-1 3.67945913E-3
09 15 2014 12 02 05 838 3.50531108E+1 0.00000000E+0 5.00000000E+1 8.55358200E+5 0.00000000E+0 2.94033289E+1 4.66508125E-1 -6.00099564E-2 3.28418774E-3 3.55517864E-1 2.37604684E-3 5.86694479E-1 3.90700197E-3
09 15 2014 12 02 09 843 3.50531108E+1 0.00000000E+0 1.00000000E+2 8.55362700E+5 0.00000000E+0 2.93952227E+1 4.40770478E-1 -5.82993031E-2 2.20845592E-3 3.48120928E-1 2.39103832E-3 5.87928295E-1 2.80662637E-3
09 15 2014 12 02 19 852 4.50682853E+1 0.00000000E+0 -1.00000000E+2 8.55372300E+5 0.00000000E+0 2.94423699E+1 4.30597814E-1 -1.32936239E-1 2.92264999E-3 3.28612328E-1 2.34381477E-3 6.41477108E-1 3.49823386E-3
09 15 2014 12 02 24 857 4.50682853E+1 0.00000000E+0 -5.00000000E+1 8.55376800E+5 0.00000000E+0 2.94330716E+1 4.56640766E-1 -9.02354717E-2 3.06997574E-3 3.52007151E-1 2.77995046E-3 6.45065308E-1 3.39773442E-3
09 15 2014 12 02 28 862 4.50682853E+1 0.00000000E+0 0.00000000E+0 8.55381300E+5 0.00000000E+0 2.93732882E+1 4.44598738E-1 -5.96642494E-2 2.65871742E-3 3.68040800E-1 2.45231457E-3 6.15799427E-1 4.25567410E-3
09 15 2014 12 02 33 866 4.50682853E+1 0.00000000E+0 5.00000000E+1 8.55385800E+5 0.00000000E+0 2.93898582E+1 4.35122587E-1 -6.68048859E-2 3.12070081E-3 3.54605913E-1 2.09542777E-3 5.85609674E-1 4.12327302E-3
09 15 2014 12 02 37 871 4.50682853E+1 0.00000000E+0 1.00000000E+2 8.55390300E+5 0.00000000E+0 2.94203758E+1 4.78719991E-1 -6.57677650E-2 3.14997110E-3 3.50230932E-1 2.36796679E-3 5.88440895E-1 3.69328124E-3
09 15 2014 12 02 47 880 5.49317147E+1 0.00000000E+0 -1.00000000E+2 8.55400000E+5 0.00000000E+0 2.94290185E+1 4.48431339E-1 -1.41316652E-1 2.88535607E-3 3.29899788E-1 2.90419811E-3 6.47521019E-1 3.17233014E-3
09 15 2014 12 02 51 885 5.49317147E+1 0.00000000E+0 -5.00000000E+1 8.55404500E+5 0.00000000E+0 2.94421315E+1 4.40124809E-1 -8.72373581E-2 2.21762334E-3 3.55845690E-1 3.54064687E-3 6.58875704E-1 3.75172497E-3
09 15 2014 12 02 56 889 5.49317147E+1 0.00000000E+0 0.00000000E+0 8.55409000E+5 0.00000000E+0 2.94401050E+1 4.68030702E-1 -4.86552715E-2 2.88737727E-3 3.66145372E-1 2.24139995E-3 6.13504648E-1 4.52309162E-3
09 15 2014 12 03 00 894 5.49317147E+1 0.00000000E+0 5.00000000E+1 8.55413500E+5 0.00000000E+0 2.94442177E+1 4.42657269E-1 -5.02645969E-2 2.43025583E-3 3.50070000E-1 2.50814103E-3 5.68544865E-1 3.08107133E-3
09 15 2014 12 03 05 898 5.49317147E+1 0.00000000E+0 1.00000000E+2 8.55418000E+5 0.00000000E+0 2.94183493E+1 4.28878144E-1 -7.77423382E-2 2.93235851E-3 3.42762470E-1 2.52854471E-3 5.42360544E-1 3.93576460E-3
09 15 2014 12 03 14 908 6.49468892E+1 0.00000000E+0 -1.00000000E+2 8.55427600E+5 0.00000000E+0 2.94107199E+1 4.41109726E-1 -1.54727697E-1 2.78108023E-3 3.20333242E-1 2.52682109E-3 6.15400076E-1 3.63689117E-3
09 15 2014 12 03 19 912 6.49468892E+1 0.00000000E+0 -5.00000000E+1 8.55432100E+5 0.00000000E+0 2.94892490E+1 4.48867723E-1 -1.08405948E-1 2.23396852E-3 3.60719860E-1 3.22599185E-3 6.17273152E-1 2.82988182E-3
09 15 2014 12 03 23 917 6.49468892E+1 0.00000000E+0 0.00000000E+0 8.55436600E+5 0.00000000E+0 2.96431184E+1 4.48418196E-1 -5.12599945E-2 3.09364456E-3 3.94755602E-1 2.55864788E-3 5.82277775E-1 3.13817181E-3
09 15 2014 12 03 28 921 6.49468892E+1 0.00000000E+0 5.00000000E+1 8.55441100E+5 0.00000000E+0 2.96409726E+1 4.28751581E-1 -5.95211983E-2 2.65015161E-3 3.72850895E-1 3.00860700E-3 5.40691614E-1 4.26325540E-3
09 15 2014 12 03 32 926 6.49468892E+1 0.00000000E+0 1.00000000E+2 8.55445600E+5 0.00000000E+0 2.95998901E+1 4.46115549E-1 -7.10785389E-2 2.64866481E-3 3.67291272E-1 2.43586665E-3 5.44451177E-1 3.82863389E-3
09 15 2014 12 03 43 937 -6.49468892E+1 1.25567322E+1 -1.00000000E+2 8.55456400E+5 0.00000000E+0 2.96189785E+1 4.35137817E-1 -6.68466091E-2 2.40196170E-3 3.48538160E-1 2.66696827E-3 5.49519062E-1 3.09366874E-3
09 15 2014 12 03 48 941 -6.49468892E+1 1.25567322E+1 -5.00000000E+1 8.55460900E+5 0.00000000E+0 2.96608806E+1 4.59876212E-1 -1.82807446E-2 2.55946624E-3 3.67492437E-1 2.67536841E-3 5.15747070E-1 3.40889863E-3
09 15 2014 12 03 52 946 -6.49468892E+1 1.25567322E+1 0.00000000E+0 8.55465500E+5 0.00000000E+0 2.96400189E+1 4.58623810E-1 9.15527344E-3 2.57064137E-3 3.65471840E-1 3.05437420E-3 5.24550676E-1 3.35258872E-3
09 15 2014 12 03 57 950 -6.49468892E+1 1.25567322E+1 5.00000000E+1 8.55470000E+5 0.00000000E+0 2.95841098E+1 4.60394934E-1 1.55568123E-3 3.76346876E-3 3.51405144E-1 2.71442513E-3 5.54728508E-1 3.49962332E-3
09 15 2014 12 04 01 955 -6.49468892E+1 1.25567322E+1 1.00000000E+2 8.55474500E+5 0.00000000E+0 2.96059847E+1 4.37980716E-1 -9.39965248E-3 2.91573220E-3 3.48103046E-1 2.20215612E-3 5.38444519E-1 4.00850828E-3
09 15 2014 12 04 11 964 -5.49317147E+1 1.25567322E+1 -1.00000000E+2 8.55484100E+5 0.00000000E+0 2.95501202E+1 4.25854776E-1 -7.17714429E-2 3.40236727E-3 3.46802175E-1 2.27154180E-3 5.61162829E-1 3.03016007E-3
09 15 2014 12 04 15 969 -5.49317147E+1 1.25567322E+1 -5.00000000E+1 8.55488600E+5 0.00000000E+0 2.96239257E+1 4.45289513E-1 -3.23176384E-2 2.99884605E-3 3.60864401E-1 3.08329779E-3 5.36763668E-1 3.88215597E-3
09 15 2014 12 04 20 973 -5.49317147E+1 1.25567322E+1 0.00000000E+0 8.55493100E+5 0.00000000E+0 2.96069980E+1 4.51093084E-1 -6.60419464E-3 3.31952502E-3 3.62026691E-1 2.09457987E-3 5.36012650E-1 3.62888758E-3
09 15 2014 12 04 24 978 -5.49317147E+1 1.25567322E+1 5.00000000E+1 8.55497700E+5 0.00000000E+0 2.96289921E+1 4.50205667E-1 -1.33395195E-2 3.06764209E-3 3.56549025E-1 2.42785410E-3 5.52272797E-1 3.77599318E-3
09 15 2014 12 04 29 982 -5.49317147E+1 1.25567322E+1 1.00000000E+2 8.55502200E+5 0.00000000E+0 2.95658708E+1 4.68432919E-1 -2.18987465E-2 2.43143274E-3 3.53610516E-1 3.84401440E-3 5.41794300E-1 3.83189288E-3
09 15 2014 12 04 39 992 -4.50682853E+1 1.25567322E+1 -1.00000000E+2 8.55511800E+5 0.00000000E+0 2.93896794E+1 4.46332878E-1 -8.45730305E-2 2.82960374E-3 3.19856405E-1 1.44418396E-3 5.86426258E-1 3.20061432E-3
09 15 2014 12 04 43 997 -4.50682853E+1 1.25567322E+1 -5.00000000E+1 8.55516300E+5 0.00000000E+0 2.94627547E+1 4.81509742E-1 -4.62532043E-2 2.31995134E-3 3.44377756E-1 3.35891860E-3 5.66846132E-1 3.59681470E-3
09 15 2014 12 04 48 1001 -4.50682853E+1 1.25567322E+1 0.00000000E+0 8.55520800E+5 0.00000000E+0 2.94678211E+1 4.46039380E-1 -2.46226788E-2 2.36005714E-3 3.44347954E-1 2.36193412E-3 5.72019815E-1 3.26020459E-3
09 15 2014 12 04 52 1006 -4.50682853E+1 1.25567322E+1 5.00000000E+1 8.55525300E+5 0.00000000E+0 2.94415355E+1 4.66096411E-1 -2.57134438E-2 2.74742739E-3 3.30829620E-1 1.44227943E-3 5.82408905E-1 4.54189122E-3
09 15 2014 12 04 57 1010 -4.50682853E+1 1.25567322E+1 1.00000000E+2 8.55529900E+5 0.00000000E+0 2.94220448E+1 4.33171885E-1 -1.82271004E-2 2.99809773E-3 3.28582525E-1 2.86004898E-3 5.72323799E-1 3.79109611E-3
09 15 2014 12 05 06 1020 -3.50531108E+1 1.25567322E+1 -1.00000000E+2 8.55539500E+5 0.00000000E+0 2.94804573E+1 4.91938093E-1 -7.39172101E-2 2.63322815E-3 3.24063003E-1 3.21672781E-3 5.97544014E-1 3.01640139E-3
09 15 2014 12 05 11 1024 -3.50531108E+1 1.25567322E+1 -5.00000000E+1 8.55544000E+5 0.00000000E+0 2.94510126E+1 4.59335904E-1 -4.61161137E-2 3.11515350E-3 3.37535143E-1 2.85983976E-3 5.78802824E-1 4.56568630E-3
09 15 2014 12 05 15 1029 -3.50531108E+1 1.25567322E+1 0.00000000E+0 8.55548500E+5 0.00000000E+0 2.94024348E+1 4.49924661E-1 -2.05516815E-2 2.58855990E-3 3.42226028E-1 2.53607635E-3 5.72961569E-1 3.76303151E-3
09 15 2014 12 05 20 1033 -3.50531108E+1 1.25567322E+1 5.00000000E+1 8.55553000E+5 0.00000000E+0 2.93855667E+1 4.37261747E-1 -2.33054161E-2 4.01426971E-3 3.35305929E-1 3.19237211E-3 5.84959984E-1 2.45588801E-3
09 15 2014 12 05 24 1038 -3.50531108E+1 1.25567322E+1 1.00000000E+2 8.55557500E+5 0.00000000E+0 2.93511152E+1 4.31869321E-1 -2.46286392E-2 2.72948310E-3 3.31175327E-1 2.26444809E-3 5.73080778E-1 3.96001459E-3
09 15 2014 12 05 34 1047 -2.50379363E+1 1.25567322E+1 -1.00000000E+2 8.55567200E+5 0.00000000E+0 2.94508338E+1 4.26089470E-1 -7.92026520E-2 2.99497771E-3 3.28385830E-1 2.55414953E-3 6.09487295E-1 3.30518087E-3
09 15 2014 12 05 38 1052 -2.50379363E+1 1.25567322E+1 -5.00000000E+1 8.55571700E+5 0.00000000E+0 2.94247270E+1 4.50687440E-1 -4.87029552E-2 2.52628824E-3 3.42988968E-1 3.53517671E-3 5.86688519E-1 4.36728873E-3
09 15 2014 12 05 43 1056 -2.50379363E+1 1.25567322E+1 0.00000000E+0 8.55576200E+5 0.00000000E+0 2.94446349E+1 4.31404580E-1 -2.25245953E-2 2.97268741E-3 3.47030163E-1 2.65291598E-3 5.84280491E-1 3.93040667E-3
09 15 2014 12 05 47 1061 -2.50379363E+1 1.25567322E+1 5.00000000E+1 8.55580700E+5 0.00000000E+0 2.93832421E+1 4.75190399E-1 -1.35064125E-2 2.46897921E-3 3.34250927E-1 2.74927795E-3 5.80102205E-1 3.58398239E-3
09 15 2014 12 05 52 1065 -2.50379363E+1 1.25567322E+1 1.00000000E+2 8.55585200E+5 0.00000000E+0 2.94285417E+1 4.55170925E-1 -9.98377800E-3 2.47314861E-3 3.32653522E-1 2.55865519E-3 5.75548410E-1 3.69325592E-3
09 15 2014 12 06 02 1075 0.00000000E+0 1.25567322E+1 -1.00000000E+2 8.55594900E+5 0.00000000E+0 2.93889046E+1 4.30377357E-1 -8.48650932E-2 2.72056279E-3 3.25602293E-1 2.72780419E-3 6.21944666E-1 3.82465921E-3
09 15 2014 12 06 06 1080 0.00000000E+0 1.25567322E+1 -5.00000000E+1 8.55599500E+5 0.00000000E+0 2.95246840E+1 4.87071081E-1 -5.53607941E-2 2.78831200E-3 3.42619419E-1 3.16579258E-3 6.11686707E-1 3.18057138E-3
09 15 2014 12 06 11 1084 0.00000000E+0 1.25567322E+1 0.00000000E+0 8.55604000E+5 0.00000000E+0 2.94847488E+1 4.83713233E-1 -2.94506550E-2 2.50667194E-3 3.51577997E-1 2.61800165E-3 5.99741936E-1 3.35417789E-3
09 15 2014 12 06 15 1089 0.00000000E+0 1.25567322E+1 5.00000000E+1 8.55608500E+5 0.00000000E+0 2.94370651E+1 4.54302471E-1 -2.98738480E-2 2.92447280E-3 3.38518620E-1 1.95578969E-3 5.84411621E-1 3.99707278E-3
09 15 2014 12 06 20 1093 0.00000000E+0 1.25567322E+1 1.00000000E+2 8.55613000E+5 0.00000000E+0 2.94310451E+1 4.66823603E-1 -2.33113766E-2 2.68390947E-3 3.34995985E-1 1.50604270E-3 5.76949120E-1 3.91696785E-3
09 15 2014 12 06 29 1103 2.50379363E+1 1.25567322E+1 -1.00000000E+2 8.55622700E+5 0.00000000E+0 2.94526815E+1 4.22783385E-1 -9.64105129E-2 2.61885858E-3 3.20416689E-1 2.25663134E-3 6.22284412E-1 3.42127273E-3
09 15 2014 12 06 34 1107 2.50379363E+1 1.25567322E+1 -5.00000000E+1 8.55627200E+5 0.00000000E+0 2.93965340E+1 4.41724609E-1 -6.92903996E-2 2.97605699E-3 3.43835354E-1 3.25092877E-3 6.20019436E-1 3.65589021E-3
09 15 2014 12 06 39 1112 2.50379363E+1 1.25567322E+1 0.00000000E+0 8.55631800E+5 0.00000000E+0 2.94242501E+1 4.16128641E-1 -4.27663326E-2 2.21602916E-3 3.45343351E-1 2.65420550E-3 6.08915091E-1 3.03173116E-3
09 15 2014 12 06 43 1116 2.50379363E+1 1.25567322E+1 5.00000000E+1 8.55636300E+5 0.00000000E+0 2.93647051E+1 4.16814785E-1 -3.89993191E-2 3.08159927E-3 3.37952375E-1 2.80891059E-3 5.84232807E-1 4.35964386E-3
09 15 2014 12 06 48 1121 2.50379363E+1 1.25567322E+1 1.00000000E+2 8.55640800E+5 0.00000000E+0 2.94366479E+1 4.10389991E-1 -3.83555889E-2 4.00975823E-3 3.35119665E-1 2.25689716E-3 5.82821667E-1 3.01498770E-3
09 15 2014 12 06 57 1131 3.50531108E+1 1.25567322E+1 -1.00000000E+2 8.55650400E+5 0.00000000E+0 2.94592381E+1 4.54863562E-1 -1.04576349E-1 2.68958845E-3 3.20470333E-1 2.71566479E-3 6.36023283E-1 2.74992399E-3
09 15 2014 12 07 02 1135 3.50531108E+1 1.25567322E+1 -5.00000000E+1 8.55654900E+5 0.00000000E+0 2.94631124E+1 4.49233250E-1 -7.06791878E-2 3.19822983E-3 3.44628096E-1 1.78142382E-3 6.30903244E-1 4.06130091E-3
09 15 2014 12 07 06 1140 3.50531108E+1 1.25567322E+1 0.00000000E+0 8.55659500E+5 0.00000000E+0 2.94182301E+1 4.38198479E-1 -4.18186188E-2 2.60876467E-3 3.49050760E-1 2.31397128E-3 6.11072779E-1 3.27850642E-3
09 15 2014 12 07 11 1144 3.50531108E+1 1.25567322E+1 5.00000000E+1 8.55664000E+5 0.00000000E+0 2.93617696E+1 4.55650896E-1 -4.40180302E-2 2.42496426E-3 3.39239836E-1 2.54542774E-3 5.77248633E-1 5.23195593E-3
09 15 2014 12 07 15 1149 3.50531108E+1 1.25567322E+1 1.00000000E+2 8.55668500E+5 0.00000000E+0 2.93757915E+1 4.65990703E-1 -4.98473644E-2 2.76781683E-3 3.39913368E-1 1.75899887E-3 5.82808256E-1 3.85419167E-3
09 15 2014 12 07 25 1158 4.50682853E+1 1.25567322E+1 -1.00000000E+2 8.55678100E+5 0.00000000E+0 2.94623971E+1 4.08823795E-1 -1.12909079E-1 2.66680000E-3 3.17865610E-1 1.94827018E-3 6.41393661E-1 3.64964504E-3
09 15 2014 12 07 29 1163 4.50682853E+1 1.25567322E+1 -5.00000000E+1 8.55682600E+5 0.00000000E+0 2.94560194E+1 4.44286161E-1 -7.53760338E-2 2.92234928E-3 3.41480970E-1 1.89770713E-3 6.42049313E-1 3.45195974E-3
09 15 2014 12 07 34 1167 4.50682853E+1 1.25567322E+1 0.00000000E+0 8.55687100E+5 0.00000000E+0 2.94506550E+1 4.50765785E-1 -3.70621681E-2 3.66120555E-3 3.51583958E-1 2.13041025E-3 6.22767210E-1 3.14264339E-3
09 15 2014 12 07 38 1172 4.50682853E+1 1.25567322E+1 5.00000000E+1 8.55691700E+5 0.00000000E+0 2.94354558E+1 4.34249167E-1 -4.65631485E-2 3.13647917E-3 3.43292952E-1 3.32953083E-3 5.91647625E-1 3.10977668E-3
09 15 2014 12 07 43 1176 4.50682853E+1 1.25567322E+1 1.00000000E+2 8.55696200E+5 0.00000000E+0 2.93556601E+1 4.53089762E-1 -5.67585230E-2 2.47614080E-3 3.37712467E-1 2.71785634E-3 5.82203269E-1 3.55125654E-3
09 15 2014 12 07 53 1186 5.49317147E+1 1.25567322E+1 -1.00000000E+2 8.55705800E+5 0.00000000E+0 2.94501781E+1 4.29005869E-1 -1.30403042E-1 2.82098016E-3 3.14319134E-1 3.11919052E-3 6.42740726E-1 3.32396076E-3
09 15 2014 12 07 57 1191 5.49317147E+1 1.25567322E+1 -5.00000000E+1 8.55710300E+5 0.00000000E+0 2.94159651E+1 4.59717388E-1 -8.88705254E-2 2.59493763E-3 3.42106819E-1 2.37966410E-3 6.54417276E-1 3.53680015E-3
09 15 2014 12 08 02 1195 5.49317147E+1 1.25567322E+1 0.00000000E+0 8.55714800E+5 0.00000000E+0 2.93914080E+1 4.80481249E-1 -5.62548637E-2 4.01359890E-3 3.52704525E-1 2.60374254E-3 6.27392530E-1 4.26171126E-3
09 15 2014 12 08 06 1200 5.49317147E+1 1.25567322E+1 5.00000000E+1 8.55719300E+5 0.00000000E+0 2.93417275E+1 4.59300645E-1 -6.78226352E-2 2.95852664E-3 3.42465937E-1 2.48276778E-3 5.90942800E-1 3.33650276E-3
09 15 2014 12 08 11 1204 5.49317147E+1 1.25567322E+1 1.00000000E+2 8.55723900E+5 0.00000000E+0 2.93874145E+1 4.52227628E-1 -7.10427761E-2 3.01292333E-3 3.32981348E-1 2.24186707E-3 5.86193800E-1 4.01646303E-3
09 15 2014 12 08 20 1214 6.49468892E+1 1.25567322E+1 -1.00000000E+2 8.55733500E+5 0.00000000E+0 2.94169784E+1 4.53958003E-1 -1.51413679E-1 2.89281195E-3 3.05801630E-1 2.33725581E-3 6.38020039E-1 4.13313364E-3
09 15 2014 12 08 25 1218 6.49468892E+1 1.25567322E+1 -5.00000000E+1 8.55738000E+5 0.00000000E+0 2.94278860E+1 4.39436467E-1 -9.54568386E-2 3.17239498E-3 3.41498852E-1 2.60086840E-3 6.64627552E-1 3.22180959E-3
09 15 2014 12 08 29 1223 6.49468892E+1 1.25567322E+1 0.00000000E+0 8.55742500E+5 0.00000000E+0 2.94150114E+1 4.24629605E-1 -5.52356243E-2 2.11249136E-3 3.55267525E-1 2.53902384E-3 6.29478693E-1 4.05191158E-3
09 15 2014 12 08 34 1227 6.49468892E+1 1.25567322E+1 5.00000000E+1 8.55747000E+5 0.00000000E+0 2.93878913E+1 4.43476987E-1 -7.01725483E-2 3.11082875E-3 3.37189436E-1 2.05586234E-3 5.65195084E-1 3.16406744E-3
09 15 2014 12 08 38 1232 6.49468892E+1 1.25567322E+1 1.00000000E+2 8.55751500E+5 0.00000000E+0 2.93096155E+1 4.37902464E-1 -8.38935375E-2 3.08488828E-3 3.33860517E-1 2.58984296E-3 5.77948987E-1 3.83036563E-3
09 15 2014 12 08 49 1243 -6.49468892E+1 2.49621785E+1 -1.00000000E+2 8.55762400E+5 0.00000000E+0 2.93856859E+1 4.21084552E-1 -8.13841820E-2 2.83716000E-3 3.09932232E-1 2.45768420E-3 5.85830212E-1 3.56330946E-3
09 15 2014 12 08 54 1247 -6.49468892E+1 2.49621785E+1 -5.00000000E+1 8.55766900E+5 0.00000000E+0 2.94507742E+1 4.76597566E-1 -3.23593616E-2 3.18148249E-3 3.29774618E-1 2.81922309E-3 5.62429428E-1 3.56790332E-3
09 15 2014 12 08 58 1252 -6.49468892E+1 2.49621785E+1 0.00000000E+0 8.55771400E+5 0.00000000E+0 2.94439793E+1 4.51706171E-1 -3.15904617E-3 2.96185499E-3 3.30817699E-1 2.18133971E-3 5.66178560E-1 3.65600785E-3
09 15 2014 12 09 03 1256 -6.49468892E+1 2.49621785E+1 5.00000000E+1 8.55775900E+5 0.00000000E+0 2.94036269E+1 4.37839188E-1 -1.03235245E-2 3.82788943E-3 3.16625834E-1 1.90910263E-3 5.87671995E-1 2.95917071E-3
09 15 2014 12 09 07 1261 -6.49468892E+1 2.49621785E+1 1.00000000E+2 8.55780400E+5 0.00000000E+0 2.94238329E+1 4.46479017E-1 -2.08199024E-2 2.52711708E-3 3.17317247E-1 2.40737374E-3 5.68020344E-1 3.45325952E-3
09 15 2014 12 09 17 1270 -5.49317147E+1 2.49621785E+1 -1.00000000E+2 8.55790000E+5 0.00000000E+0 2.94362307E+1 4.75415649E-1 -8.22424889E-2 2.76744524E-3 3.11082602E-1 2.55777078E-3 5.86634874E-1 3.36941236E-3
09 15 2014 12 09 21 1275 -5.49317147E+1 2.49621785E+1 -5.00000000E+1 8.55794600E+5 0.00000000E+0 2.94211507E+1 4.29284810E-1 -4.02212143E-2 3.20955202E-3 3.28576565E-1 2.57717953E-3 5.60283661E-1 3.01206056E-3
09 15 2014 12 09 26 1279 -5.49317147E+1 2.49621785E+1 0.00000000E+0 8.55799100E+5 0.00000000E+0 2.94592381E+1 4.41384342E-1 -1.37090683E-2 3.10040664E-3 3.33523750E-1 1.69278075E-3 5.71411848E-1 3.61357759E-3
09 15 2014 12 09 30 1284 -5.49317147E+1 2.49621785E+1 5.00000000E+1 8.55803600E+5 0.00000000E+0 2.94759274E+1 4.66614651E-1 -1.48355961E-2 3.50113506E-3 3.18157673E-1 2.53616483E-3 5.78987598E-1 4.31913915E-3
09 15 2014 12 09 35 1288 -5.49317147E+1 2.49621785E+1 1.00000000E+2 8.55808100E+5 0.00000000E+0 2.93808579E+1 4.46058508E-1 -2.16007233E-2 3.03521385E-3 3.16864252E-1 3.24940420E-3 5.60837984E-1 3.29552668E-3
09 15 2014 12 09 44 1298 -4.50682853E+1 2.49621785E+1 -1.00000000E+2 8.55817700E+5 0.00000000E+0 2.94095278E+1 4.34230328E-1 -7.53700733E-2 3.01748756E-3 3.08901072E-1 2.52433347E-3 6.10083342E-1 4.05954638E-3
09 15 2014 12 09 49 1302 -4.50682853E+1 2.49621785E+1 -5.00000000E+1 8.55822200E+5 0.00000000E+0 2.94293761E+1 4.50763175E-1 -4.04596329E-2 2.59115906E-3 3.30179930E-1 2.18954485E-3 5.98990917E-1 3.62800121E-3
09 15 2014 12 09 54 1307 -4.50682853E+1 2.49621785E+1 0.00000000E+0 8.55826800E+5 0.00000000E+0 2.94440985E+1 4.27596978E-1 -1.45018101E-2 2.76403106E-3 3.35305929E-1 2.44026824E-3 5.89609146E-1 3.76635431E-3
09 15 2014 12 09 58 1311 -4.50682853E+1 2.49621785E+1 5.00000000E+1 8.55831300E+5 0.00000000E+0 2.94604301E+1 4.57645297E-1 -1.67727470E-2 2.47049342E-3 3.26031446E-1 2.77758183E-3 5.91576099E-1 2.99425340E-3
09 15 2014 12 10 03 1316 -4.50682853E+1 2.49621785E+1 1.00000000E+2 8.55835800E+5 0.00000000E+0 2.94745564E+1 4.74769645E-1 -2.05099583E-2 3.44427562E-3 3.20965052E-1 2.86428236E-3 5.57541847E-1 3.36464198E-3
09 15 2014 12 10 12 1326 -3.50531108E+1 2.49621785E+1 -1.00000000E+2 8.55845400E+5 0.00000000E+0 2.94144154E+1 4.49241895E-1 -7.53641129E-2 2.60819120E-3 3.16524506E-1 2.61735162E-3 6.07770681E-1 2.60321825E-3
09 15 2014 12 10 17 1330 -3.50531108E+1 2.49621785E+1 -5.00000000E+1 8.55849900E+5 0.00000000E+0 2.94389725E+1 4.67588042E-1 -4.59134579E-2 3.14216736E-3 3.31532955E-1 2.57654097E-3 5.76579571E-1 3.06866595E-3
09 15 2014 12 10 21 1335 -3.50531108E+1 2.49621785E+1 0.00000000E+0 8.55854400E+5 0.00000000E+0 2.94604301E+1 4.36454360E-1 -1.97470188E-2 4.28826974E-3 3.36503983E-1 2.70946082E-3 5.70726395E-1 2.92089007E-3
09 15 2014 12 10 26 1339 -3.50531108E+1 2.49621785E+1 5.00000000E+1 8.55859000E+5 0.00000000E+0 2.94476748E+1 4.48593801E-1 -1.92880630E-2 2.86875066E-3 3.32498550E-1 4.04916488E-3 5.80966473E-1 3.02877544E-3
09 15 2014 12 10 30 1344 -3.50531108E+1 2.49621785E+1 1.00000000E+2 8.55863500E+5 0.00000000E+0 2.94455886E+1 4.79570647E-1 -2.02119350E-2 3.26501875E-3 3.21710110E-1 3.47532448E-3 5.65654039E-1 3.45403374E-3
09 15 2014 12 10 40 1353 -2.50379363E+1 2.49621785E+1 -1.00000000E+2 8.55873100E+5 0.00000000E+0 2.94550657E+1 4.34651710E-1 -8.58068466E-2 3.36477535E-3 3.15624475E-1 2.67883278E-3 6.10935688E-1 4.09294568E-3
09 15 2014 12 10 44 1358 -2.50379363E+1 2.49621785E+1 -5.00000000E+1 8.55877600E+5 0.00000000E+0 2.94390321E+1 4.58045412E-1 -5.34176826E-2 3.49395514E-3 3.33756208E-1 2.65403642E-3 5.90991974E-1 3.10628730E-3
09 15 2014 12 10 49 1362 -2.50379363E+1 2.49621785E+1 0.00000000E+0 8.55882100E+5 0.00000000E+0 2.94059515E+1 4.50492670E-1 -2.97546387E-2 2.51350298E-3 3.40670347E-1 2.24420122E-3 5.95533848E-1 2.69465182E-3
09 15 2014 12 10 53 1367 -2.50379363E+1 2.49621785E+1 5.00000000E+1 8.55886600E+5 0.00000000E+0 2.94669867E+1 4.32443849E-1 -3.23474407E-2 3.08862989E-3 3.33285332E-1 2.19388735E-3 5.90974092E-1 3.66703843E-3
09 15 2014 12 10 58 1371 -2.50379363E+1 2.49621785E+1 1.00000000E+2 8.55891200E+5 0.00000000E+0 2.94872373E+1 4.27299867E-1 -2.69412994E-2 2.90016055E-3 3.26804817E-1 2.67091555E-3 5.79677522E-1 2.85230698E-3
09 15 2014 12 11 08 1381 0.00000000E+0 2.49621785E+1 -1.00000000E+2 8.55900900E+5 0.00000000E+0 2.95162201E+1 4.66069889E-1 -9.80496407E-2 2.40059900E-3 3.17531824E-1 2.36821946E-3 6.21193647E-1 4.64610061E-3
09 15 2014 12 11 12 1386 0.00000000E+0 2.49621785E+1 -5.00000000E+1 8.55905400E+5 0.00000000E+0 2.94075608E+1 4.38066976E-1 -6.87718391E-2 2.73591505E-3 3.34012508E-1 2.65939249E-3 6.08587265E-1 3.68963419E-3
09 15 2014 12 11 17 1390 0.00000000E+0 2.49621785E+1 0.00000000E+0 8.55909900E+5 0.00000000E+0 2.93539464E+1 4.52330770E-1 -4.06652689E-2 3.37115075E-3 3.43449414E-1 2.79688087E-3 5.93602657E-1 3.65177574E-3
09 15 2014 12 11 21 1395 0.00000000E+0 2.49621785E+1 5.00000000E+1 8.55914400E+5 0.00000000E+0 2.93880701E+1 4.47007229E-1 -3.65018845E-2 2.35025199E-3 3.34089994E-1 2.74644037E-3 5.85252047E-1 2.97796640E-3
09 15 2014 12 11 26 1399 0.00000000E+0 2.49621785E+1 1.00000000E+2 8.55918900E+5 0.00000000E+0 2.94524431E+1 4.50960407E-1 -3.49208713E-2 4.20714084E-3 3.33644450E-1 2.56608207E-3 5.71921468E-1 3.14431685E-3
09 15 2014 12 11 35 1409 2.50379363E+1 2.49621785E+1 -1.00000000E+2 8.55928700E+5 0.00000000E+0 2.95196772E+1 4.48186028E-1 -8.94486904E-2 2.96835666E-3 3.09062004E-1 2.89336132E-3 6.05189800E-1 3.48671218E-3
09 15 2014 12 11 40 1413 2.50379363E+1 2.49621785E+1 -5.00000000E+1 8.55933200E+5 0.00000000E+0 2.95187831E+1 4.34777855E-1 -5.62369823E-2 2.92919400E-3 3.28320265E-1 2.86161763E-3 6.06650114E-1 3.68108497E-3
09 15 2014 12 11 44 1418 2.50379363E+1 2.49621785E+1 0.00000000E+0 8.55937700E+5 0.00000000E+0 2.95659155E+1 4.38897828E-1 -2.50712037E-2 2.58758997E-3 3.28741968E-1 2.57805305E-3 5.90324402E-1 4.56993130E-3
09 15 2014 12 11 49 1422 2.50379363E+1 2.49621785E+1 5.00000000E+1 8.55942200E+5 0.00000000E+0 2.96022296E+1 4.29496167E-1 -8.76784325E-3 2.89234652E-3 3.16524506E-1 2.13829491E-3 5.60480356E-1 2.76700603E-3
09 15 2014 12 11 53 1427 2.50379363E+1 2.49621785E+1 1.00000000E+2 8.55946700E+5 0.00000000E+0 2.95282900E+1 4.39687187E-1 -6.37024641E-3 2.63808075E-3 2.97158957E-1 2.98531417E-3 5.40792942E-1 4.44316547E-3
09 15 2014 12 12 03 1437 3.50531108E+1 2.49621785E+1 -1.00000000E+2 8.55956400E+5 0.00000000E+0 2.95901895E+1 4.63357860E-1 -7.99655914E-2 2.27620914E-3 2.79307365E-1 3.07253888E-3 6.00320101E-1 3.67351873E-3
09 15 2014 12 12 08 1441 3.50531108E+1 2.49621785E+1 -5.00000000E+1 8.55960900E+5 0.00000000E+0 2.96364725E+1 4.75691547E-1 -4.43756580E-2 3.22365078E-3 3.04333866E-1 3.17328732E-3 5.99555671E-1 3.59766414E-3
09 15 2014 12 12 12 1446 3.50531108E+1 2.49621785E+1 0.00000000E+0 8.55965400E+5 0.00000000E+0 2.95792222E+1 4.45409258E-1 -1.15573406E-2 2.80438028E-3 3.11845541E-1 2.12033683E-3 5.79595566E-1 4.52780607E-3
09 15 2014 12 12 17 1450 3.50531108E+1 2.49621785E+1 5.00000000E+1 8.55969900E+5 0.00000000E+0 2.94868648E+1 4.60442775E-1 -1.36345625E-2 2.49253863E-3 3.04497778E-1 2.11898494E-3 5.51551580E-1 3.81034861E-3
09 15 2014 12 12 21 1455 3.50531108E+1 2.49621785E+1 1.00000000E+2 8.55974400E+5 0.00000000E+0 2.95848250E+1 4.52377777E-1 -8.01682472E-3 3.32458512E-3 3.00347805E-1 2.23204536E-3 5.38355112E-1 3.86097775E-3
09 15 2014 12 12 31 1464 4.50682853E+1 2.49621785E+1 -1.00000000E+2 8.55984000E+5 0.00000000E+0 2.95451880E+1 4.55368169E-1 -8.80181789E-2 2.41233961E-3 2.76309252E-1 2.19207120E-3 5.93209267E-1 3.49816972E-3
09 15 2014 12 12 35 1469 4.50682853E+1 2.49621785E+1 -5.00000000E+1 8.55988600E+5 0.00000000E+0 2.95687318E+1 4.37757697E-1 -4.65631485E-2 3.32177741E-3 3.02845240E-1 2.93521384E-3 6.03598356E-1 4.50317145E-3
09 15 2014 12 12 40 1473 4.50682853E+1 2.49621785E+1 0.00000000E+0 8.55993100E+5 0.00000000E+0 2.96310335E+1 4.28847963E-1 -1.03786588E-2 2.84424097E-3 3.09735537E-1 3.25203291E-3 5.93036413E-1 3.15052509E-3
09 15 2014 12 12 44 1478 4.50682853E+1 2.49621785E+1 5.00000000E+1 8.55997600E+5 0.00000000E+0 2.96014547E+1 4.57791529E-1 -1.47819519E-2 2.35673511E-3 2.95901299E-1 2.11826343E-3 5.55151701E-1 3.47841681E-3
09 15 2014 12 12 49 1482 4.50682853E+1 2.49621785E+1 1.00000000E+2 8.56002100E+5 0.00000000E+0 2.96145678E+1 4.60121297E-1 -2.54511833E-2 2.93102975E-3 2.98842788E-1 1.76969928E-3 5.38922846E-1 4.17112577E-3
09 15 2014 12 12 58 1492 5.49317147E+1 2.49621785E+1 -1.00000000E+2 8.56011700E+5 0.00000000E+0 2.96032429E+1 4.36719111E-1 -8.09967518E-2 2.59723525E-3 2.71505117E-1 3.19766267E-3 6.04969263E-1 3.58427455E-3
09 15 2014 12 13 03 1496 5.49317147E+1 2.49621785E+1 -5.00000000E+1 8.56016200E+5 0.00000000E+0 2.96184421E+1 4.46029805E-1 -3.58968973E-2 2.84371005E-3 3.02255154E-1 3.09546533E-3 6.17802143E-1 5.02605365E-3
09 15 2014 12 13 07 1501 5.49317147E+1 2.49621785E+1 0.00000000E+0 8.56020800E+5 0.00000000E+0 2.96697021E+1 4.65584652E-1 1.68085098E-3 3.16342913E-3 3.11094522E-1 2.99319785E-3 5.94431162E-1 3.30169412E-3
09 15 2014 12 13 12 1505 5.49317147E+1 2.49621785E+1 5.00000000E+1 8.56025300E+5 0.00000000E+0 2.96498090E+1 4.32585632E-1 -5.44637442E-3 2.90887562E-3 2.97799706E-1 3.25621798E-3 5.50471246E-1 3.20514706E-3
09 15 2014 12 13 17 1510 5.49317147E+1 2.49621785E+1 1.00000000E+2 8.56029800E+5 0.00000000E+0 2.96294689E+1 4.43715184E-1 -1.60396099E-2 2.42075821E-3 2.94548273E-1 3.50002402E-3 5.41055202E-1 4.53920621E-3
09 15 2014 12 13 26 1520 6.49468892E+1 2.49621785E+1 -1.00000000E+2 8.56039400E+5 0.00000000E+0 2.95168161E+1 4.39990060E-1 -8.62032175E-2 2.98543317E-3 2.65389681E-1 2.17928145E-3 6.02841377E-1 3.59002755E-3
09 15 2014 12 13 31 1524 6.49468892E+1 2.49621785E+1 -5.00000000E+1 8.56043900E+5 0.00000000E+0 2.96073556E+1 4.69389985E-1 -3.52144241E-2 4.07912557E-3 2.96968222E-1 3.05894382E-3 6.25008345E-1 3.51860893E-3
09 15 2014 12 13 35 1529 6.49468892E+1 2.49621785E+1 0.00000000E+0 8.56048400E+5 0.00000000E+0 2.95375288E+1 4.75281497E-1 8.62032175E-3 2.72177504E-3 3.11173499E-1 4.44395832E-3 6.02364540E-1 3.45583598E-3
09 15 2014 12 13 40 1533 6.49468892E+1 2.49621785E+1 5.00000000E+1 8.56053000E+5 0.00000000E+0 2.96366811E+1 4.49310663E-1 -5.48958778E-3 3.08455893E-3 2.91848183E-1 2.17161450E-3 5.45710325E-1 3.18110633E-3
09 15 2014 12 13 44 1538 6.49468892E+1 2.49621785E+1 1.00000000E+2 8.56057500E+5 0.00000000E+0 2.95466185E+1 4.17234330E-1 -2.82377005E-2 1.35576745E-2 2.88277864E-1 3.77085948E-3 5.34042716E-1 3.63275518E-3
