Month Day Year Hour Minute Second Time_s x y z Current CurrentError 1Axis 1AxisError Bx BxError By ByError Bz BzError
09 16 2014 22 18 54 19 -6.49468892E+1 -2.49621785E+1 -1.00000000E+2 9.78767600E+5 0.00000000E+0 7.30505586E+1 4.26465353E-1 3.26929241E+1 2.17987912E-3 3.84375453E-2 1.95685780E-3 -1.27553940E-2 9.84132673E-3
09 16 2014 22 18 58 22 -5.49317147E+1 -2.49621785E+1 -1.00000000E+2 9.78770800E+5 0.00000000E+0 7.31215477E+1 4.54509238E-1 3.26938927E+1 2.66388158E-3 4.73916531E-2 1.34006189E-3 -2.14934349E-2 1.14350757E-2
09 16 2014 22 19 01 25 -4.50682853E+1 -2.49621785E+1 -1.00000000E+2 9.78774100E+5 0.00000000E+0 7.30530620E+1 4.41419701E-1 3.26980591E+1 2.01586361E-3 5.43951988E-2 2.16730502E-3 -2.38537788E-2 9.73628403E-3
09 16 2014 22 19 04 28 -3.50531108E+1 -2.49621785E+1 -1.00000000E+2 9.78777300E+5 0.00000000E+0 7.30848312E+1 4.44215198E-1 3.26985002E+1 2.23083870E-3 6.11245632E-2 2.12505837E-3 -2.69234180E-2 1.08399600E-2
09 16 2014 22 19 07 32 -2.50379363E+1 -2.49621785E+1 -1.00000000E+2 9.78780500E+5 0.00000000E+0 7.30761886E+1 4.68819789E-1 3.26984599E+1 2.72151397E-3 6.76810741E-2 2.69827622E-3 -3.12328339E-2 9.83786053E-3
09 16 2014 22 19 11 35 0.00000000E+0 -2.49621785E+1 -1.00000000E+2 9.78784300E+5 0.00000000E+0 7.30682611E+1 4.59288322E-1 3.27033341E+1 2.26727861E-3 9.23633575E-2 2.18945090E-3 -4.37080860E-2 7.74954730E-3
09 16 2014 22 19 15 39 2.50379363E+1 -2.49621785E+1 -1.00000000E+2 9.78788100E+5 0.00000000E+0 7.31248260E+1 4.50633601E-1 3.27021837E+1 2.38625537E-3 1.10024214E-1 2.04491897E-3 -5.46872616E-2 5.17831516E-3
09 16 2014 22 19 18 42 3.50531108E+1 -2.49621785E+1 -1.00000000E+2 9.78791300E+5 0.00000000E+0 7.30817914E+1 4.26928968E-1 3.26989830E+1 2.66348848E-3 1.15364790E-1 1.68182075E-3 -5.99265099E-2 9.38097742E-3
09 16 2014 22 19 21 46 4.50682853E+1 -2.49621785E+1 -1.00000000E+2 9.78794500E+5 0.00000000E+0 7.31071234E+1 4.47303892E-1 3.26928616E+1 2.91909706E-3 1.18762255E-1 2.33052597E-3 -5.18798828E-2 6.49693218E-3
09 16 2014 22 19 25 49 5.49317147E+1 -2.49621785E+1 -1.00000000E+2 9.78797800E+5 0.00000000E+0 7.30648041E+1 4.32970613E-1 3.26868832E+1 2.08548126E-3 1.25819445E-1 2.11503903E-3 -5.20169735E-2 5.18053901E-3
09 16 2014 22 19 28 52 6.49468892E+1 -2.49621785E+1 -1.00000000E+2 9.78801000E+5 0.00000000E+0 7.31438994E+1 4.40278610E-1 3.26764822E+1 2.92145336E-3 1.19912624E-1 2.66192249E-3 -6.32226467E-2 7.28715553E-3
09 16 2014 22 19 35 59 -6.49468892E+1 -1.25567322E+1 -1.00000000E+2 9.78808300E+5 0.00000000E+0 7.30690956E+1 4.44223886E-1 3.26883972E+1 2.91983361E-3 3.05294991E-2 2.85052058E-3 -2.33709812E-2 7.27073547E-3
09 16 2014 22 19 38 63 -5.49317147E+1 -1.25567322E+1 -1.00000000E+2 9.78811500E+5 0.00000000E+0 7.30525255E+1 4.07011623E-1 3.26897085E+1 2.87725706E-3 4.47750092E-2 1.92195856E-3 -2.91585922E-2 1.28447897E-2
09 16 2014 22 19 41 66 -4.50682853E+1 -1.25567322E+1 -1.00000000E+2 9.78814700E+5 0.00000000E+0 7.30621219E+1 4.38596485E-1 3.26910079E+1 2.58134802E-3 5.27799129E-2 2.01002074E-3 -3.45528126E-2 9.64167202E-3
09 16 2014 22 19 45 69 -3.50531108E+1 -1.25567322E+1 -1.00000000E+2 9.78818000E+5 0.00000000E+0 7.30390847E+1 4.27276843E-1 3.26888263E+1 1.81548090E-3 5.95003366E-2 2.49519785E-3 -3.88100743E-2 6.09017829E-3
09 16 2014 22 19 48 72 -2.50379363E+1 -1.25567322E+1 -1.00000000E+2 9.78821200E+5 0.00000000E+0 7.31040239E+1 4.47759108E-1 3.26937377E+1 2.67021946E-3 6.87599182E-2 1.92125795E-3 -4.43994999E-2 1.15022725E-2
09 16 2014 22 19 52 76 0.00000000E+0 -1.25567322E+1 -1.00000000E+2 9.78825000E+5 0.00000000E+0 7.30311871E+1 4.27145716E-1 3.26945662E+1 3.34388236E-3 9.90867615E-2 2.02327054E-3 -5.73515892E-2 6.71213435E-3
09 16 2014 22 19 56 80 2.50379363E+1 -1.25567322E+1 -1.00000000E+2 9.78828800E+5 0.00000000E+0 7.31362104E+1 4.26899610E-1 3.26926649E+1 3.28670899E-3 1.14619732E-1 2.06458433E-3 -6.68227673E-2 4.72115603E-3
09 16 2014 22 19 59 83 3.50531108E+1 -1.25567322E+1 -1.00000000E+2 9.78832000E+5 0.00000000E+0 7.30195642E+1 4.33624235E-1 3.26944515E+1 2.14818039E-3 1.16899610E-1 2.19546921E-3 -6.93202019E-2 1.12442442E-2
09 16 2014 22 20 02 86 4.50682853E+1 -1.25567322E+1 -1.00000000E+2 9.78835300E+5 0.00000000E+0 7.31059909E+1 4.33068597E-1 3.26913118E+1 2.93239039E-3 1.23018026E-1 2.05913401E-3 -6.40690327E-2 6.58712302E-3
09 16 2014 22 20 05 89 5.49317147E+1 -1.25567322E+1 -1.00000000E+2 9.78838500E+5 0.00000000E+0 7.30443001E+1 4.52698501E-1 3.26890051E+1 1.88521155E-3 1.28918886E-1 2.39372697E-3 -6.71386719E-2 6.44607949E-3
09 16 2014 22 20 08 93 6.49468892E+1 -1.25567322E+1 -1.00000000E+2 9.78841700E+5 0.00000000E+0 7.31008649E+1 4.68700799E-1 3.26827347E+1 2.14027901E-3 1.25789642E-1 1.97349226E-3 -7.17341900E-2 6.31588712E-3
09 16 2014 22 20 16 100 -6.49468892E+1 0.00000000E+0 -1.00000000E+2 9.78849000E+5 0.00000000E+0 7.30657578E+1 4.45646926E-1 3.26777875E+1 2.21211054E-3 1.83165073E-2 2.55624975E-3 -3.42667103E-2 7.52838568E-3
09 16 2014 22 20 19 103 -5.49317147E+1 0.00000000E+0 -1.00000000E+2 9.78852200E+5 0.00000000E+0 7.31061697E+1 4.55930836E-1 3.26797903E+1 2.55601566E-3 3.52263451E-2 2.00279822E-3 -4.24802303E-2 1.37142381E-2
09 16 2014 22 20 22 106 -4.50682853E+1 0.00000000E+0 -1.00000000E+2 9.78855400E+5 0.00000000E+0 7.30714202E+1 4.41859702E-1 3.26792896E+1 2.16794911E-3 4.88981605E-2 2.02080844E-3 -4.34741378E-2 5.11679058E-3
09 16 2014 22 20 25 110 -3.50531108E+1 0.00000000E+0 -1.00000000E+2 9.78858700E+5 0.00000000E+0 7.30558634E+1 4.22588564E-1 3.26800227E+1 2.32185269E-3 5.94258308E-2 1.73549799E-3 -4.73976135E-2 9.56097774E-3
09 16 2014 22 20 29 113 -2.50379363E+1 0.00000000E+0 -1.00000000E+2 9.78861900E+5 0.00000000E+0 7.30885267E+1 4.34061220E-1 3.26818943E+1 2.24470941E-3 6.89089298E-2 2.27912351E-3 -4.80830669E-2 8.61379868E-3
09 16 2014 22 20 32 117 0.00000000E+0 0.00000000E+0 -1.00000000E+2 9.78865700E+5 0.00000000E+0 7.30878115E+1 4.63049131E-1 3.26822102E+1 2.89839127E-3 1.01214647E-1 1.95631546E-3 -5.89430332E-2 6.98811097E-3
09 16 2014 22 20 36 121 2.50379363E+1 0.00000000E+0 -1.00000000E+2 9.78869500E+5 0.00000000E+0 7.31719285E+1 4.35496943E-1 3.26809287E+1 3.00192882E-3 1.25341117E-1 2.56931051E-3 -7.04079866E-2 6.30493939E-3
09 16 2014 22 20 40 124 3.50531108E+1 0.00000000E+0 -1.00000000E+2 9.78872800E+5 0.00000000E+0 7.30773211E+1 4.37160080E-1 3.26832235E+1 1.98002854E-3 1.28006935E-1 2.17574357E-3 -7.34448433E-2 1.06942654E-2
09 16 2014 22 20 43 127 4.50682853E+1 0.00000000E+0 -1.00000000E+2 9.78876000E+5 0.00000000E+0 7.31327534E+1 4.69671001E-1 3.26855659E+1 2.36857473E-3 1.35678053E-1 1.62224021E-3 -6.97493553E-2 7.56282334E-3
09 16 2014 22 20 46 130 5.49317147E+1 0.00000000E+0 -1.00000000E+2 9.78879200E+5 0.00000000E+0 7.30267167E+1 4.52259117E-1 3.26826990E+1 1.78804523E-3 1.44869089E-1 2.29169059E-3 -7.28428364E-2 3.85884627E-3
09 16 2014 22 20 49 133 6.49468892E+1 0.00000000E+0 -1.00000000E+2 9.78882400E+5 0.00000000E+0 7.30824471E+1 4.33746481E-1 3.26786995E+1 1.95559847E-3 1.42329931E-1 2.29221272E-3 -7.16626644E-2 7.53472150E-3
09 16 2014 22 20 56 141 -6.49468892E+1 1.25567322E+1 -1.00000000E+2 9.78889700E+5 0.00000000E+0 7.30410218E+1 4.57637719E-1 3.26634720E+1 1.99069698E-3 1.73747540E-2 2.39864574E-3 -3.79756093E-2 8.72537830E-3
09 16 2014 22 21 00 144 -5.49317147E+1 1.25567322E+1 -1.00000000E+2 9.78893000E+5 0.00000000E+0 7.30290413E+1 4.36618157E-1 3.26635838E+1 2.12826759E-3 3.18467617E-2 2.14725681E-3 -3.92377377E-2 1.19354934E-2
09 16 2014 22 21 03 147 -4.50682853E+1 1.25567322E+1 -1.00000000E+2 9.78896200E+5 0.00000000E+0 7.30835795E+1 4.69650597E-1 3.26665401E+1 2.89599684E-3 4.35054302E-2 3.44123411E-3 -4.21106815E-2 8.86064589E-3
09 16 2014 22 21 06 150 -3.50531108E+1 1.25567322E+1 -1.00000000E+2 9.78899400E+5 0.00000000E+0 7.30918646E+1 4.43047661E-1 3.26659799E+1 1.84997908E-3 5.95331192E-2 1.83067428E-3 -4.81367111E-2 9.65061406E-3
09 16 2014 22 21 09 154 -2.50379363E+1 1.25567322E+1 -1.00000000E+2 9.78902600E+5 0.00000000E+0 7.30728358E+1 4.69898659E-1 3.26684341E+1 2.67189081E-3 7.18235970E-2 2.39528615E-3 -5.08278608E-2 1.14139912E-2
09 16 2014 22 21 13 157 0.00000000E+0 1.25567322E+1 -1.00000000E+2 9.78906400E+5 0.00000000E+0 7.30474591E+1 4.30952325E-1 3.26731682E+1 2.43429185E-3 1.05285645E-1 2.18226529E-3 -6.14047050E-2 7.39764179E-3
09 16 2014 22 21 17 161 2.50379363E+1 1.25567322E+1 -1.00000000E+2 9.78910200E+5 0.00000000E+0 7.30966330E+1 4.53790086E-1 3.26698124E+1 2.25683019E-3 1.29795074E-1 2.15710051E-3 -7.24732876E-2 6.34160339E-3
09 16 2014 22 21 20 164 3.50531108E+1 1.25567322E+1 -1.00000000E+2 9.78913400E+5 0.00000000E+0 7.30743408E+1 4.29732820E-1 3.26733589E+1 2.95945504E-3 1.35803223E-1 2.08516743E-3 -7.71522522E-2 9.79790594E-3
09 16 2014 22 21 23 168 4.50682853E+1 1.25567322E+1 -1.00000000E+2 9.78916700E+5 0.00000000E+0 7.30708241E+1 4.30642869E-1 3.26741576E+1 2.22149856E-3 1.48206949E-1 1.98530989E-3 -7.20441341E-2 8.76793292E-3
09 16 2014 22 21 27 171 5.49317147E+1 1.25567322E+1 -1.00000000E+2 9.78919900E+5 0.00000000E+0 7.30342418E+1 4.21686686E-1 3.26743647E+1 2.44227562E-3 1.54569745E-1 2.96441490E-3 -7.53402710E-2 5.07799858E-3
09 16 2014 22 21 30 174 6.49468892E+1 1.25567322E+1 -1.00000000E+2 9.78923100E+5 0.00000000E+0 7.31076002E+1 4.50550012E-1 3.26763690E+1 2.24019833E-3 1.54566765E-1 2.19177263E-3 -8.03887844E-2 6.19396734E-3
09 16 2014 22 21 37 181 -6.49468892E+1 2.49621785E+1 -1.00000000E+2 9.78930400E+5 0.00000000E+0 7.29683042E+1 4.06340504E-1 3.26441824E+1 2.82855285E-3 7.31647015E-3 2.15584323E-3 -4.22820449E-2 7.98301439E-3
09 16 2014 22 21 40 185 -5.49317147E+1 2.49621785E+1 -1.00000000E+2 9.78933600E+5 0.00000000E+0 7.30772018E+1 4.17514290E-1 3.26402843E+1 2.79636771E-3 2.54452229E-2 2.59579498E-3 -4.61816788E-2 1.29815405E-2
09 16 2014 22 21 44 188 -4.50682853E+1 2.49621785E+1 -1.00000000E+2 9.78936900E+5 0.00000000E+0 7.30414987E+1 4.45096309E-1 3.26448143E+1 3.01763628E-3 3.88443470E-2 1.76064578E-3 -4.71591949E-2 9.67428507E-3
09 16 2014 22 21 47 191 -3.50531108E+1 2.49621785E+1 -1.00000000E+2 9.78940100E+5 0.00000000E+0 7.31856376E+1 4.62188415E-1 3.26473787E+1 2.31624958E-3 5.44339418E-2 1.60991399E-3 -4.99114394E-2 9.22197380E-3
09 16 2014 22 21 50 194 -2.50379363E+1 2.49621785E+1 -1.00000000E+2 9.78943300E+5 0.00000000E+0 7.30637312E+1 4.38561802E-1 3.26491117E+1 2.49438589E-3 6.70969486E-2 2.70384434E-3 -5.15699387E-2 9.69058420E-3
09 16 2014 22 21 54 198 0.00000000E+0 2.49621785E+1 -1.00000000E+2 9.78947100E+5 0.00000000E+0 7.30661154E+1 4.23233025E-1 3.26513708E+1 2.18735754E-3 1.07628107E-1 1.91606355E-3 -6.68942928E-2 6.10959009E-3
09 16 2014 22 21 58 202 2.50379363E+1 2.49621785E+1 -1.00000000E+2 9.78950900E+5 0.00000000E+0 7.30964541E+1 4.14591309E-1 3.26578319E+1 1.93957465E-3 1.36208534E-1 2.56417404E-3 -7.68661499E-2 4.50289324E-3
09 16 2014 22 22 01 205 3.50531108E+1 2.49621785E+1 -1.00000000E+2 9.78954100E+5 0.00000000E+0 7.30913281E+1 4.30361346E-1 3.26634645E+1 2.70459803E-3 1.43110752E-1 3.04453888E-3 -7.89105892E-2 1.00757166E-2
09 16 2014 22 22 04 208 4.50682853E+1 2.49621785E+1 -1.00000000E+2 9.78957400E+5 0.00000000E+0 7.31845945E+1 4.34596529E-1 3.26645151E+1 2.73860479E-3 1.51850283E-1 2.91294390E-3 -7.92071223E-2 6.51352238E-3
09 16 2014 22 22 07 212 5.49317147E+1 2.49621785E+1 -1.00000000E+2 9.78960600E+5 0.00000000E+0 7.30553269E+1 4.45766721E-1 3.26669931E+1 2.32651890E-3 1.60878897E-1 2.40929923E-3 -8.28087330E-2 5.50585219E-3
09 16 2014 22 22 11 215 6.49468892E+1 2.49621785E+1 -1.00000000E+2 9.78963800E+5 0.00000000E+0 7.31374621E+1 4.27039464E-1 3.26661766E+1 2.93658952E-3 1.63745880E-1 1.79644380E-3 -8.65578651E-2 6.48175289E-3
09 16 2014 22 22 18 223 -6.49468892E+1 -2.49621785E+1 -5.00000000E+1 9.78971600E+5 0.00000000E+0 7.31106400E+1 4.46046737E-1 3.27222824E+1 2.76703982E-3 5.72085381E-2 2.51662551E-3 -8.45611095E-2 5.75986334E-3
09 16 2014 22 22 22 226 -5.49317147E+1 -2.49621785E+1 -5.00000000E+1 9.78974800E+5 0.00000000E+0 7.31889904E+1 4.59793362E-1 3.27189267E+1 1.92342382E-3 6.62207603E-2 1.59580236E-3 -7.92294741E-2 1.61234475E-2
09 16 2014 22 22 25 229 -4.50682853E+1 -2.49621785E+1 -5.00000000E+1 9.78978000E+5 0.00000000E+0 7.31060505E+1 4.48661672E-1 3.27199161E+1 2.65842905E-3 7.25209713E-2 2.32068468E-3 -7.18116760E-2 1.05840693E-2
09 16 2014 22 22 28 232 -3.50531108E+1 -2.49621785E+1 -5.00000000E+1 9.78981300E+5 0.00000000E+0 7.34502077E+1 4.60160942E-1 3.27205300E+1 2.88603644E-3 7.76529312E-2 2.18801567E-3 -6.57260418E-2 7.45328051E-3
09 16 2014 22 22 31 235 -2.50379363E+1 -2.49621785E+1 -5.00000000E+1 9.78984500E+5 0.00000000E+0 7.32279420E+1 4.42011530E-1 3.27221870E+1 2.44930090E-3 8.54909420E-2 2.22256727E-3 -6.47783279E-2 1.25441281E-2
09 16 2014 22 22 35 239 0.00000000E+0 -2.49621785E+1 -5.00000000E+1 9.78988300E+5 0.00000000E+0 7.33221322E+1 4.39527193E-1 3.27250361E+1 3.13197690E-3 1.09560788E-1 1.79129891E-3 -6.24805689E-2 8.98607975E-3
09 16 2014 22 22 39 243 2.50379363E+1 -2.49621785E+1 -5.00000000E+1 9.78992100E+5 0.00000000E+0 7.31703639E+1 4.57186405E-1 3.27335745E+1 2.37776966E-3 1.28149986E-1 1.75201159E-3 -5.86956739E-2 7.50190225E-3
09 16 2014 22 22 42 246 3.50531108E+1 -2.49621785E+1 -5.00000000E+1 9.78995300E+5 0.00000000E+0 7.32652545E+1 4.35618088E-1 3.27355266E+1 2.19283024E-3 1.32417679E-1 2.65142132E-3 -5.30481339E-2 8.94249513E-3
09 16 2014 22 22 45 250 4.50682853E+1 -2.49621785E+1 -5.00000000E+1 9.78998500E+5 0.00000000E+0 7.32330084E+1 4.68958704E-1 3.27396870E+1 2.89361981E-3 1.40583515E-1 1.87655264E-3 -3.78429890E-2 9.69244218E-3
09 16 2014 22 22 49 253 5.49317147E+1 -2.49621785E+1 -5.00000000E+1 9.79001800E+5 0.00000000E+0 7.33394921E+1 4.34468800E-1 3.27396393E+1 2.92261374E-3 1.42209232E-1 1.72172155E-3 -2.48998404E-2 5.24446363E-3
09 16 2014 22 22 52 256 6.49468892E+1 -2.49621785E+1 -5.00000000E+1 9.79005000E+5 0.00000000E+0 7.32656121E+1 4.10073805E-1 3.27436745E+1 2.49404853E-3 1.40422583E-1 2.40090276E-3 -1.08301640E-2 7.28695025E-3
09 16 2014 22 22 59 263 -6.49468892E+1 -1.25567322E+1 -5.00000000E+1 9.79012300E+5 0.00000000E+0 7.32922554E+1 4.45051349E-1 3.27257290E+1 2.22625543E-3 3.75434756E-2 2.12066089E-3 -8.50111246E-2 9.84198854E-3
09 16 2014 22 23 02 267 -5.49317147E+1 -1.25567322E+1 -5.00000000E+1 9.79015500E+5 0.00000000E+0 7.32821822E+1 4.30750121E-1 3.27215075E+1 2.83050891E-3 4.76479530E-2 2.06986674E-3 -7.68601894E-2 1.54241040E-2
09 16 2014 22 23 05 270 -4.50682853E+1 -1.25567322E+1 -5.00000000E+1 9.79018700E+5 0.00000000E+0 7.33087063E+1 4.22751098E-1 3.27191472E+1 2.78495697E-3 5.75602055E-2 2.54363715E-3 -6.97195530E-2 1.13137668E-2
09 16 2014 22 23 09 273 -3.50531108E+1 -1.25567322E+1 -5.00000000E+1 9.79021900E+5 0.00000000E+0 7.32748508E+1 4.31638904E-1 3.27162445E+1 2.59677445E-3 6.42120838E-2 2.30937688E-3 -6.61253929E-2 1.03300632E-2
09 16 2014 22 23 12 276 -2.50379363E+1 -1.25567322E+1 -5.00000000E+1 9.79025200E+5 0.00000000E+0 7.32676685E+1 4.40217353E-1 3.27135399E+1 2.39547154E-3 7.49975443E-2 2.24412345E-3 -6.62133098E-2 1.04170066E-2
09 16 2014 22 23 16 280 0.00000000E+0 -1.25567322E+1 -5.00000000E+1 9.79029000E+5 0.00000000E+0 7.32852221E+1 4.49354345E-1 3.27123284E+1 2.69764785E-3 1.03127956E-1 2.30731128E-3 -6.18457794E-2 6.36751238E-3
09 16 2014 22 23 20 284 2.50379363E+1 -1.25567322E+1 -5.00000000E+1 9.79032800E+5 0.00000000E+0 7.32220411E+1 4.38652488E-1 3.27157974E+1 2.16450789E-3 1.24222040E-1 1.77174084E-3 -5.88953495E-2 6.82918326E-3
09 16 2014 22 23 23 287 3.50531108E+1 -1.25567322E+1 -5.00000000E+1 9.79036000E+5 0.00000000E+0 7.32820630E+1 4.40336874E-1 3.27239990E+1 2.51028718E-3 1.27828121E-1 2.82527208E-3 -5.69999218E-2 9.86027869E-3
09 16 2014 22 23 26 290 4.50682853E+1 -1.25567322E+1 -5.00000000E+1 9.79039200E+5 0.00000000E+0 7.31360912E+1 4.35842162E-1 3.27227563E+1 2.88143920E-3 1.34684145E-1 2.05105521E-3 -4.56571579E-2 7.95415740E-3
09 16 2014 22 23 29 293 5.49317147E+1 -1.25567322E+1 -5.00000000E+1 9.79042500E+5 0.00000000E+0 7.32419491E+1 4.72030221E-1 3.27268183E+1 2.42353734E-3 1.42842531E-1 2.69958102E-3 -3.41713428E-2 5.34469131E-3
09 16 2014 22 23 32 297 6.49468892E+1 -1.25567322E+1 -5.00000000E+1 9.79045700E+5 0.00000000E+0 7.31630921E+1 4.77780688E-1 3.27314854E+1 2.43644166E-3 1.40410662E-1 2.48292782E-3 -2.40027905E-2 8.48184776E-3
09 16 2014 22 23 40 304 -6.49468892E+1 0.00000000E+0 -5.00000000E+1 9.79053000E+5 0.00000000E+0 7.32083917E+1 4.20109124E-1 3.27089608E+1 2.22357661E-3 2.59757042E-2 2.52522959E-3 -8.25226307E-2 9.57242938E-3
09 16 2014 22 23 43 307 -5.49317147E+1 0.00000000E+0 -5.00000000E+1 9.79056200E+5 0.00000000E+0 7.31617808E+1 4.38302392E-1 3.27020645E+1 2.48723924E-3 3.92973423E-2 3.33411030E-3 -7.49826431E-2 1.80571684E-2
09 16 2014 22 23 46 310 -4.50682853E+1 0.00000000E+0 -5.00000000E+1 9.79059400E+5 0.00000000E+0 7.32455254E+1 4.21245110E-1 3.26967716E+1 2.50366396E-3 5.21063805E-2 2.14329097E-3 -7.40706921E-2 1.19137287E-2
09 16 2014 22 23 49 314 -3.50531108E+1 0.00000000E+0 -5.00000000E+1 9.79062700E+5 0.00000000E+0 7.31332600E+1 4.49122824E-1 3.26973945E+1 2.98384606E-3 5.80847263E-2 2.64973765E-3 -6.41867518E-2 1.27021377E-2
09 16 2014 22 23 53 317 -2.50379363E+1 0.00000000E+0 -5.00000000E+1 9.79065900E+5 0.00000000E+0 7.32030869E+1 4.39323216E-1 3.26964617E+1 2.69145793E-3 6.97731972E-2 2.47109884E-3 -6.70671463E-2 1.23287026E-2
09 16 2014 22 23 56 321 0.00000000E+0 0.00000000E+0 -5.00000000E+1 9.79069700E+5 0.00000000E+0 7.32210875E+1 4.37651005E-1 3.26984882E+1 2.63784625E-3 1.00320578E-1 2.09299918E-3 -6.58154488E-2 9.72606162E-3
09 16 2014 22 24 00 325 2.50379363E+1 0.00000000E+0 -5.00000000E+1 9.79073500E+5 0.00000000E+0 7.32221007E+1 4.55759765E-1 3.27014506E+1 2.06631346E-3 1.26898289E-1 2.42076594E-3 -6.46173954E-2 7.11275990E-3
09 16 2014 22 24 03 328 3.50531108E+1 0.00000000E+0 -5.00000000E+1 9.79076700E+5 0.00000000E+0 7.32565671E+1 4.37636221E-1 3.27052176E+1 3.30634796E-3 1.30191445E-1 2.10919607E-3 -6.25178218E-2 1.05154008E-2
09 16 2014 22 24 07 331 4.50682853E+1 0.00000000E+0 -5.00000000E+1 9.79079900E+5 0.00000000E+0 7.31722713E+1 4.63543582E-1 3.27089369E+1 3.55687545E-3 1.39278173E-1 2.01165734E-3 -5.67078590E-2 8.75545473E-3
09 16 2014 22 24 10 334 5.49317147E+1 0.00000000E+0 -5.00000000E+1 9.79083200E+5 0.00000000E+0 7.32298493E+1 4.75294711E-1 3.27153444E+1 2.64011361E-3 1.46001577E-1 2.59936540E-3 -4.45067883E-2 5.93018054E-3
09 16 2014 22 24 13 337 6.49468892E+1 0.00000000E+0 -5.00000000E+1 9.79086400E+5 0.00000000E+0 7.31822848E+1 4.23101661E-1 3.27248394E+1 2.79337046E-3 1.48755312E-1 2.04228383E-3 -3.30090523E-2 5.97999535E-3
09 16 2014 22 24 20 345 -6.49468892E+1 1.25567322E+1 -5.00000000E+1 9.79093700E+5 0.00000000E+0 7.32725859E+1 4.71747126E-1 3.26967597E+1 2.76479539E-3 1.58727169E-2 2.50899822E-3 -8.07046890E-2 8.66105458E-3
09 16 2014 22 24 24 348 -5.49317147E+1 1.25567322E+1 -5.00000000E+1 9.79096900E+5 0.00000000E+0 7.31984377E+1 4.64034290E-1 3.26901436E+1 2.41306036E-3 2.85387039E-2 2.62100682E-3 -7.54833221E-2 1.58937113E-2
09 16 2014 22 24 27 351 -4.50682853E+1 1.25567322E+1 -5.00000000E+1 9.79100100E+5 0.00000000E+0 7.32828677E+1 4.27720511E-1 3.26864198E+1 2.76228572E-3 4.35560942E-2 2.24454558E-3 -6.87241554E-2 1.11409782E-2
09 16 2014 22 24 30 354 -3.50531108E+1 1.25567322E+1 -5.00000000E+1 9.79103300E+5 0.00000000E+0 7.31623173E+1 4.34472695E-1 3.26835752E+1 2.87513120E-3 5.85496426E-2 1.78007978E-3 -6.67333603E-2 8.97760470E-3
09 16 2014 22 24 33 358 -2.50379363E+1 1.25567322E+1 -5.00000000E+1 9.79106600E+5 0.00000000E+0 7.32250214E+1 4.71179329E-1 3.26809525E+1 2.94503966E-3 6.86824322E-2 2.67072360E-3 -7.01785088E-2 1.27200807E-2
09 16 2014 22 24 37 361 0.00000000E+0 1.25567322E+1 -5.00000000E+1 9.79110400E+5 0.00000000E+0 7.31554031E+1 4.38948851E-1 3.26842487E+1 3.59656516E-3 1.02663040E-1 2.97498241E-3 -6.80506229E-2 6.86499040E-3
09 16 2014 22 24 41 365 2.50379363E+1 1.25567322E+1 -5.00000000E+1 9.79114200E+5 0.00000000E+0 7.32506514E+1 4.51098991E-1 3.26932311E+1 2.66197868E-3 1.34569407E-1 2.04740459E-3 -6.43670559E-2 6.07708666E-3
09 16 2014 22 24 44 368 3.50531108E+1 1.25567322E+1 -5.00000000E+1 9.79117400E+5 0.00000000E+0 7.32532144E+1 4.31262460E-1 3.26950312E+1 2.98777679E-3 1.38694048E-1 2.39153876E-3 -6.41644001E-2 1.00005660E-2
09 16 2014 22 24 47 372 4.50682853E+1 1.25567322E+1 -5.00000000E+1 9.79120600E+5 0.00000000E+0 7.31800199E+1 4.40973172E-1 3.27007771E+1 2.94653768E-3 1.49720907E-1 2.27781045E-3 -5.42819500E-2 7.95011381E-3
09 16 2014 22 24 51 375 5.49317147E+1 1.25567322E+1 -5.00000000E+1 9.79123800E+5 0.00000000E+0 7.31758475E+1 4.18081938E-1 3.27103853E+1 3.18780605E-3 1.62786245E-1 2.95628792E-3 -4.53293324E-2 8.08737571E-3
09 16 2014 22 24 54 378 6.49468892E+1 1.25567322E+1 -5.00000000E+1 9.79127000E+5 0.00000000E+0 7.32161105E+1 4.41076922E-1 3.27168703E+1 3.20316049E-3 1.63741410E-1 2.74404792E-3 -4.19095159E-2 6.97810205E-3
09 16 2014 22 25 01 385 -6.49468892E+1 2.49621785E+1 -5.00000000E+1 9.79134400E+5 0.00000000E+0 7.31843114E+1 4.47737322E-1 3.26808989E+1 3.01723968E-3 9.41157341E-3 2.64007819E-3 -8.60571861E-2 1.07400470E-2
09 16 2014 22 25 04 389 -5.49317147E+1 2.49621785E+1 -5.00000000E+1 9.79137600E+5 0.00000000E+0 7.31975585E+1 4.74528439E-1 3.26759517E+1 2.75181591E-3 2.55182385E-2 3.96245384E-3 -8.29026103E-2 1.72349298E-2
09 16 2014 22 25 08 392 -4.50682853E+1 2.49621785E+1 -5.00000000E+1 9.79140800E+5 0.00000000E+0 7.32024312E+1 4.38591505E-1 3.26708853E+1 2.30957120E-3 3.94225121E-2 2.74143173E-3 -7.25209713E-2 7.14295929E-3
09 16 2014 22 25 11 395 -3.50531108E+1 2.49621785E+1 -5.00000000E+1 9.79144000E+5 0.00000000E+0 7.32247233E+1 4.54399904E-1 3.26673448E+1 2.28273052E-3 5.21361828E-2 2.12202933E-3 -7.11739063E-2 1.27377305E-2
09 16 2014 22 25 14 398 -2.50379363E+1 2.49621785E+1 -5.00000000E+1 9.79147200E+5 0.00000000E+0 7.31639862E+1 4.32011467E-1 3.26650500E+1 2.31675744E-3 6.95645809E-2 3.17936597E-3 -7.05957413E-2 1.12509427E-2
09 16 2014 22 25 18 402 0.00000000E+0 2.49621785E+1 -5.00000000E+1 9.79151100E+5 0.00000000E+0 7.31302053E+1 4.48299942E-1 3.26656923E+1 1.90173692E-3 1.07437372E-1 2.53348957E-3 -7.09444284E-2 8.14178503E-3
09 16 2014 22 25 22 406 2.50379363E+1 2.49621785E+1 -5.00000000E+1 9.79154900E+5 0.00000000E+0 7.32178241E+1 4.38316627E-1 3.26713547E+1 2.70589113E-3 1.39653683E-1 2.83407394E-3 -6.82696700E-2 6.35087886E-3
09 16 2014 22 25 25 409 3.50531108E+1 2.49621785E+1 -5.00000000E+1 9.79158100E+5 0.00000000E+0 7.31671453E+1 4.50935740E-1 3.26789379E+1 3.40301341E-3 1.50156021E-1 1.62965774E-3 -6.34074211E-2 1.13985067E-2
09 16 2014 22 25 28 412 4.50682853E+1 2.49621785E+1 -5.00000000E+1 9.79161300E+5 0.00000000E+0 7.32032657E+1 4.30773352E-1 3.26826811E+1 2.04971388E-3 1.62881613E-1 2.11885478E-3 -5.41687012E-2 7.29475961E-3
09 16 2014 22 25 31 416 5.49317147E+1 2.49621785E+1 -5.00000000E+1 9.79164500E+5 0.00000000E+0 7.31069595E+1 4.27193486E-1 3.26888859E+1 2.61953203E-3 1.77055597E-1 2.26037076E-3 -4.74080443E-2 4.57898564E-3
09 16 2014 22 25 34 419 6.49468892E+1 2.49621785E+1 -5.00000000E+1 9.79167700E+5 0.00000000E+0 7.32152462E+1 4.75217616E-1 3.26991260E+1 2.31907265E-3 1.81263685E-1 2.91886005E-3 -4.08411026E-2 6.14902002E-3
09 16 2014 22 25 42 427 -6.49468892E+1 -2.49621785E+1 0.00000000E+0 9.79175600E+5 0.00000000E+0 7.31839538E+1 4.44309355E-1 3.27619910E+1 2.33585536E-3 2.65359879E-2 3.23068866E-3 -9.30726528E-2 8.47740226E-3
09 16 2014 22 25 46 430 -5.49317147E+1 -2.49621785E+1 0.00000000E+0 9.79178800E+5 0.00000000E+0 7.32235909E+1 4.18385261E-1 3.27544510E+1 2.57769461E-3 3.86238098E-2 2.35673511E-3 -9.21308994E-2 1.61919336E-2
09 16 2014 22 25 49 433 -4.50682853E+1 -2.49621785E+1 0.00000000E+0 9.79182000E+5 0.00000000E+0 7.31688738E+1 4.47173309E-1 3.27443331E+1 4.08892497E-3 5.27724624E-2 2.88467392E-3 -8.72462988E-2 1.41987472E-2
09 16 2014 22 25 52 436 -3.50531108E+1 -2.49621785E+1 0.00000000E+0 9.79185200E+5 0.00000000E+0 7.32636452E+1 4.59869825E-1 3.27363014E+1 2.78552090E-3 6.08444214E-2 1.79686009E-3 -8.60571861E-2 1.43180180E-2
09 16 2014 22 25 55 439 -2.50379363E+1 -2.49621785E+1 0.00000000E+0 9.79188400E+5 0.00000000E+0 7.31642246E+1 4.46654861E-1 3.27307165E+1 3.29870254E-3 6.79135323E-2 2.71428736E-3 -8.87811184E-2 9.52637534E-3
09 16 2014 22 25 59 443 0.00000000E+0 -2.49621785E+1 0.00000000E+0 9.79192200E+5 0.00000000E+0 7.32000470E+1 4.44345209E-1 3.27311337E+1 3.51877898E-3 1.00725889E-1 2.01581723E-3 -8.84771347E-2 9.50875064E-3
09 16 2014 22 26 03 447 2.50379363E+1 -2.49621785E+1 0.00000000E+0 9.79196100E+5 0.00000000E+0 7.31366277E+1 4.50079235E-1 3.27414095E+1 1.86583033E-3 1.30808353E-1 2.24327618E-3 -9.20951366E-2 9.60718315E-3
09 16 2014 22 26 06 450 3.50531108E+1 -2.49621785E+1 0.00000000E+0 9.79199300E+5 0.00000000E+0 7.32491165E+1 4.12760386E-1 3.27465087E+1 2.74297959E-3 1.37597322E-1 2.25701522E-3 -8.61063600E-2 1.53377916E-2
09 16 2014 22 26 09 454 4.50682853E+1 -2.49621785E+1 0.00000000E+0 9.79202500E+5 0.00000000E+0 7.31267929E+1 4.56166625E-1 3.27548563E+1 3.46825287E-3 1.48683786E-1 2.51453682E-3 -7.86542892E-2 1.78862699E-2
09 16 2014 22 26 12 457 5.49317147E+1 -2.49621785E+1 0.00000000E+0 9.79205700E+5 0.00000000E+0 7.31571317E+1 4.58471139E-1 3.27661335E+1 2.29169059E-3 1.62357092E-1 2.28927417E-3 -7.60197639E-2 1.19966748E-2
09 16 2014 22 26 16 460 6.49468892E+1 -2.49621785E+1 0.00000000E+0 9.79208900E+5 0.00000000E+0 7.31210113E+1 4.60119294E-1 3.27785015E+1 3.12659114E-3 1.63674355E-1 2.17484960E-3 -7.46607780E-2 1.32179002E-2
09 16 2014 22 26 23 467 -6.49468892E+1 -1.25567322E+1 0.00000000E+0 9.79216400E+5 0.00000000E+0 7.31427222E+1 4.49473715E-1 3.27480584E+1 3.15424416E-3 2.15619802E-2 2.66555632E-3 -8.16062093E-2 5.08749881E-3
09 16 2014 22 26 26 471 -5.49317147E+1 -1.25567322E+1 0.00000000E+0 9.79219600E+5 0.00000000E+0 7.31530190E+1 4.45479162E-1 3.27411592E+1 2.73153065E-3 3.40640545E-2 2.73016122E-3 -8.27670097E-2 1.03988354E-2
09 16 2014 22 26 30 474 -4.50682853E+1 -1.25567322E+1 0.00000000E+0 9.79222800E+5 0.00000000E+0 7.31711984E+1 4.47483670E-1 3.27319264E+1 2.87461087E-3 4.08232212E-2 2.78000427E-3 -7.53581524E-2 1.07173464E-2
09 16 2014 22 26 33 477 -3.50531108E+1 -1.25567322E+1 0.00000000E+0 9.79226000E+5 0.00000000E+0 7.31606036E+1 4.68858884E-1 3.27270105E+1 1.90310640E-3 5.08651137E-2 1.87666307E-3 -7.54222274E-2 1.36858438E-2
09 16 2014 22 26 36 480 -2.50379363E+1 -1.25567322E+1 0.00000000E+0 9.79229200E+5 0.00000000E+0 7.31152892E+1 4.13055136E-1 3.27231824E+1 2.25172067E-3 6.39021397E-2 2.46424130E-3 -7.66932964E-2 7.91031279E-3
09 16 2014 22 26 40 484 0.00000000E+0 -1.25567322E+1 0.00000000E+0 9.79233100E+5 0.00000000E+0 7.31564164E+1 4.47114297E-1 3.27191412E+1 3.41242379E-3 9.38296318E-2 2.38446811E-3 -7.65800476E-2 7.51326194E-3
09 16 2014 22 26 44 488 2.50379363E+1 -1.25567322E+1 0.00000000E+0 9.79236900E+5 0.00000000E+0 7.31320381E+1 4.29571761E-1 3.27348053E+1 2.55777078E-3 1.21545792E-1 2.57958720E-3 -7.90119171E-2 1.03355283E-2
09 16 2014 22 26 47 491 3.50531108E+1 -1.25567322E+1 0.00000000E+0 9.79240100E+5 0.00000000E+0 7.31284618E+1 4.39268188E-1 3.27372491E+1 3.15314531E-3 1.28692389E-1 2.52717627E-3 -8.17418098E-2 1.58010884E-2
09 16 2014 22 26 50 494 4.50682853E+1 -1.25567322E+1 0.00000000E+0 9.79243300E+5 0.00000000E+0 7.30534643E+1 4.34000782E-1 3.27479839E+1 3.83895868E-3 1.38573349E-1 2.11775507E-3 -7.58320093E-2 1.62566902E-2
09 16 2014 22 26 53 498 5.49317147E+1 -1.25567322E+1 0.00000000E+0 9.79246500E+5 0.00000000E+0 7.31595755E+1 4.53682478E-1 3.27591181E+1 2.19211385E-3 1.53762102E-1 2.87491657E-3 -6.94096088E-2 1.24314365E-2
09 16 2014 22 26 56 501 6.49468892E+1 -1.25567322E+1 0.00000000E+0 9.79249700E+5 0.00000000E+0 7.30269551E+1 4.53838470E-1 3.27726245E+1 2.60804782E-3 1.56176090E-1 2.13209475E-3 -6.48081303E-2 1.35174733E-2
09 16 2014 22 27 04 508 -6.49468892E+1 0.00000000E+0 0.00000000E+0 9.79257100E+5 0.00000000E+0 7.31387138E+1 4.29112589E-1 3.27342451E+1 1.86446691E-3 1.28507614E-2 2.22838987E-3 -8.12530518E-2 6.66455181E-3
09 16 2014 22 27 07 511 -5.49317147E+1 0.00000000E+0 0.00000000E+0 9.79260300E+5 0.00000000E+0 7.31098652E+1 4.39123708E-1 3.27217698E+1 3.16319269E-3 2.97963619E-2 2.40059121E-3 -7.83920288E-2 1.51444155E-2
09 16 2014 22 27 10 515 -4.50682853E+1 0.00000000E+0 0.00000000E+0 9.79263500E+5 0.00000000E+0 7.31644034E+1 4.43020706E-1 3.27119455E+1 2.79493249E-3 3.92869115E-2 3.22907395E-3 -7.34031200E-2 1.16986776E-2
09 16 2014 22 27 13 518 -3.50531108E+1 0.00000000E+0 0.00000000E+0 9.79266700E+5 0.00000000E+0 7.31727481E+1 4.30632622E-1 3.27083766E+1 2.78495026E-3 4.92393970E-2 2.37899611E-3 -7.29441643E-2 1.48513564E-2
09 16 2014 22 27 17 521 -2.50379363E+1 0.00000000E+0 0.00000000E+0 9.79269900E+5 0.00000000E+0 7.31396079E+1 4.27296535E-1 3.27106357E+1 3.25713472E-3 6.34074211E-2 1.67246673E-3 -7.56204128E-2 1.00840123E-2
09 16 2014 22 27 20 525 1.06221548E+0 0.00000000E+0 0.00000000E+0 9.79273700E+5 0.00000000E+0 7.31902719E+1 4.29544437E-1 3.27119648E+1 1.89289266E-3 9.66966152E-2 2.33065433E-3 -7.65800476E-2 4.24181993E-3
09 16 2014 22 27 24 529 2.50379363E+1 0.00000000E+0 0.00000000E+0 9.79277600E+5 0.00000000E+0 7.31487870E+1 4.33251869E-1 3.27203095E+1 2.43793773E-3 1.26296282E-1 2.65927296E-3 -8.08715820E-2 9.99858577E-3
09 16 2014 22 27 28 532 3.50531108E+1 0.00000000E+0 0.00000000E+0 9.79280800E+5 0.00000000E+0 7.32126832E+1 4.52303882E-1 3.27264145E+1 2.37720929E-3 1.30638480E-1 2.81760430E-3 -7.88047910E-2 1.34460800E-2
09 16 2014 22 27 31 535 4.50682853E+1 0.00000000E+0 0.00000000E+0 9.79284000E+5 0.00000000E+0 7.31015205E+1 4.42288871E-1 3.27396333E+1 3.31706253E-3 1.44445896E-1 2.92771904E-3 -7.05242157E-2 1.46105639E-2
09 16 2014 22 27 34 538 5.49317147E+1 0.00000000E+0 0.00000000E+0 9.79287200E+5 0.00000000E+0 7.31852651E+1 4.44087531E-1 3.27534139E+1 3.03542946E-3 1.55574083E-1 2.99324782E-3 -6.42657280E-2 1.26144372E-2
09 16 2014 22 27 37 541 6.49468892E+1 0.00000000E+0 0.00000000E+0 9.79290400E+5 0.00000000E+0 7.30554014E+1 4.49778344E-1 3.27706859E+1 2.73782632E-3 1.58436596E-1 2.70387719E-3 -5.85764647E-2 9.54368210E-3
09 16 2014 22 27 45 549 -6.49468892E+1 1.25567322E+1 0.00000000E+0 9.79297800E+5 0.00000000E+0 7.32292533E+1 4.43400749E-1 3.27153802E+1 3.04355605E-3 7.42077827E-3 2.51096493E-3 -7.45296478E-2 4.47673926E-3
09 16 2014 22 27 48 552 -5.49317147E+1 1.25567322E+1 0.00000000E+0 9.79301000E+5 0.00000000E+0 7.31039047E+1 4.38084435E-1 3.27072516E+1 2.61780225E-3 2.28583813E-2 2.70983806E-3 -7.45207071E-2 1.33171859E-2
09 16 2014 22 27 51 555 -4.50682853E+1 1.25567322E+1 0.00000000E+0 9.79304200E+5 0.00000000E+0 7.31948614E+1 4.44660171E-1 3.27005088E+1 2.65600837E-3 3.50058079E-2 2.41884185E-3 -6.98864460E-2 1.43535465E-2
09 16 2014 22 27 54 558 -3.50531108E+1 1.25567322E+1 0.00000000E+0 9.79307400E+5 0.00000000E+0 7.31085539E+1 4.82170635E-1 3.26914966E+1 2.76376045E-3 4.49657440E-2 2.73993076E-3 -6.81400299E-2 1.35449520E-2
09 16 2014 22 27 57 562 -2.50379363E+1 1.25567322E+1 0.00000000E+0 9.79310600E+5 0.00000000E+0 7.32091665E+1 4.42796931E-1 3.26873720E+1 3.03666123E-3 5.93841076E-2 2.65555777E-3 -6.79969788E-2 1.01126849E-2
09 16 2014 22 28 01 565 0.00000000E+0 1.25567322E+1 0.00000000E+0 9.79314400E+5 0.00000000E+0 7.31442571E+1 4.48909939E-1 3.26903045E+1 2.39397692E-3 9.27805901E-2 2.81120627E-3 -7.20262527E-2 8.17748105E-3
09 16 2014 22 28 05 569 2.50379363E+1 1.25567322E+1 0.00000000E+0 9.79318300E+5 0.00000000E+0 7.32633471E+1 4.58846967E-1 3.27051952E+1 2.83088598E-3 1.26078725E-1 3.02045226E-3 -7.34105706E-2 7.60529342E-3
09 16 2014 22 28 08 572 3.50531108E+1 1.25567322E+1 0.00000000E+0 9.79321500E+5 0.00000000E+0 7.31561184E+1 4.31412577E-1 3.27162862E+1 3.43893491E-3 1.31058693E-1 3.02034289E-3 -7.36713409E-2 1.16548842E-2
09 16 2014 22 28 11 576 4.50682853E+1 1.25567322E+1 0.00000000E+0 9.79324700E+5 0.00000000E+0 7.32245445E+1 4.60522628E-1 3.27254951E+1 2.88944883E-3 1.43098831E-1 2.28303358E-3 -6.91473484E-2 1.58424699E-2
09 16 2014 22 28 15 579 5.49317147E+1 1.25567322E+1 0.00000000E+0 9.79327900E+5 0.00000000E+0 7.31596351E+1 4.58725824E-1 3.27434957E+1 2.78854670E-3 1.56778097E-1 2.25596836E-3 -6.46948814E-2 1.38375289E-2
09 16 2014 22 28 18 582 6.49468892E+1 1.25567322E+1 0.00000000E+0 9.79331100E+5 0.00000000E+0 7.32301176E+1 4.44004464E-1 3.27609107E+1 4.12194598E-3 1.62050128E-1 2.23269590E-3 -5.60283661E-2 1.32060364E-2
09 16 2014 22 28 25 589 -6.49468892E+1 2.49621785E+1 0.00000000E+0 9.79338400E+5 0.00000000E+0 7.31506199E+1 4.51535923E-1 3.27022076E+1 2.54263476E-3 1.72108412E-3 1.90086492E-3 -7.29039311E-2 8.70461506E-3
09 16 2014 22 28 28 593 -5.49317147E+1 2.49621785E+1 0.00000000E+0 9.79341700E+5 0.00000000E+0 7.31797814E+1 4.15491162E-1 3.26939106E+1 3.18311009E-3 1.87635422E-2 3.14695413E-3 -6.81757927E-2 1.46012185E-2
09 16 2014 22 28 32 596 -4.50682853E+1 2.49621785E+1 0.00000000E+0 9.79344900E+5 0.00000000E+0 7.31585026E+1 4.23094188E-1 3.26852202E+1 2.46940328E-3 3.11136246E-2 2.09139941E-3 -6.65783882E-2 1.22722201E-2
09 16 2014 22 28 35 599 -3.50531108E+1 2.49621785E+1 0.00000000E+0 9.79348100E+5 0.00000000E+0 7.32272863E+1 4.74270624E-1 3.26785564E+1 2.61014048E-3 4.21106815E-2 2.46921397E-3 -6.45101070E-2 1.48876417E-2
09 16 2014 22 28 38 602 -2.50379363E+1 2.49621785E+1 0.00000000E+0 9.79351300E+5 0.00000000E+0 7.31261075E+1 4.33362496E-1 3.26751620E+1 2.66271145E-3 5.62295318E-2 1.52272078E-3 -6.79790974E-2 1.09366754E-2
09 16 2014 22 28 42 606 0.00000000E+0 2.49621785E+1 0.00000000E+0 9.79355100E+5 0.00000000E+0 7.31661916E+1 4.63425231E-1 3.26779485E+1 3.14650252E-3 9.52005386E-2 2.89801062E-3 -6.92307949E-2 8.66000744E-3
09 16 2014 22 28 46 610 2.50379363E+1 2.49621785E+1 0.00000000E+0 9.79359000E+5 0.00000000E+0 7.31870532E+1 3.99866090E-1 3.26948583E+1 3.06578243E-3 1.31380558E-1 2.17033978E-3 -7.18116760E-2 8.78405123E-3
09 16 2014 22 28 49 613 3.50531108E+1 2.49621785E+1 0.00000000E+0 9.79362200E+5 0.00000000E+0 7.31912851E+1 4.20868437E-1 3.27072144E+1 3.59900265E-3 1.41173601E-1 2.90740911E-3 -7.10904598E-2 1.32472453E-2
09 16 2014 22 28 52 616 4.50682853E+1 2.49621785E+1 0.00000000E+0 9.79365400E+5 0.00000000E+0 7.31869042E+1 4.45926431E-1 3.27187330E+1 3.48120382E-3 1.54711306E-1 3.26996354E-3 -6.25327229E-2 1.50045918E-2
09 16 2014 22 28 55 620 5.49317147E+1 2.49621785E+1 0.00000000E+0 9.79368600E+5 0.00000000E+0 7.31480718E+1 4.39525573E-1 3.27324092E+1 2.96608806E-3 1.70254707E-1 2.04569605E-3 -5.26130199E-2 1.32507454E-2
09 16 2014 22 28 59 623 6.49468892E+1 2.49621785E+1 0.00000000E+0 9.79371800E+5 0.00000000E+0 7.32032657E+1 4.40604453E-1 3.27489376E+1 4.01249928E-3 1.77270174E-1 4.02226885E-3 -4.83810902E-2 9.93275612E-3
09 16 2014 22 29 06 631 -6.49468892E+1 -2.49621785E+1 5.00000000E+1 9.79379700E+5 0.00000000E+0 7.31773376E+1 4.28135366E-1 3.27448249E+1 3.17466341E-3 -9.36985016E-3 2.47934810E-3 -3.83615494E-2 7.99554885E-3
09 16 2014 22 29 10 634 -5.49317147E+1 -2.49621785E+1 5.00000000E+1 9.79382900E+5 0.00000000E+0 7.31626749E+1 4.17566184E-1 3.27389121E+1 3.31557965E-3 7.99894333E-3 3.64421022E-3 -4.63485718E-2 1.38903176E-2
09 16 2014 22 29 13 637 -4.50682853E+1 -2.49621785E+1 5.00000000E+1 9.79386100E+5 0.00000000E+0 7.31273293E+1 4.66230063E-1 3.27347875E+1 2.80614664E-3 2.00867653E-2 2.81556622E-3 -4.85718250E-2 1.16283163E-2
09 16 2014 22 29 16 640 -3.50531108E+1 -2.49621785E+1 5.00000000E+1 9.79389300E+5 0.00000000E+0 7.32327700E+1 4.58415770E-1 3.27312291E+1 3.23902965E-3 2.94268131E-2 2.47054640E-3 -5.14864922E-2 1.29872720E-2
09 16 2014 22 29 19 644 -2.50379363E+1 -2.49621785E+1 5.00000000E+1 9.79392500E+5 0.00000000E+0 7.32007027E+1 4.30589672E-1 3.27255666E+1 2.97922193E-3 4.11391258E-2 2.70152665E-3 -5.86688519E-2 9.60218374E-3
09 16 2014 22 29 23 647 0.00000000E+0 -2.49621785E+1 5.00000000E+1 9.79396300E+5 0.00000000E+0 7.31824040E+1 4.10570339E-1 3.27238500E+1 4.31022475E-3 7.23123550E-2 2.81447686E-3 -7.28726387E-2 9.47095901E-3
09 16 2014 22 29 27 651 2.50379363E+1 -2.49621785E+1 5.00000000E+1 9.79400200E+5 0.00000000E+0 7.31363893E+1 4.48034863E-1 3.27251926E+1 3.09645030E-3 9.38847661E-2 2.16946442E-3 -9.96589661E-2 7.94247641E-3
09 16 2014 22 29 30 654 3.50531108E+1 -2.49621785E+1 5.00000000E+1 9.79403400E+5 0.00000000E+0 7.32169151E+1 4.31786374E-1 3.27298760E+1 3.05469252E-3 9.97006893E-2 3.40228254E-3 -1.02186203E-1 1.81474303E-2
09 16 2014 22 29 33 658 4.50682853E+1 -2.49621785E+1 5.00000000E+1 9.79406600E+5 0.00000000E+0 7.31793046E+1 4.25717628E-1 3.27315867E+1 2.31913715E-3 1.09946728E-1 3.54352390E-3 -1.03741884E-1 2.61433187E-2
09 16 2014 22 29 37 661 5.49317147E+1 -2.49621785E+1 5.00000000E+1 9.79409800E+5 0.00000000E+0 7.31773973E+1 4.58221796E-1 3.27316403E+1 3.12201872E-3 1.19376183E-1 2.50485863E-3 -1.11699104E-1 2.49765810E-2
09 16 2014 22 29 40 664 6.49468892E+1 -2.49621785E+1 5.00000000E+1 9.79413000E+5 0.00000000E+0 7.32037425E+1 4.38623773E-1 3.27307135E+1 3.05475985E-3 1.20371580E-1 3.61697565E-3 -1.21027231E-1 1.40968702E-2
09 16 2014 22 29 47 671 -6.49468892E+1 -1.25567322E+1 5.00000000E+1 9.79420400E+5 0.00000000E+0 7.31310844E+1 4.45098885E-1 3.27308357E+1 2.74066088E-3 -1.05142593E-2 2.45088831E-3 -3.49044800E-2 9.94707733E-3
09 16 2014 22 29 50 675 -5.49317147E+1 -1.25567322E+1 5.00000000E+1 9.79423600E+5 0.00000000E+0 7.31298923E+1 4.40775586E-1 3.27251434E+1 2.97669150E-3 7.05718994E-3 3.25012343E-3 -4.13537025E-2 1.18314939E-2
09 16 2014 22 29 54 678 -4.50682853E+1 -1.25567322E+1 5.00000000E+1 9.79426800E+5 0.00000000E+0 7.31819272E+1 4.30546570E-1 3.27177167E+1 3.66855254E-3 2.09987164E-2 2.78478911E-3 -4.47571278E-2 1.29712275E-2
09 16 2014 22 29 57 681 -3.50531108E+1 -1.25567322E+1 5.00000000E+1 9.79430000E+5 0.00000000E+0 7.31437802E+1 4.21501931E-1 3.27142060E+1 3.05649775E-3 3.37302685E-2 2.56944090E-3 -5.16772270E-2 1.37966271E-2
09 16 2014 22 30 00 684 -2.50379363E+1 -1.25567322E+1 5.00000000E+1 9.79433200E+5 0.00000000E+0 7.32607394E+1 4.18012881E-1 3.27148810E+1 2.74430685E-3 4.44203615E-2 2.66697762E-3 -6.28679991E-2 6.65196025E-3
09 16 2014 22 30 04 688 0.00000000E+0 -1.25567322E+1 5.00000000E+1 9.79437100E+5 0.00000000E+0 7.31567144E+1 4.44735520E-1 3.27142835E+1 2.71869269E-3 7.47680664E-2 3.11114730E-3 -7.59124756E-2 9.53961317E-3
09 16 2014 22 30 08 692 2.50379363E+1 -1.25567322E+1 5.00000000E+1 9.79440900E+5 0.00000000E+0 7.31736422E+1 4.43052827E-1 3.27154517E+1 3.16579258E-3 1.02204084E-1 2.60465442E-3 -9.17375088E-2 1.02248582E-2
09 16 2014 22 30 11 695 3.50531108E+1 -1.25567322E+1 5.00000000E+1 9.79444100E+5 0.00000000E+0 7.31540918E+1 4.64329127E-1 3.27193260E+1 2.98196341E-3 1.06108189E-1 2.36715331E-3 -9.66429710E-2 1.92572617E-2
09 16 2014 22 30 14 698 4.50682853E+1 -1.25567322E+1 5.00000000E+1 9.79447300E+5 0.00000000E+0 7.32336938E+1 4.48640984E-1 3.27233300E+1 2.12679473E-3 1.14642084E-1 3.08372681E-3 -9.59634781E-2 2.68555715E-2
09 16 2014 22 30 17 702 5.49317147E+1 -1.25567322E+1 5.00000000E+1 9.79450500E+5 0.00000000E+0 7.31610060E+1 4.27022059E-1 3.27240825E+1 3.09811402E-3 1.24984980E-1 2.86871807E-3 -1.01602077E-1 2.12807817E-2
09 16 2014 22 30 20 705 6.49468892E+1 -1.25567322E+1 5.00000000E+1 9.79453700E+5 0.00000000E+0 7.32168555E+1 4.31075462E-1 3.27338696E+1 3.37028351E-3 1.23393536E-1 2.56927352E-3 -1.11871958E-1 1.54071032E-2
09 16 2014 22 30 28 712 -6.49468892E+1 0.00000000E+0 5.00000000E+1 9.79461100E+5 0.00000000E+0 7.31843114E+1 4.38618994E-1 3.27171862E+1 2.19002303E-3 -7.59959221E-3 2.75416370E-3 -2.98261642E-2 8.17848708E-3
09 16 2014 22 30 31 715 -5.49317147E+1 0.00000000E+0 5.00000000E+1 9.79464300E+5 0.00000000E+0 7.32089281E+1 4.44804938E-1 3.27121794E+1 2.80859105E-3 7.96318054E-3 1.82215642E-3 -3.85284424E-2 9.72157728E-3
09 16 2014 22 30 34 719 -4.50682853E+1 0.00000000E+0 5.00000000E+1 9.79467500E+5 0.00000000E+0 7.31499791E+1 4.38158993E-1 3.27080309E+1 2.65330361E-3 1.84059143E-2 3.34220439E-3 -3.82959843E-2 1.59856934E-2
09 16 2014 22 30 37 722 -3.50531108E+1 0.00000000E+0 5.00000000E+1 9.79470700E+5 0.00000000E+0 7.32645392E+1 4.38116764E-1 3.27042490E+1 2.94292463E-3 3.15681100E-2 2.53487980E-3 -4.80785966E-2 1.17527478E-2
09 16 2014 22 30 41 725 -2.50379363E+1 0.00000000E+0 5.00000000E+1 9.79473900E+5 0.00000000E+0 7.31350183E+1 4.69897763E-1 3.27029645E+1 2.63065575E-3 4.02390957E-2 2.65448728E-3 -5.71012497E-2 6.25593270E-3
09 16 2014 22 30 45 729 0.00000000E+0 0.00000000E+0 5.00000000E+1 9.79477800E+5 0.00000000E+0 7.31766820E+1 4.67827736E-1 3.27057123E+1 3.15739433E-3 7.68721104E-2 2.87985538E-3 -7.14123249E-2 8.70115860E-3
09 16 2014 22 30 48 733 2.50379363E+1 0.00000000E+0 5.00000000E+1 9.79481600E+5 0.00000000E+0 7.31533766E+1 4.48340133E-1 3.27081859E+1 2.96482697E-3 1.06734037E-1 3.04153413E-3 -8.78334045E-2 1.07872083E-2
09 16 2014 22 30 52 736 3.50531108E+1 0.00000000E+0 5.00000000E+1 9.79484800E+5 0.00000000E+0 7.32453912E+1 4.37336783E-1 3.27168256E+1 3.14973563E-3 1.09940767E-1 2.27416000E-3 -9.71928239E-2 1.80094541E-2
09 16 2014 22 30 55 739 4.50682853E+1 0.00000000E+0 5.00000000E+1 9.79488000E+5 0.00000000E+0 7.31955767E+1 4.42724935E-1 3.27226460E+1 3.04526965E-3 1.23250484E-1 2.40196949E-3 -9.03904438E-2 2.42901947E-2
09 16 2014 22 30 58 742 5.49317147E+1 0.00000000E+0 5.00000000E+1 9.79491200E+5 0.00000000E+0 7.32339621E+1 4.49436729E-1 3.27266037E+1 2.74447889E-3 1.30498409E-1 2.50805156E-3 -9.69350338E-2 2.20373242E-2
09 16 2014 22 31 01 745 6.49468892E+1 0.00000000E+0 5.00000000E+1 9.79494400E+5 0.00000000E+0 7.31904507E+1 4.49209762E-1 3.27340603E+1 2.99976872E-3 1.32966042E-1 2.03241765E-3 -1.06179714E-1 1.59287081E-2
09 16 2014 22 31 09 753 -6.49468892E+1 1.25567322E+1 5.00000000E+1 9.79501800E+5 0.00000000E+0 7.32502937E+1 4.49485270E-1 3.27044547E+1 3.08669201E-3 -1.20818615E-2 2.11355326E-3 -3.27467918E-2 1.13789491E-2
09 16 2014 22 31 12 756 -5.49317147E+1 1.25567322E+1 5.00000000E+1 9.79505000E+5 0.00000000E+0 7.31613040E+1 4.79483675E-1 3.26985955E+1 3.41956711E-3 2.61664391E-3 2.51293010E-3 -4.02629375E-2 1.17517612E-2
09 16 2014 22 31 15 759 -4.50682853E+1 1.25567322E+1 5.00000000E+1 9.79508200E+5 0.00000000E+0 7.32313097E+1 4.36808143E-1 3.26983556E+1 2.38367661E-3 1.46850944E-2 2.79035268E-3 -4.09260392E-2 1.30428052E-2
09 16 2014 22 31 18 762 -3.50531108E+1 1.25567322E+1 5.00000000E+1 9.79511400E+5 0.00000000E+0 7.31920004E+1 4.05186063E-1 3.26927125E+1 3.14097697E-3 2.97129154E-2 2.88079020E-3 -4.51445580E-2 1.23902891E-2
09 16 2014 22 31 21 766 -2.50379363E+1 1.25567322E+1 5.00000000E+1 9.79514600E+5 0.00000000E+0 7.32163787E+1 4.46646132E-1 3.26904416E+1 2.53179640E-3 4.09722328E-2 2.55268495E-3 -5.44726849E-2 9.93804080E-3
09 16 2014 22 31 25 769 0.00000000E+0 1.25567322E+1 5.00000000E+1 9.79518500E+5 0.00000000E+0 7.31492043E+1 4.53979277E-1 3.26928437E+1 3.40847624E-3 8.08119774E-2 2.26015015E-3 -6.43312931E-2 1.02663811E-2
09 16 2014 22 31 29 773 2.50379363E+1 1.25567322E+1 5.00000000E+1 9.79522300E+5 0.00000000E+0 7.32022524E+1 4.41215252E-1 3.27021256E+1 2.85330325E-3 1.10737979E-1 2.31215578E-3 -8.20383430E-2 9.43710197E-3
09 16 2014 22 31 32 777 3.50531108E+1 1.25567322E+1 5.00000000E+1 9.79525500E+5 0.00000000E+0 7.32001066E+1 4.51183245E-1 3.27035010E+1 2.30840507E-3 1.16312504E-1 2.91312095E-3 -8.68678093E-2 1.42577762E-2
09 16 2014 22 31 35 780 4.50682853E+1 1.25567322E+1 5.00000000E+1 9.79528700E+5 0.00000000E+0 7.31977820E+1 4.09541533E-1 3.27100277E+1 2.43889627E-3 1.29824877E-1 2.17844902E-3 -8.69393349E-2 2.46613028E-2
09 16 2014 22 31 39 783 5.49317147E+1 1.25567322E+1 5.00000000E+1 9.79531900E+5 0.00000000E+0 7.31448531E+1 4.38522434E-1 3.27148914E+1 3.51497748E-3 1.40947104E-1 3.59011262E-3 -9.12904739E-2 2.37710932E-2
09 16 2014 22 31 42 786 6.49468892E+1 1.25567322E+1 5.00000000E+1 9.79535100E+5 0.00000000E+0 7.32335448E+1 4.46786176E-1 3.27254757E+1 2.13834519E-3 1.44645572E-1 2.19374245E-3 -1.01551414E-1 1.43648513E-2
09 16 2014 22 31 49 793 -6.49468892E+1 2.49621785E+1 5.00000000E+1 9.79542500E+5 0.00000000E+0 7.31694102E+1 4.76102589E-1 3.26798737E+1 2.79042360E-3 -1.72674656E-2 2.85533787E-3 -2.98678875E-2 1.16044933E-2
09 16 2014 22 31 52 797 -5.49317147E+1 2.49621785E+1 5.00000000E+1 9.79545700E+5 0.00000000E+0 7.32433051E+1 4.61602520E-1 3.26752737E+1 2.93085803E-3 -4.61935997E-4 2.58728103E-3 -3.97488475E-2 1.26572326E-2
09 16 2014 22 31 56 800 -4.50682853E+1 2.49621785E+1 5.00000000E+1 9.79548900E+5 0.00000000E+0 7.31920004E+1 4.33972125E-1 3.26733053E+1 3.11688172E-3 1.86443329E-2 2.60124222E-3 -4.19497490E-2 1.29477048E-2
09 16 2014 22 31 59 803 -3.50531108E+1 2.49621785E+1 5.00000000E+1 9.79552100E+5 0.00000000E+0 7.32218623E+1 4.26316237E-1 3.26707840E+1 3.76345386E-3 3.14176083E-2 3.05997058E-3 -4.91142273E-2 1.45322148E-2
09 16 2014 22 32 02 806 -2.50379363E+1 2.49621785E+1 5.00000000E+1 9.79555300E+5 0.00000000E+0 7.31616616E+1 4.43714759E-1 3.26702476E+1 2.96649780E-3 4.70519066E-2 3.61912558E-3 -5.78403473E-2 6.96099307E-3
09 16 2014 22 32 06 810 0.00000000E+0 2.49621785E+1 5.00000000E+1 9.79559100E+5 0.00000000E+0 7.32221454E+1 4.22391831E-1 3.26713547E+1 3.19848950E-3 8.60244036E-2 3.08653854E-3 -6.92754984E-2 1.07171627E-2
09 16 2014 22 32 10 814 2.50379363E+1 2.49621785E+1 5.00000000E+1 9.79563000E+5 0.00000000E+0 7.32163191E+1 4.37571530E-1 3.26844513E+1 2.05294981E-3 1.19596720E-1 2.79513709E-3 -8.35597515E-2 9.37606280E-3
09 16 2014 22 32 13 817 3.50531108E+1 2.49621785E+1 5.00000000E+1 9.79566200E+5 0.00000000E+0 7.32161403E+1 4.27653958E-1 3.26894045E+1 3.11686372E-3 1.26880407E-1 2.38740697E-3 -8.88347626E-2 1.62324085E-2
09 16 2014 22 32 16 820 4.50682853E+1 2.49621785E+1 5.00000000E+1 9.79569400E+5 0.00000000E+0 7.31611848E+1 4.52756237E-1 3.26959491E+1 2.77111839E-3 1.42663717E-1 2.18441490E-3 -9.00387764E-2 2.60851265E-2
09 16 2014 22 32 19 824 5.49317147E+1 2.49621785E+1 5.00000000E+1 9.79572600E+5 0.00000000E+0 7.31916726E+1 4.44255747E-1 3.27039808E+1 3.22669842E-3 1.51135027E-1 3.34557673E-3 -9.09790397E-2 2.28252315E-2
09 16 2014 22 32 23 827 6.49468892E+1 2.49621785E+1 5.00000000E+1 9.79575800E+5 0.00000000E+0 7.31911659E+1 4.39898788E-1 3.27145576E+1 2.77082148E-3 1.54018402E-1 2.51219334E-3 -1.01315975E-1 1.46285468E-2
09 16 2014 22 32 30 835 -6.49468892E+1 -2.49621785E+1 1.00000000E+2 9.79583700E+5 0.00000000E+0 7.32441545E+1 4.39257440E-1 3.27080429E+1 2.38715633E-3 -1.14798546E-2 3.00213645E-3 -9.90033150E-3 9.67460011E-3
09 16 2014 22 32 34 838 -5.49317147E+1 -2.49621785E+1 1.00000000E+2 9.79586900E+5 0.00000000E+0 7.31844306E+1 4.38981885E-1 3.27074647E+1 2.69487386E-3 -3.54051590E-3 2.71869269E-3 -1.90079212E-2 1.46860851E-2
09 16 2014 22 32 37 841 -4.50682853E+1 -2.49621785E+1 1.00000000E+2 9.79590100E+5 0.00000000E+0 7.32718408E+1 4.31661622E-1 3.27114463E+1 3.03550954E-3 8.41915607E-3 2.64772572E-3 -2.11745501E-2 1.26975055E-2
09 16 2014 22 32 40 844 -3.50531108E+1 -2.49621785E+1 1.00000000E+2 9.79593300E+5 0.00000000E+0 7.31689930E+1 4.46046422E-1 3.27098489E+1 3.16248326E-3 2.17437744E-2 2.14451201E-3 -3.12566757E-2 1.07156243E-2
09 16 2014 22 32 43 848 -2.50379363E+1 -2.49621785E+1 1.00000000E+2 9.79596500E+5 0.00000000E+0 7.32722878E+1 4.62703399E-1 3.27105045E+1 2.61986512E-3 2.90513039E-2 2.98514714E-3 -3.40580940E-2 9.08036478E-3
09 16 2014 22 32 47 851 0.00000000E+0 -2.49621785E+1 1.00000000E+2 9.79600400E+5 0.00000000E+0 7.31482506E+1 4.64122045E-1 3.27128828E+1 2.66376927E-3 6.01887703E-2 3.35950306E-3 -4.53650951E-2 1.07826225E-2
09 16 2014 22 32 51 855 2.50379363E+1 -2.49621785E+1 1.00000000E+2 9.79604200E+5 0.00000000E+0 7.32411146E+1 4.36537688E-1 3.27118576E+1 2.80624659E-3 8.01563263E-2 2.07033644E-3 -6.23345375E-2 8.25089837E-3
09 16 2014 22 32 54 858 3.50531108E+1 -2.49621785E+1 1.00000000E+2 9.79607400E+5 0.00000000E+0 7.31424242E+1 4.31434371E-1 3.27093676E+1 2.64399961E-3 8.04290175E-2 1.78666518E-3 -6.32926822E-2 1.98667908E-2
09 16 2014 22 32 57 862 4.50682853E+1 -2.49621785E+1 1.00000000E+2 9.79610600E+5 0.00000000E+0 7.32231736E+1 4.44288851E-1 3.27042162E+1 2.81391209E-3 8.75174999E-2 2.58563273E-3 -5.89907169E-2 3.08952762E-2
09 16 2014 22 33 01 865 5.49317147E+1 -2.49621785E+1 1.00000000E+2 9.79613800E+5 0.00000000E+0 7.31605887E+1 4.36659417E-1 3.27022135E+1 3.43100363E-3 9.53197479E-2 3.06800779E-3 -6.24835491E-2 2.65173520E-2
09 16 2014 22 33 04 868 6.49468892E+1 -2.49621785E+1 1.00000000E+2 9.79617000E+5 0.00000000E+0 7.32733309E+1 4.48729456E-1 3.26958597E+1 2.95116234E-3 8.99881124E-2 2.95577344E-3 -7.32913613E-2 1.24369987E-2
09 16 2014 22 33 11 875 -6.49468892E+1 -1.25567322E+1 1.00000000E+2 9.79624400E+5 0.00000000E+0 7.31574893E+1 4.37360445E-1 3.27029228E+1 2.51754666E-3 -1.15334988E-2 3.02886805E-3 -2.19106674E-2 9.16762718E-3
09 16 2014 22 33 14 879 -5.49317147E+1 -1.25567322E+1 1.00000000E+2 9.79627600E+5 0.00000000E+0 7.32819736E+1 4.47909321E-1 3.27026099E+1 2.63301452E-3 3.21120024E-3 3.07626765E-3 -2.96756625E-2 1.36389507E-2
09 16 2014 22 33 18 882 -4.50682853E+1 -1.25567322E+1 1.00000000E+2 9.79630800E+5 0.00000000E+0 7.31911063E+1 4.32323831E-1 3.27012241E+1 1.96828371E-3 1.77800655E-2 3.02970752E-3 -3.26633453E-2 1.52301854E-2
09 16 2014 22 33 21 885 -3.50531108E+1 -1.25567322E+1 1.00000000E+2 9.79634000E+5 0.00000000E+0 7.32559562E+1 4.53215087E-1 3.27008069E+1 2.55554743E-3 2.51114368E-2 1.69749085E-3 -3.53157520E-2 1.20164081E-2
09 16 2014 22 33 24 888 -2.50379363E+1 -1.25567322E+1 1.00000000E+2 9.79637200E+5 0.00000000E+0 7.31974840E+1 4.60004553E-1 3.27020407E+1 2.63835657E-3 3.18109989E-2 3.69524004E-3 -4.35590744E-2 6.79590909E-3
09 16 2014 22 33 28 892 0.00000000E+0 -1.25567322E+1 1.00000000E+2 9.79641000E+5 0.00000000E+0 7.32288510E+1 4.42470073E-1 3.26989442E+1 3.72876165E-3 6.66454434E-2 2.30435750E-3 -5.44786453E-2 8.90996738E-3
09 16 2014 22 33 32 896 2.50379363E+1 -1.25567322E+1 1.00000000E+2 9.79644900E+5 0.00000000E+0 7.32052326E+1 4.54638037E-1 3.27011794E+1 2.08888557E-3 8.97496939E-2 2.87551488E-3 -6.58482313E-2 8.44182192E-3
09 16 2014 22 33 35 899 3.50531108E+1 -1.25567322E+1 1.00000000E+2 9.79648100E+5 0.00000000E+0 7.31822848E+1 4.43109271E-1 3.27054441E+1 2.60723753E-3 8.94725323E-2 2.66993934E-3 -7.28011131E-2 1.92060810E-2
09 16 2014 22 33 38 902 4.50682853E+1 -1.25567322E+1 1.00000000E+2 9.79651300E+5 0.00000000E+0 7.31830597E+1 4.44598486E-1 3.26996386E+1 2.33840756E-3 9.44554806E-2 2.22054723E-3 -6.58988953E-2 3.01247671E-2
09 16 2014 22 33 41 906 5.49317147E+1 -1.25567322E+1 1.00000000E+2 9.79654500E+5 0.00000000E+0 7.31693208E+1 4.55886805E-1 3.26972380E+1 1.86603159E-3 1.01543963E-1 2.50631448E-3 -7.15479255E-2 2.69693542E-2
09 16 2014 22 33 44 909 6.49468892E+1 -1.25567322E+1 1.00000000E+2 9.79657700E+5 0.00000000E+0 7.32041597E+1 4.42589593E-1 3.26938689E+1 2.67721291E-3 1.01661682E-1 1.92359231E-3 -7.96377659E-2 1.40701771E-2
09 16 2014 22 33 52 916 -6.49468892E+1 0.00000000E+0 1.00000000E+2 9.79665100E+5 0.00000000E+0 7.31311738E+1 4.57685408E-1 3.26916948E+1 2.86903146E-3 -1.79409981E-2 2.70371294E-3 -2.69785523E-2 5.41245512E-3
09 16 2014 22 33 55 919 -5.49317147E+1 0.00000000E+0 1.00000000E+2 9.79668300E+5 0.00000000E+0 7.32375383E+1 4.53815962E-1 3.26891243E+1 2.54351953E-3 -1.51991844E-3 2.47979302E-3 -3.05533409E-2 1.16589970E-2
09 16 2014 22 33 58 923 -4.50682853E+1 0.00000000E+0 1.00000000E+2 9.79671500E+5 0.00000000E+0 7.31448531E+1 4.29381043E-1 3.26891661E+1 2.22496369E-3 1.58846378E-2 2.96245468E-3 -3.50713730E-2 1.46015617E-2
09 16 2014 22 34 01 926 -3.50531108E+1 0.00000000E+0 1.00000000E+2 9.79674700E+5 0.00000000E+0 7.32415915E+1 4.30735018E-1 3.26855719E+1 2.40588198E-3 2.52306461E-2 2.91957744E-3 -3.89873981E-2 1.03493319E-2
09 16 2014 22 34 05 929 -2.50379363E+1 0.00000000E+0 1.00000000E+2 9.79677900E+5 0.00000000E+0 7.32034445E+1 4.24775001E-1 3.26871336E+1 2.01396120E-3 3.60071659E-2 2.88950060E-3 -4.98712063E-2 9.24340617E-3
09 16 2014 22 34 08 933 0.00000000E+0 0.00000000E+0 1.00000000E+2 9.79681800E+5 0.00000000E+0 7.31754899E+1 4.32514475E-1 3.26866865E+1 2.29714264E-3 6.89685345E-2 2.30068077E-3 -6.01828098E-2 1.02734454E-2
09 16 2014 22 34 12 937 2.50379363E+1 0.00000000E+0 1.00000000E+2 9.79685600E+5 0.00000000E+0 7.32299685E+1 4.67123020E-1 3.26897800E+1 2.52107215E-3 9.74118710E-2 2.16632989E-3 -7.47203827E-2 9.04136171E-3
09 16 2014 22 34 16 940 3.50531108E+1 0.00000000E+0 1.00000000E+2 9.79688800E+5 0.00000000E+0 7.31694102E+1 4.48610136E-1 3.26940119E+1 2.24852964E-3 1.01113319E-1 2.69284704E-3 -7.82132149E-2 1.95664193E-2
09 16 2014 22 34 19 943 4.50682853E+1 0.00000000E+0 1.00000000E+2 9.79692000E+5 0.00000000E+0 7.32134283E+1 4.42753396E-1 3.26910391E+1 2.27466767E-3 1.07824802E-1 2.87950691E-3 -7.66739249E-2 3.15196882E-2
09 16 2014 22 34 22 946 5.49317147E+1 0.00000000E+0 1.00000000E+2 9.79695200E+5 0.00000000E+0 7.31917620E+1 4.39067684E-1 3.26899588E+1 2.88571895E-3 1.15102530E-1 3.19298120E-3 -8.05974007E-2 2.74990604E-2
09 16 2014 22 34 25 949 6.49468892E+1 0.00000000E+0 1.00000000E+2 9.79698400E+5 0.00000000E+0 7.31409192E+1 4.40686979E-1 3.26844752E+1 2.87299074E-3 1.16729736E-1 1.97500766E-3 -8.94606113E-2 1.38306289E-2
09 16 2014 22 34 32 957 -6.49468892E+1 1.25567322E+1 1.00000000E+2 9.79705800E+5 0.00000000E+0 7.32092857E+1 3.98181080E-1 3.26701224E+1 2.97791617E-3 -2.35378742E-2 2.34830198E-3 -4.02688980E-2 9.44054548E-3
09 16 2014 22 34 36 960 -5.49317147E+1 1.25567322E+1 1.00000000E+2 9.79709000E+5 0.00000000E+0 7.31607676E+1 4.41021818E-1 3.26705694E+1 2.59289039E-3 -6.24656677E-3 2.67495602E-3 -3.75509262E-2 1.02479126E-2
09 16 2014 22 34 39 963 -4.50682853E+1 1.25567322E+1 1.00000000E+2 9.79712200E+5 0.00000000E+0 7.31359720E+1 4.43967266E-1 3.26710820E+1 2.49183587E-3 1.47998333E-2 3.03661197E-3 -4.20093536E-2 1.50701031E-2
09 16 2014 22 34 42 966 -3.50531108E+1 1.25567322E+1 1.00000000E+2 9.79715400E+5 0.00000000E+0 7.32599944E+1 4.30175982E-1 3.26670185E+1 2.20208041E-3 2.90349126E-2 2.32298860E-3 -4.79966402E-2 8.27772402E-3
09 16 2014 22 34 45 970 -2.50379363E+1 1.25567322E+1 1.00000000E+2 9.79718600E+5 0.00000000E+0 7.31670856E+1 4.24600735E-1 3.26687098E+1 2.42770777E-3 4.01854515E-2 2.27170299E-3 -5.39422035E-2 7.57967637E-3
09 16 2014 22 34 49 973 0.00000000E+0 1.25567322E+1 1.00000000E+2 9.79722500E+5 0.00000000E+0 7.31214881E+1 4.40376517E-1 3.26699913E+1 2.28842456E-3 7.55131245E-2 2.20710082E-3 -6.46770000E-2 9.74032199E-3
09 16 2014 22 34 53 977 2.50379363E+1 1.25567322E+1 1.00000000E+2 9.79726300E+5 0.00000000E+0 7.31784701E+1 4.60561422E-1 3.26726258E+1 3.11491339E-3 1.06221437E-1 2.37364541E-3 -7.57336617E-2 9.37547447E-3
09 16 2014 22 34 56 981 3.50531108E+1 1.25567322E+1 1.00000000E+2 9.79729500E+5 0.00000000E+0 7.31363147E+1 4.40726964E-1 3.26744244E+1 1.94398579E-3 1.07869506E-1 2.58764717E-3 -8.13230872E-2 1.94988513E-2
09 16 2014 22 34 59 984 4.50682853E+1 1.25567322E+1 1.00000000E+2 9.79732700E+5 0.00000000E+0 7.31295347E+1 4.38762725E-1 3.26768756E+1 3.37917086E-3 1.17778778E-1 2.17656845E-3 -7.97688961E-2 2.91424600E-2
09 16 2014 22 35 03 987 5.49317147E+1 1.25567322E+1 1.00000000E+2 9.79735900E+5 0.00000000E+0 7.32069016E+1 4.34589982E-1 3.26772332E+1 3.76704929E-3 1.27476454E-1 2.91880880E-3 -8.44240189E-2 2.64248828E-2
09 16 2014 22 35 06 990 6.49468892E+1 1.25567322E+1 1.00000000E+2 9.79739100E+5 0.00000000E+0 7.31104612E+1 4.64822027E-1 3.26729536E+1 2.48657759E-3 1.32077932E-1 2.06022342E-3 -9.21308994E-2 1.41253954E-2
09 16 2014 22 35 13 997 -6.49468892E+1 2.49621785E+1 1.00000000E+2 9.79746400E+5 0.00000000E+0 7.30767250E+1 4.57875025E-1 3.26522946E+1 2.32931413E-3 -2.90572643E-2 2.16411912E-3 -4.34517860E-2 7.23795150E-3
09 16 2014 22 35 16 1001 -5.49317147E+1 2.49621785E+1 1.00000000E+2 9.79749700E+5 0.00000000E+0 7.31831789E+1 4.64455332E-1 3.26519191E+1 2.56880042E-3 -1.05082989E-2 1.69528634E-3 -4.57346439E-2 1.02710427E-2
09 16 2014 22 35 20 1004 -4.50682853E+1 2.49621785E+1 1.00000000E+2 9.79752900E+5 0.00000000E+0 7.30864704E+1 4.33866108E-1 3.26532722E+1 3.27915844E-3 7.59214163E-3 2.36291887E-3 -4.66480851E-2 1.67116356E-2
09 16 2014 22 35 23 1007 -3.50531108E+1 2.49621785E+1 1.00000000E+2 9.79756100E+5 0.00000000E+0 7.31497407E+1 4.49719977E-1 3.26545596E+1 2.00563442E-3 2.56419182E-2 3.05885213E-3 -5.26905060E-2 1.09991928E-2
09 16 2014 22 35 26 1010 -2.50379363E+1 2.49621785E+1 1.00000000E+2 9.79759300E+5 0.00000000E+0 7.31953979E+1 4.32868383E-1 3.26507330E+1 2.43957085E-3 3.82900238E-2 2.37242408E-3 -5.68211079E-2 7.24856406E-3
09 16 2014 22 35 30 1014 0.00000000E+0 2.49621785E+1 1.00000000E+2 9.79763100E+5 0.00000000E+0 7.31846690E+1 4.61884586E-1 3.26530039E+1 2.57130320E-3 7.35700130E-2 2.34536992E-3 -7.02738762E-2 8.25892601E-3
09 16 2014 22 35 34 1018 2.50379363E+1 2.49621785E+1 1.00000000E+2 9.79767000E+5 0.00000000E+0 7.32531399E+1 4.25097099E-1 3.26558203E+1 2.92775524E-3 1.11497939E-1 1.89724808E-3 -8.84383917E-2 7.21216202E-3
09 16 2014 22 35 37 1021 3.50531108E+1 2.49621785E+1 1.00000000E+2 9.79770200E+5 0.00000000E+0 7.31649399E+1 4.41435853E-1 3.26611578E+1 2.89048405E-3 1.18374825E-1 3.11556764E-3 -9.27388668E-2 1.53504439E-2
09 16 2014 22 35 40 1024 4.50682853E+1 2.49621785E+1 1.00000000E+2 9.79773400E+5 0.00000000E+0 7.32098818E+1 4.35913413E-1 3.26612949E+1 2.89780414E-3 1.27851963E-1 2.23204536E-3 -8.67128372E-2 2.86670954E-2
09 16 2014 22 35 43 1028 5.49317147E+1 2.49621785E+1 1.00000000E+2 9.79776600E+5 0.00000000E+0 7.31194615E+1 4.67056023E-1 3.26603293E+1 3.14379151E-3 1.43253803E-1 3.10284220E-3 -9.35554504E-2 2.73915976E-2
09 16 2014 22 35 47 1031 6.49468892E+1 2.49621785E+1 1.00000000E+2 9.79779800E+5 0.00000000E+0 7.32570887E+1 4.46827629E-1 3.26644778E+1 2.40751614E-3 1.44936144E-1 2.69220177E-3 -1.04472041E-1 1.27212846E-2
