Month Day Year Hour Minute Second Time_s x y z Current CurrentError 1Axis 1AxisError Bx BxError By ByError Bz BzError
09 17 2014 04 40 20 18 -6.49468892E+1 -2.49621785E+1 -1.00000000E+2 1.00165340E+6 0.00000000E+0 7.30686188E+1 4.45375861E-1 3.26444924E+1 2.77213709E-3 1.00970268E-2 2.29763099E-3 -2.00611353E-1 6.89781479E-3
09 17 2014 04 40 23 22 -5.49317147E+1 -2.49621785E+1 -1.00000000E+2 1.00165660E+6 0.00000000E+0 7.31131434E+1 4.51955711E-1 3.26491594E+1 3.00858214E-3 1.86204910E-2 2.18329325E-3 -2.08693743E-1 1.22771420E-2
09 17 2014 04 40 27 25 -4.50682853E+1 -2.49621785E+1 -1.00000000E+2 1.00165990E+6 0.00000000E+0 7.30976462E+1 4.53308378E-1 3.26507762E+1 3.05571918E-3 2.17556953E-2 2.09030240E-3 -2.06053257E-1 7.54033702E-3
09 17 2014 04 40 30 28 -3.50531108E+1 -2.49621785E+1 -1.00000000E+2 1.00166310E+6 0.00000000E+0 7.30551481E+1 4.69414590E-1 3.26533854E+1 2.52421495E-3 2.88605690E-2 2.53527994E-3 -2.12907791E-1 7.81908490E-3
09 17 2014 04 40 33 31 -2.50379363E+1 -2.49621785E+1 -1.00000000E+2 1.00166630E+6 0.00000000E+0 7.31431246E+1 4.69817056E-1 3.26546848E+1 2.26919114E-3 3.39806080E-2 2.06493752E-3 -2.18605995E-1 1.09150685E-2
09 17 2014 04 40 37 35 0.00000000E+0 -2.49621785E+1 -1.00000000E+2 1.00167010E+6 0.00000000E+0 7.30847716E+1 4.40265529E-1 3.26518297E+1 2.12665040E-3 5.50448895E-2 1.73350362E-3 -2.30556726E-1 8.74445996E-3
09 17 2014 04 40 41 39 2.50379363E+1 -2.49621785E+1 -1.00000000E+2 1.00167390E+6 0.00000000E+0 7.30355829E+1 4.57778308E-1 3.26471180E+1 2.97334989E-3 6.82622194E-2 2.29298482E-3 -2.43335962E-1 5.21686511E-3
09 17 2014 04 40 44 42 3.50531108E+1 -2.49621785E+1 -1.00000000E+2 1.00167720E+6 0.00000000E+0 7.30629563E+1 4.39626268E-1 3.26474190E+1 2.44991157E-3 6.98924065E-2 2.36310549E-3 -2.46280432E-1 1.17533267E-2
09 17 2014 04 40 47 45 4.50682853E+1 -2.49621785E+1 -1.00000000E+2 1.00168040E+6 0.00000000E+0 7.31234550E+1 4.56994177E-1 3.26459825E+1 2.30126587E-3 7.82549381E-2 1.71598406E-3 -2.45171785E-1 7.79026575E-3
09 17 2014 04 40 50 48 5.49317147E+1 -2.49621785E+1 -1.00000000E+2 1.00168360E+6 0.00000000E+0 7.30731487E+1 4.53284084E-1 3.26426089E+1 2.88483758E-3 8.26239586E-2 1.92137474E-3 -2.45696306E-1 6.07006731E-3
09 17 2014 04 40 54 52 6.49468892E+1 -2.49621785E+1 -1.00000000E+2 1.00168680E+6 0.00000000E+0 7.30092078E+1 4.30665392E-1 3.26358601E+1 2.51527599E-3 8.51452351E-2 2.85754390E-3 -2.46636569E-1 7.88699191E-3
09 17 2014 04 41 01 59 -6.49468892E+1 -1.25567322E+1 -1.00000000E+2 1.00169420E+6 0.00000000E+0 7.30992556E+1 4.36423565E-1 3.26454520E+1 2.74055854E-3 5.58495522E-3 1.73841533E-3 -2.12937593E-1 6.51880022E-3
09 17 2014 04 41 04 62 -5.49317147E+1 -1.25567322E+1 -1.00000000E+2 1.00169740E+6 0.00000000E+0 7.30930567E+1 4.34503319E-1 3.26471448E+1 2.85471568E-3 1.55866146E-2 1.71964144E-3 -2.17598677E-1 1.36894557E-2
09 17 2014 04 41 07 66 -4.50682853E+1 -1.25567322E+1 -1.00000000E+2 1.00170070E+6 0.00000000E+0 7.31155872E+1 4.42120511E-1 3.26446593E+1 3.51422733E-3 2.27510929E-2 2.25795671E-3 -2.18284130E-1 1.16645640E-2
09 17 2014 04 41 11 69 -3.50531108E+1 -1.25567322E+1 -1.00000000E+2 1.00170390E+6 0.00000000E+0 7.30465353E+1 4.49783853E-1 3.26408818E+1 3.66083654E-3 2.77385116E-2 2.04619947E-3 -2.20410526E-1 9.38164928E-3
09 17 2014 04 41 14 72 -2.50379363E+1 -1.25567322E+1 -1.00000000E+2 1.00170710E+6 0.00000000E+0 7.30808377E+1 4.72447980E-1 3.26477766E+1 2.55921053E-3 3.48091125E-2 2.53442426E-3 -2.23183632E-1 1.14866639E-2
09 17 2014 04 41 18 76 0.00000000E+0 -1.25567322E+1 -1.00000000E+2 1.00171090E+6 0.00000000E+0 7.31101632E+1 4.58954848E-1 3.26476097E+1 3.25963674E-3 6.01172447E-2 2.79332361E-3 -2.35795975E-1 7.15820190E-3
09 17 2014 04 41 21 80 2.50379363E+1 -1.25567322E+1 -1.00000000E+2 1.00171470E+6 0.00000000E+0 7.31032491E+1 4.30582876E-1 3.26450884E+1 2.36632376E-3 7.43985176E-2 1.72399619E-3 -2.42638588E-1 4.33046684E-3
09 17 2014 04 41 25 83 3.50531108E+1 -1.25567322E+1 -1.00000000E+2 1.00171800E+6 0.00000000E+0 7.30814338E+1 4.50666429E-1 3.26470912E+1 3.14621132E-3 7.57098198E-2 1.87088437E-3 -2.50297785E-1 1.14407761E-2
09 17 2014 04 41 28 86 4.50682853E+1 -1.25567322E+1 -1.00000000E+2 1.00172120E+6 0.00000000E+0 7.30600357E+1 4.50045520E-1 3.26414824E+1 2.68110035E-3 8.35299492E-2 2.06950536E-3 -2.45559216E-1 6.75412392E-3
09 17 2014 04 41 31 89 5.49317147E+1 -1.25567322E+1 -1.00000000E+2 1.00172440E+6 0.00000000E+0 7.31160045E+1 4.36817966E-1 3.26369703E+1 2.64669916E-3 9.00387764E-2 2.55268495E-3 -2.43425369E-1 5.09607329E-3
09 17 2014 04 41 34 92 6.49468892E+1 -1.25567322E+1 -1.00000000E+2 1.00172760E+6 0.00000000E+0 7.30937123E+1 4.31931140E-1 3.26291442E+1 2.82548385E-3 9.11891460E-2 2.74235237E-3 -2.46673822E-1 7.33703118E-3
09 17 2014 04 41 42 100 -6.49468892E+1 0.00000000E+0 -1.00000000E+2 1.00173500E+6 0.00000000E+0 7.31096268E+1 4.24750190E-1 3.26370716E+1 2.35305082E-3 2.30073929E-3 2.09393702E-3 -2.08878517E-1 5.95174955E-3
09 17 2014 04 41 45 103 -5.49317147E+1 0.00000000E+0 -1.00000000E+2 1.00173820E+6 0.00000000E+0 7.31031299E+1 4.47259942E-1 3.26396346E+1 2.70954364E-3 1.54435635E-2 2.69003335E-3 -2.12228298E-1 1.15760106E-2
09 17 2014 04 41 48 106 -4.50682853E+1 0.00000000E+0 -1.00000000E+2 1.00174140E+6 0.00000000E+0 7.31046200E+1 4.36605103E-1 3.26386213E+1 2.05146465E-3 2.48908997E-2 2.26203564E-3 -2.15947628E-1 1.34289981E-2
09 17 2014 04 41 51 110 -3.50531108E+1 0.00000000E+0 -1.00000000E+2 1.00174460E+6 0.00000000E+0 7.31178522E+1 4.41000788E-1 3.26415837E+1 1.95440292E-3 3.26275826E-2 2.11207530E-3 -2.20525265E-1 9.26035265E-3
09 17 2014 04 41 55 113 -2.50379363E+1 0.00000000E+0 -1.00000000E+2 1.00174790E+6 0.00000000E+0 7.30668008E+1 4.45543849E-1 3.26411873E+1 2.68432745E-3 3.76030803E-2 2.16202789E-3 -2.25611031E-1 1.44348598E-2
09 17 2014 04 41 58 117 0.00000000E+0 0.00000000E+0 -1.00000000E+2 1.00175170E+6 0.00000000E+0 7.30262697E+1 4.36331811E-1 3.26439440E+1 2.94087167E-3 6.05732203E-2 2.41100604E-3 -2.39707530E-1 8.79257408E-3
09 17 2014 04 42 02 120 2.50379363E+1 0.00000000E+0 -1.00000000E+2 1.00175550E+6 0.00000000E+0 7.30907321E+1 4.81622221E-1 3.26432407E+1 2.17425629E-3 7.84516335E-2 2.46710030E-3 -2.51024961E-1 5.94964740E-3
09 17 2014 04 42 05 124 3.50531108E+1 0.00000000E+0 -1.00000000E+2 1.00175870E+6 0.00000000E+0 7.31185079E+1 4.52242248E-1 3.26404512E+1 2.62302499E-3 8.18789005E-2 2.38678032E-3 -2.52097845E-1 1.09865972E-2
09 17 2014 04 42 09 127 4.50682853E+1 0.00000000E+0 -1.00000000E+2 1.00176190E+6 0.00000000E+0 7.30983615E+1 4.37444712E-1 3.26389551E+1 2.37078414E-3 8.65221024E-2 2.17574357E-3 -2.44593620E-1 6.81889421E-3
09 17 2014 04 42 12 130 5.49317147E+1 0.00000000E+0 -1.00000000E+2 1.00176510E+6 0.00000000E+0 7.30235875E+1 4.32129509E-1 3.26393247E+1 2.51491108E-3 9.30503011E-2 2.14751876E-3 -2.44393945E-1 5.42349865E-3
09 17 2014 04 42 15 133 6.49468892E+1 0.00000000E+0 -1.00000000E+2 1.00176830E+6 0.00000000E+0 7.30965137E+1 4.67024814E-1 3.26326847E+1 2.57964519E-3 8.94248486E-2 2.12308646E-3 -2.49254704E-1 6.80531248E-3
09 17 2014 04 42 22 141 -6.49468892E+1 1.25567322E+1 -1.00000000E+2 1.00177570E+6 0.00000000E+0 7.30656087E+1 4.56290614E-1 3.26271802E+1 2.26262246E-3 -1.58697367E-3 1.58431418E-3 -2.11201608E-1 6.31287479E-3
09 17 2014 04 42 26 144 -5.49317147E+1 1.25567322E+1 -1.00000000E+2 1.00177890E+6 0.00000000E+0 7.31363297E+1 4.34530292E-1 3.26278806E+1 2.96513599E-3 9.58442688E-3 2.40243652E-3 -2.15393305E-1 1.42655995E-2
09 17 2014 04 42 29 147 -4.50682853E+1 1.25567322E+1 -1.00000000E+2 1.00178210E+6 0.00000000E+0 7.31113553E+1 4.52018262E-1 3.26312602E+1 3.24475128E-3 2.03192234E-2 2.40526014E-3 -2.21222639E-1 1.19062933E-2
09 17 2014 04 42 32 150 -3.50531108E+1 1.25567322E+1 -1.00000000E+2 1.00178530E+6 0.00000000E+0 7.30229169E+1 4.52828684E-1 3.26325223E+1 2.62150913E-3 2.81706452E-2 2.15137541E-3 -2.25789845E-1 9.01645446E-3
09 17 2014 04 42 35 153 -2.50379363E+1 1.25567322E+1 -1.00000000E+2 1.00178850E+6 0.00000000E+0 7.31190443E+1 4.52990694E-1 3.26313794E+1 3.02501338E-3 3.93211842E-2 2.52711708E-3 -2.28738785E-1 1.12597808E-2
09 17 2014 04 42 39 157 0.00000000E+0 1.25567322E+1 -1.00000000E+2 1.00179240E+6 0.00000000E+0 7.31226206E+1 4.40484051E-1 3.26330602E+1 2.57496568E-3 6.28292561E-2 2.85617597E-3 -2.40921974E-1 7.63713529E-3
09 17 2014 04 42 43 161 2.50379363E+1 1.25567322E+1 -1.00000000E+2 1.00179620E+6 0.00000000E+0 7.31140375E+1 4.35472161E-1 3.26301157E+1 2.54587090E-3 7.85708427E-2 2.08778426E-3 -2.49606371E-1 4.20104714E-3
09 17 2014 04 42 46 164 3.50531108E+1 1.25567322E+1 -1.00000000E+2 1.00179940E+6 0.00000000E+0 7.31234550E+1 4.27538534E-1 3.26319873E+1 2.83620421E-3 8.19861889E-2 2.51572632E-3 -2.49242783E-1 1.00955263E-2
09 17 2014 04 42 49 167 4.50682853E+1 1.25567322E+1 -1.00000000E+2 1.00180260E+6 0.00000000E+0 7.31816888E+1 4.36863365E-1 3.26294154E+1 2.59094016E-3 8.89748335E-2 2.63373405E-3 -2.44468451E-1 7.45460084E-3
09 17 2014 04 42 53 171 5.49317147E+1 1.25567322E+1 -1.00000000E+2 1.00180590E+6 0.00000000E+0 7.31271505E+1 4.28137305E-1 3.26256394E+1 2.91645677E-3 9.78469849E-2 2.19184088E-3 -2.45094299E-1 7.59421728E-3
09 17 2014 04 42 56 174 6.49468892E+1 1.25567322E+1 -1.00000000E+2 1.00180910E+6 0.00000000E+0 7.30773211E+1 4.65402641E-1 3.26245427E+1 2.57758580E-3 9.88006592E-2 2.79506350E-3 -2.51686573E-1 6.82278697E-3
09 17 2014 04 43 03 181 -6.49468892E+1 2.49621785E+1 -1.00000000E+2 1.00181640E+6 0.00000000E+0 7.30793476E+1 4.60966413E-1 3.26163352E+1 3.54377190E-3 -6.97374344E-4 2.00234070E-3 -2.14499235E-1 7.13876966E-3
09 17 2014 04 43 06 184 -5.49317147E+1 2.49621785E+1 -1.00000000E+2 1.00181960E+6 0.00000000E+0 7.31197596E+1 4.09153304E-1 3.26177061E+1 2.94889108E-3 1.51515007E-2 3.10688919E-3 -2.19744444E-1 1.23703632E-2
09 17 2014 04 43 10 188 -4.50682853E+1 2.49621785E+1 -1.00000000E+2 1.00182280E+6 0.00000000E+0 7.31848925E+1 4.19991650E-1 3.26200724E+1 2.64132207E-3 2.20760703E-2 1.61070456E-3 -2.17780471E-1 1.26963117E-2
09 17 2014 04 43 13 191 -3.50531108E+1 2.49621785E+1 -1.00000000E+2 1.00182600E+6 0.00000000E+0 7.31333494E+1 4.41210703E-1 3.26210976E+1 2.17670589E-3 2.97188759E-2 2.86862030E-3 -2.22605467E-1 8.96707417E-3
09 17 2014 04 43 16 194 -2.50379363E+1 2.49621785E+1 -1.00000000E+2 1.00182930E+6 0.00000000E+0 7.30710030E+1 4.33348728E-1 3.26218843E+1 2.73419222E-3 3.95178795E-2 1.76837100E-3 -2.27910280E-1 1.20258902E-2
09 17 2014 04 43 20 198 0.00000000E+0 2.49621785E+1 -1.00000000E+2 1.00183310E+6 0.00000000E+0 7.31443763E+1 4.07507405E-1 3.26199770E+1 2.25441788E-3 6.71386719E-2 2.29518824E-3 -2.38478184E-1 6.53583058E-3
09 17 2014 04 43 24 202 2.50379363E+1 2.49621785E+1 -1.00000000E+2 1.00183690E+6 0.00000000E+0 7.30980039E+1 4.48304594E-1 3.26195419E+1 2.59867473E-3 8.18014145E-2 1.78943554E-3 -2.45392323E-1 4.68266471E-3
09 17 2014 04 43 27 205 3.50531108E+1 2.49621785E+1 -1.00000000E+2 1.00184010E+6 0.00000000E+0 7.30709732E+1 4.63511692E-1 3.26199681E+1 2.37258433E-3 8.53613019E-2 2.22912606E-3 -2.51099467E-1 1.07794798E-2
09 17 2014 04 43 30 208 4.50682853E+1 2.49621785E+1 -1.00000000E+2 1.00184330E+6 0.00000000E+0 7.30715990E+1 4.77271745E-1 3.26203048E+1 2.71659416E-3 9.29832458E-2 1.74516777E-3 -2.48962641E-1 6.29413106E-3
09 17 2014 04 43 33 211 5.49317147E+1 2.49621785E+1 -1.00000000E+2 1.00184650E+6 0.00000000E+0 7.31118321E+1 4.54031875E-1 3.26184392E+1 2.27111028E-3 1.00594759E-1 2.04996018E-3 -2.46548653E-1 4.79443230E-3
09 17 2014 04 43 37 215 6.49468892E+1 2.49621785E+1 -1.00000000E+2 1.00184980E+6 0.00000000E+0 7.30482340E+1 4.14529466E-1 3.26160491E+1 3.00357486E-3 1.02514029E-1 2.13685156E-3 -2.49582529E-1 8.77492506E-3
