Month Day Year Hour Minute Second Time_s x y z Current CurrentError 1Axis 1AxisError Bx BxError By ByError Bz BzError
09 16 2014 21 41 42 18 -6.99544765E+1 -2.99546142E+1 -1.00000000E+2 9.76535100E+5 0.00000000E+0 7.32277036E+1 4.46989287E-1 3.22299302E+1 2.44577900E-3 -4.50015068E-3 2.06472018E-3 3.46362591E-2 4.93190737E-3
09 16 2014 21 41 46 22 -6.99544765E+1 -2.99546142E+1 -5.00000000E+1 9.76539600E+5 0.00000000E+0 7.31177628E+1 4.63272694E-1 3.22667211E+1 1.71808945E-3 1.92970037E-2 2.18248520E-3 -5.54844737E-2 3.95443616E-3
09 16 2014 21 41 51 27 -6.99544765E+1 -2.99546142E+1 0.00000000E+0 9.76544100E+5 0.00000000E+0 7.31679797E+1 4.28981195E-1 3.23101044E+1 2.23977260E-3 -6.52074814E-3 1.81413460E-3 -6.68287277E-2 4.16692585E-3
09 16 2014 21 41 55 31 -6.99544765E+1 -2.99546142E+1 5.00000000E+1 9.76548600E+5 0.00000000E+0 7.31752515E+1 4.40484421E-1 3.22838664E+1 2.17419609E-3 -4.47809696E-2 1.76234420E-3 1.30534172E-3 3.94718823E-3
09 16 2014 21 42 00 36 -6.99544765E+1 -2.99546142E+1 1.00000000E+2 9.76553100E+5 0.00000000E+0 7.31697679E+1 4.51164475E-1 3.22346330E+1 3.00910416E-3 -3.84747982E-2 3.16932855E-3 2.46465206E-2 3.17710678E-3
09 16 2014 21 42 10 46 0.00000000E+0 -2.99546142E+1 -1.00000000E+2 9.76563100E+5 0.00000000E+0 7.31341839E+1 4.44465061E-1 3.22979152E+1 2.62388028E-3 1.14613771E-1 1.55933147E-3 -3.55839729E-3 8.63729767E-3
09 16 2014 21 42 14 50 0.00000000E+0 -2.99546142E+1 -5.00000000E+1 9.76567700E+5 0.00000000E+0 7.31391907E+1 4.49015413E-1 3.23117852E+1 3.09192754E-3 1.28102303E-1 2.61872292E-3 -2.33590603E-2 6.26554665E-3
09 16 2014 21 42 19 55 0.00000000E+0 -2.99546142E+1 0.00000000E+0 9.76572200E+5 0.00000000E+0 7.31987953E+1 4.40184984E-1 3.23236883E+1 2.41128522E-3 1.21545792E-1 2.01690222E-3 -5.26249409E-2 6.76889962E-3
09 16 2014 21 42 23 59 0.00000000E+0 -2.99546142E+1 5.00000000E+1 9.76576700E+5 0.00000000E+0 7.32116699E+1 4.44102272E-1 3.23122740E+1 2.43631887E-3 9.10580158E-2 2.38615350E-3 -4.84883785E-2 4.07113710E-3
09 16 2014 21 42 28 64 0.00000000E+0 -2.99546142E+1 1.00000000E+2 9.76581200E+5 0.00000000E+0 7.31365681E+1 4.24638852E-1 3.22929502E+1 2.43260138E-3 8.00073147E-2 2.55946624E-3 -1.95026398E-2 4.32164936E-3
09 16 2014 21 42 38 74 6.99544765E+1 -2.99546142E+1 -1.00000000E+2 9.76591200E+5 0.00000000E+0 7.32030869E+1 4.68097867E-1 3.21796238E+1 2.58609551E-3 2.02667713E-1 2.13665029E-3 -2.54213810E-2 8.48013687E-3
09 16 2014 21 42 42 78 6.99544765E+1 -2.99546142E+1 -5.00000000E+1 9.76595700E+5 0.00000000E+0 7.31473565E+1 4.51730523E-1 3.22544754E+1 3.63668551E-3 2.27481127E-1 2.27597090E-3 4.15802002E-2 9.79523379E-3
09 16 2014 21 42 47 83 6.99544765E+1 -2.99546142E+1 0.00000000E+0 9.76600300E+5 0.00000000E+0 7.31571317E+1 4.50378723E-1 3.23012471E+1 2.30685741E-3 2.61259079E-1 2.91371141E-3 -4.01735306E-2 5.56956480E-3
09 16 2014 21 42 52 87 6.99544765E+1 -2.99546142E+1 5.00000000E+1 9.76604800E+5 0.00000000E+0 7.32092857E+1 4.38944557E-1 3.22423220E+1 2.30267112E-3 2.09188461E-1 2.24077418E-3 -1.06096268E-1 5.09856774E-3
09 16 2014 21 42 56 92 6.99544765E+1 -2.99546142E+1 1.00000000E+2 9.76609300E+5 0.00000000E+0 7.32299685E+1 4.48173556E-1 3.21952179E+1 2.19313507E-3 1.69634819E-1 1.95396596E-3 -4.52026725E-2 5.02948664E-3
09 16 2014 21 43 07 103 -6.99544765E+1 0.00000000E+0 -1.00000000E+2 9.76620300E+5 0.00000000E+0 7.31774569E+1 4.18568762E-1 3.22055161E+1 2.24106623E-3 2.13384628E-2 2.68266211E-3 1.25944614E-2 4.16277298E-3
09 16 2014 21 43 12 107 -6.99544765E+1 0.00000000E+0 -5.00000000E+1 9.76624800E+5 0.00000000E+0 7.31825233E+1 4.49058066E-1 3.22362661E+1 2.19381916E-3 3.27587128E-2 2.49474568E-3 -4.60624695E-2 4.91609872E-3
09 16 2014 21 43 16 112 -6.99544765E+1 0.00000000E+0 0.00000000E+0 9.76629300E+5 0.00000000E+0 7.31803179E+1 4.39039031E-1 3.22681904E+1 2.17264750E-3 2.15351582E-2 2.36094434E-3 -4.71055508E-2 4.24919713E-3
09 16 2014 21 43 21 117 -6.99544765E+1 0.00000000E+0 5.00000000E+1 9.76633900E+5 0.00000000E+0 7.32020140E+1 4.49808052E-1 3.22416425E+1 2.53899438E-3 1.08480453E-3 1.78956092E-3 2.63452530E-3 3.67629177E-3
09 16 2014 21 43 25 121 -6.99544765E+1 0.00000000E+0 1.00000000E+2 9.76638400E+5 0.00000000E+0 7.32281208E+1 4.49113880E-1 3.22055340E+1 2.42042605E-3 -2.61664391E-3 2.62729867E-3 7.33137131E-4 3.38089133E-3
09 16 2014 21 43 35 131 0.00000000E+0 0.00000000E+0 -1.00000000E+2 9.76648400E+5 0.00000000E+0 7.32308030E+1 4.49579255E-1 3.22573841E+1 2.60385026E-3 1.09231472E-1 2.81572560E-3 -1.97172165E-2 7.56979236E-3
09 16 2014 21 43 40 136 0.00000000E+0 0.00000000E+0 -5.00000000E+1 9.76652900E+5 0.00000000E+0 7.32049942E+1 4.43442804E-1 3.22680473E+1 2.23923824E-3 1.17361546E-1 2.04748679E-3 -2.97784805E-2 7.32721030E-3
09 16 2014 21 43 44 140 0.00000000E+0 0.00000000E+0 0.00000000E+0 9.76657400E+5 0.00000000E+0 7.31416345E+1 4.57012978E-1 3.22781861E+1 2.91911628E-3 1.09606981E-1 2.60068866E-3 -4.27007675E-2 6.32508477E-3
09 16 2014 21 43 49 145 0.00000000E+0 0.00000000E+0 5.00000000E+1 9.76662000E+5 0.00000000E+0 7.31601119E+1 4.54182580E-1 3.22676182E+1 2.24237579E-3 9.53614712E-2 1.88743199E-3 -4.30405140E-2 4.17267916E-3
09 16 2014 21 43 53 149 0.00000000E+0 0.00000000E+0 1.00000000E+2 9.76666500E+5 0.00000000E+0 7.32278824E+1 4.69970355E-1 3.22533786E+1 2.07793614E-3 8.98599625E-2 2.24943589E-3 -3.31699848E-2 4.96024577E-3
09 16 2014 21 44 03 159 6.99544765E+1 0.00000000E+0 -1.00000000E+2 9.76676500E+5 0.00000000E+0 7.31743574E+1 4.29065578E-1 3.21642220E+1 2.59867473E-3 1.60825253E-1 2.20656702E-3 -3.84509563E-2 8.83770694E-3
09 16 2014 21 44 08 164 6.99544765E+1 0.00000000E+0 -5.00000000E+1 9.76681000E+5 0.00000000E+0 7.32364058E+1 4.43239966E-1 3.22144330E+1 2.15823576E-3 1.74325705E-1 3.48696422E-3 1.30712986E-2 9.56245418E-3
09 16 2014 21 44 12 168 6.99544765E+1 0.00000000E+0 0.00000000E+0 9.76685500E+5 0.00000000E+0 7.32184947E+1 4.48283756E-1 3.22659612E+1 2.32870397E-3 1.86830759E-1 2.32157350E-3 -2.27540731E-2 7.00004893E-3
09 16 2014 21 44 17 173 6.99544765E+1 0.00000000E+0 5.00000000E+1 9.76690000E+5 0.00000000E+0 7.31645823E+1 4.41630879E-1 3.22188497E+1 2.44890389E-3 1.62237883E-1 1.59255336E-3 -9.09447670E-2 5.83605427E-3
09 16 2014 21 44 21 177 6.99544765E+1 0.00000000E+0 1.00000000E+2 9.76694600E+5 0.00000000E+0 7.31758028E+1 4.41269943E-1 3.21626961E+1 2.09596014E-3 1.47715211E-1 2.08843199E-3 -6.41942024E-2 4.67365286E-3
09 16 2014 21 44 32 188 -6.99544765E+1 2.99546142E+1 -1.00000000E+2 9.76705600E+5 0.00000000E+0 7.32457042E+1 4.36075281E-1 3.21855247E+1 2.15129357E-3 3.98755074E-2 2.43493700E-3 -6.82473183E-3 7.31855671E-3
09 16 2014 21 44 37 193 -6.99544765E+1 2.99546142E+1 -5.00000000E+1 9.76710100E+5 0.00000000E+0 7.32041001E+1 4.22871012E-1 3.22187960E+1 2.77806649E-3 4.93526459E-2 2.38449948E-3 -5.49256802E-2 4.66672496E-3
09 16 2014 21 44 41 197 -6.99544765E+1 2.99546142E+1 0.00000000E+0 9.76714600E+5 0.00000000E+0 7.31799603E+1 4.39848628E-1 3.22411895E+1 2.22922881E-3 4.99665737E-2 2.12308646E-3 -3.89456749E-2 4.47949511E-3
09 16 2014 21 44 46 202 -6.99544765E+1 2.99546142E+1 5.00000000E+1 9.76719100E+5 0.00000000E+0 7.32076764E+1 4.20799012E-1 3.22105467E+1 2.42069642E-3 3.71158123E-2 1.69616849E-3 6.22272491E-3 4.37876516E-3
09 16 2014 21 44 50 206 -6.99544765E+1 2.99546142E+1 1.00000000E+2 9.76723600E+5 0.00000000E+0 7.32772052E+1 4.25387316E-1 3.21866646E+1 2.14652593E-3 2.41622329E-2 2.91765599E-3 -1.50054693E-2 3.65459598E-3
09 16 2014 21 45 00 216 0.00000000E+0 2.99546142E+1 -1.00000000E+2 9.76733700E+5 0.00000000E+0 7.32550621E+1 4.66964274E-1 3.22338760E+1 2.60924486E-3 1.06543303E-1 2.29951013E-3 -3.07381153E-2 8.78667976E-3
09 16 2014 21 45 05 221 0.00000000E+0 2.99546142E+1 -5.00000000E+1 9.76738200E+5 0.00000000E+0 7.32526779E+1 4.47880146E-1 3.22448134E+1 2.61028375E-3 1.09165907E-1 2.28613556E-3 -3.78966331E-2 8.84171963E-3
09 16 2014 21 45 09 225 0.00000000E+0 2.99546142E+1 0.00000000E+0 9.76742700E+5 0.00000000E+0 7.31821656E+1 4.44406475E-1 3.22530508E+1 2.30948214E-3 1.02812052E-1 2.63497382E-3 -3.88622284E-2 6.57490837E-3
09 16 2014 21 45 14 230 0.00000000E+0 2.99546142E+1 5.00000000E+1 9.76747200E+5 0.00000000E+0 7.31523335E+1 4.56364316E-1 3.22451666E+1 2.88031904E-3 9.31173563E-2 2.76259652E-3 -4.30494547E-2 4.60213223E-3
09 16 2014 21 45 18 234 0.00000000E+0 2.99546142E+1 1.00000000E+2 9.76751700E+5 0.00000000E+0 7.32468963E+1 4.47459768E-1 3.22287917E+1 1.78713519E-3 8.93414021E-2 2.36259111E-3 -4.48226929E-2 3.13900588E-3
09 16 2014 21 45 28 244 6.99544765E+1 2.99546142E+1 -1.00000000E+2 9.76761800E+5 0.00000000E+0 7.32453912E+1 4.31914788E-1 3.21560279E+1 2.82359770E-3 1.18680298E-1 2.71419378E-3 -5.60134649E-2 9.80099264E-3
09 16 2014 21 45 33 249 6.99544765E+1 2.99546142E+1 -5.00000000E+1 9.76766300E+5 0.00000000E+0 7.31707215E+1 4.34507722E-1 3.21848750E+1 2.65832355E-3 1.38771534E-1 2.20893847E-3 -2.58684158E-3 1.07416626E-2
09 16 2014 21 45 38 253 6.99544765E+1 2.99546142E+1 0.00000000E+0 9.76770800E+5 0.00000000E+0 7.32102245E+1 4.28033006E-1 3.22462544E+1 2.82242312E-3 1.38372183E-1 2.30929861E-3 -1.07884407E-2 6.38320943E-3
09 16 2014 21 45 42 258 6.99544765E+1 2.99546142E+1 5.00000000E+1 9.76775300E+5 0.00000000E+0 7.32154846E+1 4.31006145E-1 3.22049379E+1 3.22373585E-3 1.09165907E-1 2.51869763E-3 -7.95662403E-2 5.74858098E-3
09 16 2014 21 45 47 262 6.99544765E+1 2.99546142E+1 1.00000000E+2 9.76779800E+5 0.00000000E+0 7.31485337E+1 4.41569396E-1 3.21440846E+1 2.36938772E-3 1.04658306E-1 2.23887984E-3 -8.68812203E-2 5.52411590E-3
