Month Day Year Hour Minute Second Time_s x y z Current CurrentError 1Axis 1AxisError Bx BxError By ByError Bz BzError
09 17 2014 03 35 21 19 -6.99544765E+1 -2.99546142E+1 -1.00000000E+2 9.97754400E+5 0.00000000E+0 7.30642080E+1 4.41160692E-1 3.27114642E+1 2.36474285E-3 -4.44769859E-2 1.81405215E-3 -4.50229645E-1 5.31878498E-3
09 17 2014 03 35 26 23 -6.99544765E+1 -2.99546142E+1 -5.00000000E+1 9.97759000E+5 0.00000000E+0 7.30468333E+1 4.58388654E-1 3.27415094E+1 2.17241010E-3 -5.95301390E-2 1.87371067E-3 -4.61466610E-1 3.05711404E-3
09 17 2014 03 35 30 28 -6.99544765E+1 -2.99546142E+1 0.00000000E+0 9.97763500E+5 0.00000000E+0 7.30898976E+1 4.40679579E-1 3.27579260E+1 2.26329175E-3 -8.03172588E-2 2.20112847E-3 -4.43691015E-1 3.34825792E-3
09 17 2014 03 35 35 32 -6.99544765E+1 -2.99546142E+1 5.00000000E+1 9.97768000E+5 0.00000000E+0 7.30598718E+1 4.62811439E-1 3.27389315E+1 2.38158909E-3 -9.80570912E-2 2.64919011E-3 -4.11897898E-1 3.74994859E-3
09 17 2014 03 35 39 37 -6.99544765E+1 -2.99546142E+1 1.00000000E+2 9.97772500E+5 0.00000000E+0 7.31234550E+1 4.51669741E-1 3.27077746E+1 2.18654529E-3 -9.98914242E-2 2.12808309E-3 -3.97890806E-1 3.63989248E-3
09 17 2014 03 35 49 47 0.00000000E+0 -2.99546142E+1 -1.00000000E+2 9.97782500E+5 0.00000000E+0 7.31679052E+1 4.48570204E-1 3.27338874E+1 2.88788451E-3 -1.15260482E-2 1.81715980E-3 -4.15042043E-1 1.01207564E-2
09 17 2014 03 35 54 51 0.00000000E+0 -2.99546142E+1 -5.00000000E+1 9.97787100E+5 0.00000000E+0 7.30983019E+1 4.37356790E-1 3.27526808E+1 2.38525216E-3 -2.59220600E-2 2.00577426E-3 -4.29809093E-1 6.81976068E-3
09 17 2014 03 35 58 56 0.00000000E+0 -2.99546142E+1 0.00000000E+0 9.97791600E+5 0.00000000E+0 7.30988383E+1 4.73774763E-1 3.27607155E+1 2.64888130E-3 -4.26530838E-2 1.83524444E-3 -4.31686640E-1 6.56658464E-3
09 17 2014 03 36 03 60 0.00000000E+0 -2.99546142E+1 5.00000000E+1 9.97796100E+5 0.00000000E+0 7.31690526E+1 4.61319324E-1 3.27504277E+1 2.46879744E-3 -5.80012798E-2 2.98874668E-3 -4.29797173E-1 4.29230120E-3
09 17 2014 03 36 07 65 0.00000000E+0 -2.99546142E+1 1.00000000E+2 9.97800600E+5 0.00000000E+0 7.30845928E+1 4.59724823E-1 3.27343643E+1 2.94269589E-3 -6.82830811E-2 1.82666600E-3 -4.17596102E-1 4.01873426E-3
09 17 2014 03 36 17 75 6.99544765E+1 -2.99546142E+1 -1.00000000E+2 9.97810600E+5 0.00000000E+0 7.31707811E+1 4.63156920E-1 3.28128695E+1 2.94554755E-3 -8.24928284E-3 3.00350638E-3 -3.79937887E-1 8.59789403E-3
09 17 2014 03 36 22 79 6.99544765E+1 -2.99546142E+1 -5.00000000E+1 9.97815100E+5 0.00000000E+0 7.31372833E+1 4.27321132E-1 3.28617752E+1 3.45143427E-3 -2.97367573E-2 1.85908366E-3 -3.65382433E-1 8.55456772E-3
09 17 2014 03 36 26 84 6.99544765E+1 -2.99546142E+1 0.00000000E+0 9.97819600E+5 0.00000000E+0 7.31472671E+1 4.51973104E-1 3.28857973E+1 3.49521657E-3 -3.47197056E-2 1.71567529E-3 -4.13157046E-1 6.34304236E-3
09 17 2014 03 36 31 88 6.99544765E+1 -2.99546142E+1 5.00000000E+1 9.97824100E+5 0.00000000E+0 7.31049180E+1 4.64791900E-1 3.28511894E+1 3.15774372E-3 -5.97119331E-2 2.75878325E-3 -4.47344780E-1 4.13539504E-3
09 17 2014 03 36 35 93 6.99544765E+1 -2.99546142E+1 1.00000000E+2 9.97828600E+5 0.00000000E+0 7.30857998E+1 4.38191516E-1 3.28212157E+1 2.28878473E-3 -7.93039799E-2 2.21036012E-3 -4.32081521E-1 5.83386582E-3
09 17 2014 03 36 46 104 -6.99544765E+1 0.00000000E+0 -1.00000000E+2 9.97839700E+5 0.00000000E+0 7.31330514E+1 4.40541334E-1 3.27055931E+1 3.27186669E-3 -4.80175018E-2 1.63753274E-3 -3.87710333E-1 4.52884250E-3
09 17 2014 03 36 51 108 -6.99544765E+1 0.00000000E+0 -5.00000000E+1 9.97844200E+5 0.00000000E+0 7.30785728E+1 4.51460626E-1 3.27309191E+1 2.13187549E-3 -5.91397285E-2 2.05201146E-3 -4.02390957E-1 5.06980754E-3
09 17 2014 03 36 55 113 -6.99544765E+1 0.00000000E+0 0.00000000E+0 9.97848700E+5 0.00000000E+0 7.30868578E+1 4.43896201E-1 3.27394962E+1 2.55663740E-3 -7.56978989E-2 2.16070353E-3 -3.86512280E-1 3.82704915E-3
09 17 2014 03 37 00 117 -6.99544765E+1 0.00000000E+0 5.00000000E+1 9.97853200E+5 0.00000000E+0 7.31171966E+1 4.32559053E-1 3.27239275E+1 2.83254285E-3 -8.80181789E-2 2.33001242E-3 -3.59904766E-1 3.86822084E-3
09 17 2014 03 37 04 122 -6.99544765E+1 0.00000000E+0 1.00000000E+2 9.97857700E+5 0.00000000E+0 7.31364638E+1 4.74840338E-1 3.26964855E+1 2.47350898E-3 -9.58144665E-2 1.80868426E-3 -3.62694263E-1 3.25596339E-3
09 17 2014 03 37 15 132 0.00000000E+0 0.00000000E+0 -1.00000000E+2 9.97867800E+5 0.00000000E+0 7.31015205E+1 4.23219753E-1 3.27269375E+1 2.73470508E-3 1.16050243E-2 2.48383135E-3 -3.71336937E-1 1.04466207E-2
09 17 2014 03 37 19 136 0.00000000E+0 0.00000000E+0 -5.00000000E+1 9.97872300E+5 0.00000000E+0 7.31495023E+1 4.66588887E-1 3.27446342E+1 2.20147673E-3 5.42402267E-4 3.04649743E-3 -3.78334522E-1 8.72756156E-3
09 17 2014 03 37 24 141 0.00000000E+0 0.00000000E+0 0.00000000E+0 9.97876800E+5 0.00000000E+0 7.31149316E+1 4.45683491E-1 3.27492356E+1 2.10618862E-3 -1.44004822E-2 2.20443053E-3 -3.84986401E-1 5.74311708E-3
09 17 2014 03 37 28 145 0.00000000E+0 0.00000000E+0 5.00000000E+1 9.97881300E+5 0.00000000E+0 7.30674714E+1 4.42347101E-1 3.27402875E+1 3.81121097E-3 -2.62707472E-2 1.79573934E-3 -3.91930342E-1 4.72616350E-3
09 17 2014 03 37 33 150 0.00000000E+0 0.00000000E+0 1.00000000E+2 9.97885800E+5 0.00000000E+0 7.30937123E+1 4.46035871E-1 3.27275574E+1 2.90055811E-3 -3.36706638E-2 2.03942526E-3 -3.91536951E-1 4.31906555E-3
09 17 2014 03 37 43 160 6.99544765E+1 0.00000000E+0 -1.00000000E+2 9.97895900E+5 0.00000000E+0 7.31186867E+1 4.46028312E-1 3.27999949E+1 1.99479044E-3 4.75108624E-2 2.56069329E-3 -3.48532200E-1 1.08138351E-2
09 17 2014 03 37 47 165 6.99544765E+1 0.00000000E+0 -5.00000000E+1 9.97900400E+5 0.00000000E+0 7.31440187E+1 4.51652664E-1 3.28398526E+1 2.86214032E-3 3.57568264E-2 1.82046244E-3 -3.36027145E-1 9.37168434E-3
09 17 2014 03 37 52 169 6.99544765E+1 0.00000000E+0 0.00000000E+0 9.97904900E+5 0.00000000E+0 7.31283426E+1 4.46422900E-1 3.28634903E+1 2.97672343E-3 2.86325812E-2 2.52664410E-3 -3.73192132E-1 7.46291649E-3
09 17 2014 03 37 56 174 6.99544765E+1 0.00000000E+0 5.00000000E+1 9.97909400E+5 0.00000000E+0 7.31511116E+1 4.42669941E-1 3.28340709E+1 3.09950789E-3 1.18076801E-2 2.20642295E-3 -4.15247679E-1 5.37051794E-3
09 17 2014 03 38 01 178 6.99544765E+1 0.00000000E+0 1.00000000E+2 9.97913900E+5 0.00000000E+0 7.31135905E+1 4.50149783E-1 3.27998847E+1 2.01030600E-3 -2.68220901E-4 2.13048046E-3 -4.12158668E-1 5.66680535E-3
09 17 2014 03 38 12 189 -6.99544765E+1 2.99546142E+1 -1.00000000E+2 9.97924900E+5 0.00000000E+0 7.31213689E+1 4.17721482E-1 3.26796710E+1 3.04084550E-3 -5.49793243E-2 2.51088301E-3 -3.59857082E-1 5.40464499E-3
09 17 2014 03 38 16 194 -6.99544765E+1 2.99546142E+1 -5.00000000E+1 9.97929500E+5 0.00000000E+0 7.31152892E+1 4.32548540E-1 3.27059090E+1 2.87184504E-3 -6.14285469E-2 2.53238717E-3 -3.71319056E-1 6.02849919E-3
09 17 2014 03 38 21 198 -6.99544765E+1 2.99546142E+1 0.00000000E+0 9.97934000E+5 0.00000000E+0 7.31139183E+1 4.51333460E-1 3.27159107E+1 2.79503005E-3 -7.56442547E-2 2.83910355E-3 -3.55678797E-1 3.82434631E-3
09 17 2014 03 38 25 203 -6.99544765E+1 2.99546142E+1 5.00000000E+1 9.97938500E+5 0.00000000E+0 7.32027292E+1 4.48667390E-1 3.26935768E+1 3.17840719E-3 -8.85307789E-2 2.79069163E-3 -3.36617231E-1 2.45127737E-3
09 17 2014 03 38 30 207 -6.99544765E+1 2.99546142E+1 1.00000000E+2 9.97943000E+5 0.00000000E+0 7.31908530E+1 4.24178630E-1 3.26722041E+1 3.16439295E-3 -9.78112221E-2 2.36222966E-3 -3.51876020E-1 3.79215474E-3
09 17 2014 03 38 40 217 0.00000000E+0 2.99546142E+1 -1.00000000E+2 9.97953000E+5 0.00000000E+0 7.31515288E+1 4.53569102E-1 3.27141166E+1 2.81274897E-3 2.80678272E-2 3.51775856E-3 -3.64190340E-1 1.04446499E-2
09 17 2014 03 38 44 222 0.00000000E+0 2.99546142E+1 -5.00000000E+1 9.97957500E+5 0.00000000E+0 7.32421875E+1 4.34378979E-1 3.27279344E+1 2.94303529E-3 1.83358788E-2 1.55869280E-3 -3.69846821E-1 8.80708464E-3
09 17 2014 03 38 49 226 0.00000000E+0 2.99546142E+1 0.00000000E+0 9.97962100E+5 0.00000000E+0 7.31802583E+1 4.61229365E-1 3.27318430E+1 2.51944733E-3 5.58495522E-3 1.76022092E-3 -3.71509790E-1 7.05256705E-3
09 17 2014 03 38 53 231 0.00000000E+0 2.99546142E+1 5.00000000E+1 9.97966600E+5 0.00000000E+0 7.32006133E+1 4.50929078E-1 3.27243730E+1 2.72447131E-3 -5.92321157E-3 2.49247924E-3 -3.84978950E-1 4.23709656E-3
09 17 2014 03 38 58 235 0.00000000E+0 2.99546142E+1 1.00000000E+2 9.97971100E+5 0.00000000E+0 7.31502175E+1 4.47082981E-1 3.27061296E+1 2.38446811E-3 -1.63376331E-2 1.79397526E-3 -3.94445658E-1 5.51386119E-3
09 17 2014 03 39 08 245 6.99544765E+1 2.99546142E+1 -1.00000000E+2 9.97981100E+5 0.00000000E+0 7.31449574E+1 4.43770777E-1 3.27818170E+1 2.71497903E-3 8.97049904E-2 2.35097322E-3 -3.50326300E-1 1.19905426E-2
09 17 2014 03 39 12 250 6.99544765E+1 2.99546142E+1 -5.00000000E+1 9.97985600E+5 0.00000000E+0 7.31963515E+1 4.44908435E-1 3.28118980E+1 3.06260926E-3 8.35001469E-2 2.16190609E-3 -3.39239836E-1 9.91086479E-3
09 17 2014 03 39 17 254 6.99544765E+1 2.99546142E+1 0.00000000E+0 9.97990200E+5 0.00000000E+0 7.32113421E+1 4.25743507E-1 3.28375548E+1 2.72843476E-3 7.17416406E-2 1.73200815E-3 -3.66315246E-1 7.97650311E-3
09 17 2014 03 39 21 259 6.99544765E+1 2.99546142E+1 5.00000000E+1 9.97994700E+5 0.00000000E+0 7.31674433E+1 4.55151144E-1 3.28106463E+1 2.58273843E-3 5.57780266E-2 2.42397708E-3 -4.16147709E-1 5.15370603E-3
09 17 2014 03 39 26 263 6.99544765E+1 2.99546142E+1 1.00000000E+2 9.97999200E+5 0.00000000E+0 7.31112957E+1 4.42128800E-1 3.27731967E+1 2.92168377E-3 5.07831573E-2 1.95919031E-3 -4.32020426E-1 5.14769065E-3
