Month Day Year Hour Minute Second Time_s x y z Current CurrentError 1Axis 1AxisError Bx BxError By ByError Bz BzError
09 16 2014 20 02 18 18 -6.49468892E+1 -2.49621785E+1 -1.00000000E+2 9.70571100E+5 0.00000000E+0 7.31001496E+1 4.31745263E-1 9.51051712E-2 2.99802289E-3 9.59753990E-2 2.07844900E-3 3.65006924E-1 3.98198098E-3
09 16 2014 20 02 22 22 -6.49468892E+1 -2.49621785E+1 -5.00000000E+1 9.70575600E+5 0.00000000E+0 7.30589628E+1 4.23200684E-1 1.38109922E-1 2.71631883E-3 1.20174885E-1 2.64302997E-3 2.89213657E-1 3.25318267E-3
09 16 2014 20 02 27 27 -6.49468892E+1 -2.49621785E+1 0.00000000E+0 9.70580200E+5 0.00000000E+0 7.30367303E+1 4.31190724E-1 1.86318159E-1 2.73333724E-3 9.40203667E-2 2.07347706E-3 2.77000666E-1 2.55009790E-3
09 16 2014 20 02 31 31 -6.49468892E+1 -2.49621785E+1 5.00000000E+1 9.70584700E+5 0.00000000E+0 7.30832219E+1 4.35295352E-1 1.73056126E-1 2.90952425E-3 4.44352627E-2 2.19295815E-3 3.37684155E-1 3.38173741E-3
09 16 2014 20 02 36 36 -6.49468892E+1 -2.49621785E+1 1.00000000E+2 9.70589200E+5 0.00000000E+0 7.31684268E+1 4.38254137E-1 1.36159360E-1 2.21751442E-3 3.89963388E-2 2.35615585E-3 3.66002321E-1 2.78126624E-3
09 16 2014 20 02 46 45 -5.49317147E+1 -2.49621785E+1 -1.00000000E+2 9.70598800E+5 0.00000000E+0 7.30617642E+1 4.51003208E-1 1.14810467E-1 2.72248656E-3 1.05667114E-1 2.15876419E-3 3.63785028E-1 4.07396536E-3
09 16 2014 20 02 50 50 -5.49317147E+1 -2.49621785E+1 -5.00000000E+1 9.70603300E+5 0.00000000E+0 7.30624795E+1 4.55564204E-1 1.46096945E-1 2.57815882E-3 1.28501654E-1 1.99343080E-3 2.98410654E-1 3.96767543E-3
09 16 2014 20 02 55 54 -5.49317147E+1 -2.49621785E+1 0.00000000E+0 9.70607800E+5 0.00000000E+0 7.30353594E+1 4.24416352E-1 1.84005499E-1 3.09883215E-3 1.04343891E-1 1.99703885E-3 2.83867121E-1 2.61914416E-3
09 16 2014 20 02 59 59 -5.49317147E+1 -2.49621785E+1 5.00000000E+1 9.70612400E+5 0.00000000E+0 7.30554461E+1 4.20920890E-1 1.72621012E-1 3.09617603E-3 6.02066517E-2 2.71246118E-3 3.33529711E-1 2.83034376E-3
09 16 2014 20 03 04 63 -5.49317147E+1 -2.49621785E+1 1.00000000E+2 9.70616900E+5 0.00000000E+0 7.30826855E+1 4.48866005E-1 1.49053335E-1 1.99373094E-3 4.94122505E-2 2.74862495E-3 3.63606215E-1 3.46501656E-3
09 16 2014 20 03 13 73 -4.50682853E+1 -2.49621785E+1 -1.00000000E+2 9.70626500E+5 0.00000000E+0 7.30520487E+1 4.38559141E-1 1.27792358E-1 2.95262348E-3 1.12664700E-1 2.60052329E-3 3.58426571E-1 3.01158873E-3
09 16 2014 20 03 18 78 -4.50682853E+1 -2.49621785E+1 -5.00000000E+1 9.70631000E+5 0.00000000E+0 7.30727911E+1 4.33856292E-1 1.50656700E-1 2.52306650E-3 1.36029720E-1 1.48686255E-3 3.03488970E-1 3.90351628E-3
09 16 2014 20 03 22 82 -4.50682853E+1 -2.49621785E+1 0.00000000E+0 9.70635500E+5 0.00000000E+0 7.31354207E+1 3.97386622E-1 1.85854733E-1 2.80161909E-3 1.11967325E-1 2.37043708E-3 2.85752118E-1 3.94472137E-3
09 16 2014 20 03 27 87 -4.50682853E+1 -2.49621785E+1 5.00000000E+1 9.70640000E+5 0.00000000E+0 7.31024742E+1 4.44823720E-1 1.74897909E-1 3.18025978E-3 6.87479973E-2 2.74306821E-3 3.27014923E-1 3.97195697E-3
09 16 2014 20 03 31 91 -4.50682853E+1 -2.49621785E+1 1.00000000E+2 9.70644600E+5 0.00000000E+0 7.30220973E+1 4.50167672E-1 1.53772533E-1 2.69686044E-3 6.11096621E-2 2.49861268E-3 3.59863043E-1 3.14571007E-3
09 16 2014 20 03 41 101 -3.50531108E+1 -2.49621785E+1 -1.00000000E+2 9.70654200E+5 0.00000000E+0 7.30856657E+1 4.48656420E-1 1.32602453E-1 3.07674121E-3 1.16175413E-1 2.20710082E-3 3.53395939E-1 2.75623362E-3
09 16 2014 20 03 45 105 -3.50531108E+1 -2.49621785E+1 -5.00000000E+1 9.70658700E+5 0.00000000E+0 7.31388479E+1 4.13179402E-1 1.58235431E-1 2.95128272E-3 1.38439238E-1 1.83995654E-3 3.11911106E-1 3.06316073E-3
09 16 2014 20 03 50 110 -3.50531108E+1 -2.49621785E+1 0.00000000E+0 9.70663200E+5 0.00000000E+0 7.30676651E+1 4.31293768E-1 1.87301636E-1 2.29257977E-3 1.19799376E-1 2.48208422E-3 2.92307138E-1 3.28078697E-3
09 16 2014 20 03 54 114 -3.50531108E+1 -2.49621785E+1 5.00000000E+1 9.70667700E+5 0.00000000E+0 7.30213523E+1 4.73470025E-1 1.80043280E-1 2.45571860E-3 8.00192356E-2 2.97577843E-3 3.23608518E-1 3.11860099E-3
09 16 2014 20 03 59 119 -3.50531108E+1 -2.49621785E+1 1.00000000E+2 9.70672200E+5 0.00000000E+0 7.30125904E+1 4.59573624E-1 1.63358450E-1 2.61268239E-3 6.73949718E-2 1.86743309E-3 3.50362062E-1 3.22003897E-3
09 16 2014 20 04 09 128 -2.50379363E+1 -2.49621785E+1 -1.00000000E+2 9.70681800E+5 0.00000000E+0 7.30754733E+1 4.35796444E-1 1.43831968E-1 2.23772631E-3 1.26045942E-1 2.42409278E-3 3.53270769E-1 3.80497461E-3
09 16 2014 20 04 13 133 -2.50379363E+1 -2.49621785E+1 -5.00000000E+1 9.70686400E+5 0.00000000E+0 7.30295777E+1 4.40980804E-1 1.68156624E-1 2.31330048E-3 1.44511461E-1 2.22445099E-3 3.16721201E-1 3.43248567E-3
09 16 2014 20 04 18 137 -2.50379363E+1 -2.49621785E+1 0.00000000E+0 9.70690900E+5 0.00000000E+0 7.29564577E+1 4.38092808E-1 1.92381442E-1 2.24257938E-3 1.27844512E-1 1.58266888E-3 2.96376646E-1 3.64949689E-3
09 16 2014 20 04 22 142 -2.50379363E+1 -2.49621785E+1 5.00000000E+1 9.70695400E+5 0.00000000E+0 7.29957819E+1 4.60211261E-1 1.84535980E-1 2.33921504E-3 9.07182693E-2 2.43969349E-3 3.20714712E-1 3.44857260E-3
09 16 2014 20 04 27 146 -2.50379363E+1 -2.49621785E+1 1.00000000E+2 9.70699900E+5 0.00000000E+0 7.30408728E+1 4.52985235E-1 1.72019005E-1 2.14841467E-3 7.78362155E-2 2.06130695E-3 3.50609422E-1 2.62255921E-3
09 16 2014 20 04 36 156 0.00000000E+0 -2.49621785E+1 -1.00000000E+2 9.70709600E+5 0.00000000E+0 7.30276704E+1 4.24838028E-1 1.53648853E-1 2.55964888E-3 1.44660473E-1 2.21218661E-3 3.49831581E-1 3.28236532E-3
09 16 2014 20 04 41 161 0.00000000E+0 -2.49621785E+1 -5.00000000E+1 9.70714200E+5 0.00000000E+0 7.30286837E+1 4.38737904E-1 1.71041489E-1 2.78621894E-3 1.68442726E-1 2.21438317E-3 3.32462788E-1 4.21182677E-3
09 16 2014 20 04 45 165 0.00000000E+0 -2.49621785E+1 0.00000000E+0 9.70718700E+5 0.00000000E+0 7.29707628E+1 4.43724822E-1 1.98632479E-1 2.36403373E-3 1.59755349E-1 1.86204503E-3 3.02843750E-1 3.31649549E-3
09 16 2014 20 04 50 170 0.00000000E+0 -2.49621785E+1 5.00000000E+1 9.70723200E+5 0.00000000E+0 7.29755759E+1 4.67829783E-1 1.85054541E-1 2.83615147E-3 1.20729208E-1 1.66123767E-3 3.11034918E-1 3.76760022E-3
09 16 2014 20 04 54 174 0.00000000E+0 -2.49621785E+1 1.00000000E+2 9.70727700E+5 0.00000000E+0 7.29572028E+1 4.58570618E-1 1.75319612E-1 1.75023638E-3 1.04382634E-1 1.83746081E-3 3.39202583E-1 3.83969125E-3
09 16 2014 20 05 04 184 2.50379363E+1 -2.49621785E+1 -1.00000000E+2 9.70737400E+5 0.00000000E+0 7.31211901E+1 4.46639734E-1 1.42700970E-1 2.25742182E-3 1.66520476E-1 2.07842801E-3 3.46288085E-1 3.37227468E-3
09 16 2014 20 05 09 188 2.50379363E+1 -2.49621785E+1 -5.00000000E+1 9.70741900E+5 0.00000000E+0 7.31069446E+1 4.45133646E-1 1.73163414E-1 2.44807913E-3 1.93512440E-1 2.40047437E-3 3.45110893E-1 3.29773309E-3
09 16 2014 20 05 13 193 2.50379363E+1 -2.49621785E+1 0.00000000E+0 9.70746500E+5 0.00000000E+0 7.31582195E+1 4.49052384E-1 1.92664564E-1 2.68409583E-3 1.95413828E-1 2.46410725E-3 3.09929252E-1 4.44761429E-3
09 16 2014 20 05 18 198 2.50379363E+1 -2.49621785E+1 5.00000000E+1 9.70751000E+5 0.00000000E+0 7.30661154E+1 4.39392246E-1 1.75625086E-1 2.37093399E-3 1.55454874E-1 2.01433254E-3 3.02875042E-1 3.88408210E-3
09 16 2014 20 05 22 202 2.50379363E+1 -2.49621785E+1 1.00000000E+2 9.70755500E+5 0.00000000E+0 7.30549097E+1 4.53063139E-1 1.62941217E-1 2.55624975E-3 1.35314465E-1 1.81487657E-3 3.39001417E-1 3.24327570E-3
09 16 2014 20 05 32 212 3.50531108E+1 -2.49621785E+1 -1.00000000E+2 9.70765100E+5 0.00000000E+0 7.30594993E+1 4.51197298E-1 1.31493807E-1 3.96326188E-3 1.80125237E-1 2.32446049E-3 3.48639488E-1 3.28145373E-3
09 16 2014 20 05 36 216 3.50531108E+1 -2.49621785E+1 -5.00000000E+1 9.70769600E+5 0.00000000E+0 7.31443614E+1 4.32084035E-1 1.73322856E-1 2.88031904E-3 2.08839774E-1 1.72249517E-3 3.56242061E-1 2.94131459E-3
09 16 2014 20 05 41 221 3.50531108E+1 -2.49621785E+1 0.00000000E+0 9.70774100E+5 0.00000000E+0 7.30872750E+1 4.35945424E-1 1.96266174E-1 2.53011195E-3 2.14809179E-1 2.22901911E-3 3.12852859E-1 3.81261838E-3
09 16 2014 20 05 45 225 3.50531108E+1 -2.49621785E+1 5.00000000E+1 9.70778700E+5 0.00000000E+0 7.31151551E+1 4.49058502E-1 1.71855092E-1 2.35213150E-3 1.68941915E-1 1.48076861E-3 2.95370817E-1 3.23069638E-3
09 16 2014 20 05 50 230 3.50531108E+1 -2.49621785E+1 1.00000000E+2 9.70783200E+5 0.00000000E+0 7.30557442E+1 4.34317802E-1 1.57260895E-1 2.13619518E-3 1.44433975E-1 1.93977709E-3 3.33732367E-1 3.06558725E-3
09 16 2014 20 06 00 239 4.50682853E+1 -2.49621785E+1 -1.00000000E+2 9.70792800E+5 0.00000000E+0 7.30124861E+1 4.41634132E-1 1.25996768E-1 2.04051984E-3 1.87665224E-1 1.52879427E-3 3.40364873E-1 3.36534074E-3
09 16 2014 20 06 04 244 4.50682853E+1 -2.49621785E+1 -5.00000000E+1 9.70797300E+5 0.00000000E+0 7.30923414E+1 4.29397909E-1 1.67381763E-1 2.90664368E-3 2.20263004E-1 2.57950021E-3 3.58855724E-1 2.88499962E-3
09 16 2014 20 06 09 248 4.50682853E+1 -2.49621785E+1 0.00000000E+0 9.70801800E+5 0.00000000E+0 7.31281936E+1 4.35796919E-1 1.94512308E-1 2.50650347E-3 2.27205455E-1 2.93892808E-3 3.09802592E-1 2.98395520E-3
09 16 2014 20 06 13 253 4.50682853E+1 -2.49621785E+1 5.00000000E+1 9.70806300E+5 0.00000000E+0 7.30695128E+1 4.71792115E-1 1.67262554E-1 2.89168057E-3 1.83212757E-1 2.75199710E-3 2.87073851E-1 2.53568555E-3
09 16 2014 20 06 18 257 4.50682853E+1 -2.49621785E+1 1.00000000E+2 9.70810900E+5 0.00000000E+0 7.30296969E+1 4.14705850E-1 1.43426657E-1 2.47508337E-3 1.57946348E-1 1.51307835E-3 3.31735611E-1 3.73256250E-3
09 16 2014 20 06 27 267 5.49317147E+1 -2.49621785E+1 -1.00000000E+2 9.70820500E+5 0.00000000E+0 7.30411410E+1 4.17559230E-1 1.02621317E-1 2.36062752E-3 2.00629234E-1 1.89515344E-3 3.36503983E-1 4.52294693E-3
09 16 2014 20 06 32 272 5.49317147E+1 -2.49621785E+1 -5.00000000E+1 9.70825000E+5 0.00000000E+0 7.30086118E+1 4.30379870E-1 1.52744353E-1 2.71026412E-3 2.33277678E-1 2.65915108E-3 3.71433794E-1 3.62788654E-3
09 16 2014 20 06 36 276 5.49317147E+1 -2.49621785E+1 0.00000000E+0 9.70829500E+5 0.00000000E+0 7.30191469E+1 4.45492476E-1 1.89942122E-1 2.89384597E-3 2.49373913E-1 2.32410651E-3 3.11815739E-1 4.11939389E-3
09 16 2014 20 06 41 281 5.49317147E+1 -2.49621785E+1 5.00000000E+1 9.70834000E+5 0.00000000E+0 7.30012357E+1 4.67939385E-1 1.52349472E-1 2.73298833E-3 2.02603638E-1 1.97324985E-3 2.79955566E-1 2.53852117E-3
09 16 2014 20 06 45 285 5.49317147E+1 -2.49621785E+1 1.00000000E+2 9.70838500E+5 0.00000000E+0 7.30513334E+1 4.60701456E-1 1.24800205E-1 3.27563638E-3 1.68853998E-1 2.57844891E-3 3.31634283E-1 3.77992792E-3
09 16 2014 20 06 55 295 6.49468892E+1 -2.49621785E+1 -1.00000000E+2 9.70848200E+5 0.00000000E+0 7.30960071E+1 4.53348164E-1 7.73519278E-2 2.51335667E-3 2.09555030E-1 2.33393604E-3 3.37392092E-1 3.62351795E-3
09 16 2014 20 06 59 299 6.49468892E+1 -2.49621785E+1 -5.00000000E+1 9.70852700E+5 0.00000000E+0 7.31150508E+1 4.39710475E-1 1.48540735E-1 2.69503344E-3 2.42358446E-1 2.08189176E-3 3.90326977E-1 3.75921836E-3
09 16 2014 20 07 04 304 6.49468892E+1 -2.49621785E+1 0.00000000E+0 9.70857200E+5 0.00000000E+0 7.31457770E+1 4.31886745E-1 1.91710889E-1 1.79380935E-3 2.70076096E-1 2.55563096E-3 3.17394733E-1 3.52773570E-3
09 16 2014 20 07 08 308 6.49468892E+1 -2.49621785E+1 5.00000000E+1 9.70861700E+5 0.00000000E+0 7.30881095E+1 4.54179715E-1 1.39683485E-1 2.72083083E-3 2.18558311E-1 1.95552198E-3 2.63178349E-1 2.78501068E-3
09 16 2014 20 07 13 313 6.49468892E+1 -2.49621785E+1 1.00000000E+2 9.70866200E+5 0.00000000E+0 7.30559826E+1 4.31447250E-1 1.01739168E-1 2.08476385E-3 1.81496143E-1 2.65590277E-3 3.20750475E-1 3.21464564E-3
09 16 2014 20 07 24 324 -6.49468892E+1 -1.25567322E+1 -1.00000000E+2 9.70877100E+5 0.00000000E+0 7.30988979E+1 4.51385525E-1 9.04679298E-2 2.25451741E-3 1.11538172E-1 2.19104735E-3 3.46165895E-1 3.50578905E-3
09 16 2014 20 07 28 328 -6.49468892E+1 -1.25567322E+1 -5.00000000E+1 9.70881600E+5 0.00000000E+0 7.30540156E+1 4.53633706E-1 1.26904249E-1 2.52924713E-3 1.32590532E-1 2.57856494E-3 2.82168388E-1 2.97357418E-3
09 16 2014 20 07 33 333 -6.49468892E+1 -1.25567322E+1 0.00000000E+0 9.70886100E+5 0.00000000E+0 7.29672611E+1 4.36499184E-1 1.64747238E-1 2.70791452E-3 1.11602247E-1 2.03202891E-3 2.75425613E-1 3.24604619E-3
09 16 2014 20 07 37 337 -6.49468892E+1 -1.25567322E+1 5.00000000E+1 9.70890600E+5 0.00000000E+0 7.30426908E+1 4.27576997E-1 1.48153305E-1 2.76114092E-3 6.89625740E-2 2.01359907E-3 3.36605310E-1 3.98261486E-3
09 16 2014 20 07 42 342 -6.49468892E+1 -1.25567322E+1 1.00000000E+2 9.70895100E+5 0.00000000E+0 7.31565058E+1 4.30938944E-1 1.20878220E-1 2.59901769E-3 5.76451421E-2 2.19378294E-3 3.54833901E-1 2.97815529E-3
09 16 2014 20 07 51 351 -5.49317147E+1 -1.25567322E+1 -1.00000000E+2 9.70904700E+5 0.00000000E+0 7.30983019E+1 4.22230716E-1 1.02066994E-1 2.77276432E-3 1.19602680E-1 2.18449193E-3 3.39633226E-1 3.64884058E-3
09 16 2014 20 07 56 356 -5.49317147E+1 -1.25567322E+1 -5.00000000E+1 9.70909200E+5 0.00000000E+0 7.30578601E+1 4.51094814E-1 1.37932599E-1 3.39679370E-3 1.36815012E-1 2.06417749E-3 2.90237367E-1 3.73430750E-3
09 16 2014 20 08 01 360 -5.49317147E+1 -1.25567322E+1 0.00000000E+0 9.70913800E+5 0.00000000E+0 7.30873346E+1 4.64863443E-1 1.67429447E-1 3.05385992E-3 1.17480755E-1 2.26629700E-3 2.82889605E-1 3.38005057E-3
09 16 2014 20 08 05 365 -5.49317147E+1 -1.25567322E+1 5.00000000E+1 9.70918300E+5 0.00000000E+0 7.30059296E+1 4.68805789E-1 1.52595341E-1 2.20218796E-3 7.82236457E-2 2.13168910E-3 3.30217183E-1 3.28766131E-3
09 16 2014 20 08 10 369 -5.49317147E+1 -1.25567322E+1 1.00000000E+2 9.70922800E+5 0.00000000E+0 7.30839372E+1 4.31277375E-1 1.35922432E-1 2.75680342E-3 6.86407089E-2 2.21728604E-3 3.44878435E-1 2.96815508E-3
09 16 2014 20 08 19 379 -4.50682853E+1 -1.25567322E+1 -1.00000000E+2 9.70932400E+5 0.00000000E+0 7.30878115E+1 4.40167448E-1 1.15260482E-1 2.70926988E-3 1.25542283E-1 1.64426735E-3 3.43762338E-1 3.72032789E-3
09 16 2014 20 08 24 383 -4.50682853E+1 -1.25567322E+1 -5.00000000E+1 9.70936900E+5 0.00000000E+0 7.30682015E+1 4.36840944E-1 1.41650438E-1 2.39447675E-3 1.38312578E-1 1.66887403E-3 3.04478407E-1 3.04865714E-3
09 16 2014 20 08 28 388 -4.50682853E+1 -1.25567322E+1 0.00000000E+0 9.70941400E+5 0.00000000E+0 7.30028003E+1 4.56298575E-1 1.69515610E-1 2.09618613E-3 1.25758350E-1 1.95176772E-3 2.90989876E-1 3.13802086E-3
09 16 2014 20 08 33 393 -4.50682853E+1 -1.25567322E+1 5.00000000E+1 9.70946000E+5 0.00000000E+0 7.30766654E+1 4.36695181E-1 1.59686804E-1 2.72676207E-3 8.87274742E-2 2.23358625E-3 3.25679779E-1 2.97910267E-3
09 16 2014 20 08 37 397 -4.50682853E+1 -1.25567322E+1 1.00000000E+2 9.70950500E+5 0.00000000E+0 7.30655342E+1 4.58505277E-1 1.38588250E-1 1.85495617E-3 7.51465559E-2 2.25128882E-3 3.45692039E-1 3.27276000E-3
09 16 2014 20 08 47 407 -3.50531108E+1 -1.25567322E+1 -1.00000000E+2 9.70960100E+5 0.00000000E+0 7.30993748E+1 4.69316382E-1 1.24722719E-1 2.85549503E-3 1.28036737E-1 2.89802998E-3 3.44353914E-1 3.20812436E-3
09 16 2014 20 08 51 411 -3.50531108E+1 -1.25567322E+1 -5.00000000E+1 9.70964600E+5 0.00000000E+0 7.31201470E+1 4.12855091E-1 1.47216022E-1 2.11976722E-3 1.40555203E-1 1.73651495E-3 3.08483839E-1 3.42900294E-3
09 16 2014 20 08 56 416 -3.50531108E+1 -1.25567322E+1 0.00000000E+0 9.70969100E+5 0.00000000E+0 7.30750561E+1 4.21229485E-1 1.68853998E-1 2.41983113E-3 1.28132105E-1 2.38678032E-3 2.98929214E-1 3.05677303E-3
09 16 2014 20 09 00 420 -3.50531108E+1 -1.25567322E+1 5.00000000E+1 9.70973600E+5 0.00000000E+0 7.30217993E+1 4.33306090E-1 1.61588192E-1 1.59876798E-3 9.48160887E-2 2.42315669E-3 3.23951244E-1 3.49020697E-3
09 16 2014 20 09 05 425 -3.50531108E+1 -1.25567322E+1 1.00000000E+2 9.70978200E+5 0.00000000E+0 7.30522275E+1 4.44736558E-1 1.49548054E-1 2.54223271E-3 8.42213631E-2 2.60902269E-3 3.45486403E-1 3.07601184E-3
09 16 2014 20 09 15 434 -2.50379363E+1 -1.25567322E+1 -1.00000000E+2 9.70987800E+5 0.00000000E+0 7.30297714E+1 4.56990895E-1 1.31510198E-1 3.31428089E-3 1.32471323E-1 1.17971029E-3 3.40670347E-1 3.16312964E-3
09 16 2014 20 09 19 439 -2.50379363E+1 -1.25567322E+1 -5.00000000E+1 9.70992300E+5 0.00000000E+0 7.30713606E+1 4.44090432E-1 1.49714947E-1 2.74383156E-3 1.47366524E-1 2.43650306E-3 3.10570002E-1 3.37438103E-3
09 16 2014 20 09 24 443 -2.50379363E+1 -1.25567322E+1 0.00000000E+0 9.70996800E+5 0.00000000E+0 7.30749965E+1 4.35185753E-1 1.72972679E-1 2.40948290E-3 1.34773552E-1 2.61209606E-3 2.97427177E-1 3.31078630E-3
09 16 2014 20 09 28 448 -2.50379363E+1 -1.25567322E+1 5.00000000E+1 9.71001300E+5 0.00000000E+0 7.30928779E+1 4.87249786E-1 1.71780586E-1 2.41751959E-3 1.01166964E-1 2.31552225E-3 3.19188833E-1 2.91141949E-3
09 16 2014 20 09 33 452 -2.50379363E+1 -1.25567322E+1 1.00000000E+2 9.71005800E+5 0.00000000E+0 7.30140805E+1 4.62838580E-1 1.60485506E-1 2.77984284E-3 9.04202461E-2 2.33489457E-3 3.47077847E-1 3.08213926E-3
09 16 2014 20 09 42 462 0.00000000E+0 -1.25567322E+1 -1.00000000E+2 9.71015600E+5 0.00000000E+0 7.30181485E+1 4.37249419E-1 1.46053731E-1 2.28360478E-3 1.49562955E-1 2.52013250E-3 3.45610082E-1 3.75088798E-3
09 16 2014 20 09 47 467 0.00000000E+0 -1.25567322E+1 -5.00000000E+1 9.71020100E+5 0.00000000E+0 7.30211735E+1 4.42979876E-1 1.64347887E-1 2.48744221E-3 1.67739391E-1 2.96018786E-3 3.26585770E-1 3.45531651E-3
09 16 2014 20 09 51 471 0.00000000E+0 -1.25567322E+1 0.00000000E+0 9.71024600E+5 0.00000000E+0 7.30493665E+1 4.34047228E-1 1.81660056E-1 2.51222559E-3 1.62363052E-1 1.90983054E-3 3.07172537E-1 3.56367327E-3
09 16 2014 20 09 56 476 0.00000000E+0 -1.25567322E+1 5.00000000E+1 9.71029100E+5 0.00000000E+0 7.30993152E+1 4.61283816E-1 1.73300505E-1 2.83630969E-3 1.31553411E-1 2.31008929E-3 3.14372778E-1 3.77236166E-3
09 16 2014 20 10 00 480 0.00000000E+0 -1.25567322E+1 1.00000000E+2 9.71033600E+5 0.00000000E+0 7.30687380E+1 4.31835375E-1 1.65063143E-1 2.54246071E-3 1.16956234E-1 1.47929782E-3 3.36915255E-1 3.21687846E-3
09 16 2014 20 10 10 490 2.50379363E+1 -1.25567322E+1 -1.00000000E+2 9.71043300E+5 0.00000000E+0 7.30485469E+1 4.42393574E-1 1.36159360E-1 2.70869066E-3 1.70908868E-1 1.85022585E-3 3.41132283E-1 3.89989324E-3
09 16 2014 20 10 15 494 2.50379363E+1 -1.25567322E+1 -5.00000000E+1 9.71047900E+5 0.00000000E+0 7.30149150E+1 4.41702406E-1 1.62822008E-1 2.46175120E-3 1.88267231E-1 2.48468188E-3 3.43203545E-1 3.24468789E-3
09 16 2014 20 10 19 499 2.50379363E+1 -1.25567322E+1 0.00000000E+0 9.71052400E+5 0.00000000E+0 7.30795860E+1 4.29562881E-1 1.81645155E-1 2.05090858E-3 1.86586380E-1 2.23174376E-3 3.19880247E-1 3.24935816E-3
09 16 2014 20 10 24 503 2.50379363E+1 -1.25567322E+1 5.00000000E+1 9.71056900E+5 0.00000000E+0 7.30948448E+1 4.44992301E-1 1.68251991E-1 2.73769143E-3 1.56462193E-1 2.65899872E-3 3.10266018E-1 3.31111009E-3
09 16 2014 20 10 28 508 2.50379363E+1 -1.25567322E+1 1.00000000E+2 9.71061400E+5 0.00000000E+0 7.31104612E+1 4.39619161E-1 1.53452158E-1 3.17640046E-3 1.39749050E-1 2.38107805E-3 3.37523222E-1 3.38089133E-3
09 16 2014 20 10 38 518 3.50531108E+1 -1.25567322E+1 -1.00000000E+2 9.71071000E+5 0.00000000E+0 7.30730295E+1 4.46906891E-1 1.23685598E-1 2.52658428E-3 1.75720453E-1 2.78725896E-3 3.39746475E-1 2.78041453E-3
09 16 2014 20 10 42 522 3.50531108E+1 -1.25567322E+1 -5.00000000E+1 9.71075500E+5 0.00000000E+0 7.30528235E+1 4.23403027E-1 1.56790018E-1 2.95866516E-3 1.96576118E-1 1.93383004E-3 3.48329544E-1 2.94704531E-3
09 16 2014 20 10 47 527 3.50531108E+1 -1.25567322E+1 0.00000000E+0 9.71080100E+5 0.00000000E+0 7.30572939E+1 4.25619411E-1 1.82217360E-1 1.88584622E-3 1.99478865E-1 2.45414384E-3 3.20869684E-1 3.37469133E-3
09 16 2014 20 10 51 531 3.50531108E+1 -1.25567322E+1 5.00000000E+1 9.71084600E+5 0.00000000E+0 7.31233954E+1 4.56220512E-1 1.59490108E-1 1.96753308E-3 1.65766478E-1 1.82005155E-3 3.05020809E-1 3.35620646E-3
09 16 2014 20 10 56 536 3.50531108E+1 -1.25567322E+1 1.00000000E+2 9.71089100E+5 0.00000000E+0 7.30816722E+1 4.43230010E-1 1.41334534E-1 2.92114613E-3 1.46639347E-1 2.33598344E-3 3.36158276E-1 3.53015893E-3
09 16 2014 20 11 05 545 4.50682853E+1 -1.25567322E+1 -1.00000000E+2 9.71098700E+5 0.00000000E+0 7.29983300E+1 4.15729123E-1 1.09188259E-1 2.82082825E-3 1.84744596E-1 1.60851576E-3 3.38248909E-1 2.81056600E-3
09 16 2014 20 11 10 550 4.50682853E+1 -1.25567322E+1 -5.00000000E+1 9.71103200E+5 0.00000000E+0 7.30533600E+1 4.67247658E-1 1.44571066E-1 1.92331040E-3 2.09248066E-1 3.26378723E-3 3.59660387E-1 3.52115881E-3
09 16 2014 20 11 14 554 4.50682853E+1 -1.25567322E+1 0.00000000E+0 9.71107700E+5 0.00000000E+0 7.30637312E+1 4.52946772E-1 1.72907114E-1 2.65983541E-3 2.13193893E-1 2.95196479E-3 3.25441360E-1 3.43786903E-3
09 16 2014 20 11 19 559 4.50682853E+1 -1.25567322E+1 5.00000000E+1 9.71112300E+5 0.00000000E+0 7.30787516E+1 4.47754264E-1 1.48916245E-1 1.96931893E-3 1.77037716E-1 1.92098542E-3 2.97576189E-1 3.01823108E-3
09 16 2014 20 11 24 563 4.50682853E+1 -1.25567322E+1 1.00000000E+2 9.71116800E+5 0.00000000E+0 7.30945468E+1 4.30340630E-1 1.27416849E-1 3.30436612E-3 1.55586004E-1 2.36474285E-3 3.28814983E-1 3.75165021E-3
09 16 2014 20 11 33 573 5.49317147E+1 -1.25567322E+1 -1.00000000E+2 9.71126400E+5 0.00000000E+0 7.30559826E+1 4.37435705E-1 9.40442085E-2 2.94803494E-3 1.88624859E-1 2.37762024E-3 3.33505869E-1 3.83976551E-3
09 16 2014 20 11 38 577 5.49317147E+1 -1.25567322E+1 -5.00000000E+1 9.71130900E+5 0.00000000E+0 7.30113387E+1 4.46016050E-1 1.37269497E-1 2.64517979E-3 2.12538242E-1 2.34588808E-3 3.67760658E-1 3.85914184E-3
09 16 2014 20 11 42 582 5.49317147E+1 -1.25567322E+1 0.00000000E+0 9.71135400E+5 0.00000000E+0 7.30432868E+1 4.52604693E-1 1.74808502E-1 2.48988409E-3 2.22253799E-1 2.16257196E-3 3.29089165E-1 3.22953090E-3
09 16 2014 20 11 47 587 5.49317147E+1 -1.25567322E+1 5.00000000E+1 9.71140000E+5 0.00000000E+0 7.31193423E+1 4.51009875E-1 1.44326687E-1 2.38044973E-3 1.82092190E-1 2.02212424E-3 2.92325020E-1 3.42885026E-3
09 16 2014 20 11 51 591 5.49317147E+1 -1.25567322E+1 1.00000000E+2 9.71144500E+5 0.00000000E+0 7.31313825E+1 4.69754897E-1 1.07526779E-1 2.53265297E-3 1.60437822E-1 1.94127064E-3 3.30483913E-1 3.29684844E-3
09 16 2014 20 12 01 601 6.49468892E+1 -1.25567322E+1 -1.00000000E+2 9.71154100E+5 0.00000000E+0 7.30700493E+1 4.46322509E-1 7.25805759E-2 2.73355614E-3 1.91640854E-1 2.39339105E-3 3.32444906E-1 3.14944275E-3
09 16 2014 20 12 05 605 6.49468892E+1 -1.25567322E+1 -5.00000000E+1 9.71158600E+5 0.00000000E+0 7.30696321E+1 4.35062228E-1 1.33138895E-1 2.93082772E-3 2.16692686E-1 2.32506372E-3 3.87173891E-1 3.13119869E-3
09 16 2014 20 12 10 610 6.49468892E+1 -1.25567322E+1 0.00000000E+0 9.71163100E+5 0.00000000E+0 7.31268525E+1 4.47977373E-1 1.82443857E-1 2.74098835E-3 2.38442421E-1 1.92514698E-3 3.39007378E-1 4.26401410E-3
09 16 2014 20 12 14 614 6.49468892E+1 -1.25567322E+1 5.00000000E+1 9.71167600E+5 0.00000000E+0 7.31077194E+1 4.30334951E-1 1.33073330E-1 2.60230587E-3 1.93452835E-1 2.12214388E-3 2.86579132E-1 3.57523284E-3
09 16 2014 20 12 19 619 6.49468892E+1 -1.25567322E+1 1.00000000E+2 9.71172200E+5 0.00000000E+0 7.30345249E+1 4.46179240E-1 9.28223133E-2 2.39803502E-3 1.64282322E-1 2.06255462E-3 3.21584940E-1 3.61233550E-3
09 16 2014 20 12 30 630 -6.49468892E+1 0.00000000E+0 -1.00000000E+2 9.71183000E+5 0.00000000E+0 7.31095672E+1 4.60425620E-1 8.84681940E-2 2.68503323E-3 1.13338232E-1 2.45061364E-3 3.44112515E-1 3.04513047E-3
09 16 2014 20 12 34 634 -6.49468892E+1 0.00000000E+0 -5.00000000E+1 9.71187500E+5 0.00000000E+0 7.31027722E+1 4.44955335E-1 1.24299526E-1 2.64506668E-3 1.26028061E-1 2.50641084E-3 2.91919708E-1 3.57682241E-3
09 16 2014 20 12 39 639 -6.49468892E+1 0.00000000E+0 0.00000000E+0 9.71192000E+5 0.00000000E+0 7.31620193E+1 4.26830855E-1 1.60165131E-1 1.54019678E-3 1.12868845E-1 1.74128214E-3 2.91220844E-1 3.33401730E-3
09 16 2014 20 12 43 643 -6.49468892E+1 0.00000000E+0 5.00000000E+1 9.71196500E+5 0.00000000E+0 7.30978251E+1 4.37337431E-1 1.41519308E-1 2.10291013E-3 7.82310963E-2 1.81939392E-3 3.40670347E-1 3.53819560E-3
09 16 2014 20 12 48 648 -6.49468892E+1 0.00000000E+0 1.00000000E+2 9.71201000E+5 0.00000000E+0 7.30810165E+1 4.56248763E-1 1.16860867E-1 2.03267524E-3 6.54041767E-2 1.99747887E-3 3.49897146E-1 2.59025687E-3
09 16 2014 20 12 57 657 -5.49317147E+1 0.00000000E+0 -1.00000000E+2 9.71210700E+5 0.00000000E+0 7.31074810E+1 4.30360742E-1 1.03801489E-1 2.62940446E-3 1.19131804E-1 1.59761751E-3 3.39066982E-1 3.07499651E-3
09 16 2014 20 13 02 662 -5.49317147E+1 0.00000000E+0 -5.00000000E+1 9.71215200E+5 0.00000000E+0 7.31164217E+1 4.46587763E-1 1.29871070E-1 2.77631201E-3 1.28701329E-1 1.58380955E-3 2.97874212E-1 3.00650145E-3
09 16 2014 20 13 06 666 -5.49317147E+1 0.00000000E+0 0.00000000E+0 9.71219700E+5 0.00000000E+0 7.31557608E+1 4.38478808E-1 1.59990788E-1 3.32234026E-3 1.14864111E-1 1.86591050E-3 2.94578075E-1 3.71897187E-3
09 16 2014 20 13 11 671 -5.49317147E+1 0.00000000E+0 5.00000000E+1 9.71224200E+5 0.00000000E+0 7.31056929E+1 4.24247669E-1 1.50161982E-1 2.42224081E-3 8.40425491E-2 2.11310202E-3 3.36730480E-1 3.46864642E-3
09 16 2014 20 13 15 675 -5.49317147E+1 0.00000000E+0 1.00000000E+2 9.71228700E+5 0.00000000E+0 7.31080770E+1 4.48401353E-1 1.31070614E-1 2.05150111E-3 7.34210014E-2 2.08993263E-3 3.40563059E-1 4.22625270E-3
09 16 2014 20 13 25 685 -4.50682853E+1 0.00000000E+0 -1.00000000E+2 9.71238300E+5 0.00000000E+0 7.30549544E+1 4.48876079E-1 1.16698444E-1 2.46793702E-3 1.22383237E-1 2.14835955E-3 3.36863101E-1 2.94593105E-3
09 16 2014 20 13 30 689 -4.50682853E+1 0.00000000E+0 -5.00000000E+1 9.71242800E+5 0.00000000E+0 7.31165409E+1 4.43278290E-1 1.39254332E-1 2.86892664E-3 1.33466721E-1 2.00462728E-3 3.01831961E-1 2.71549265E-3
09 16 2014 20 13 34 694 -4.50682853E+1 0.00000000E+0 0.00000000E+0 9.71247400E+5 0.00000000E+0 7.31737018E+1 4.52915624E-1 1.63996220E-1 2.18106539E-3 1.21933222E-1 2.17115810E-3 3.01736593E-1 3.10962636E-3
09 16 2014 20 13 39 698 -4.50682853E+1 0.00000000E+0 5.00000000E+1 9.71251900E+5 0.00000000E+0 7.31397271E+1 4.30489761E-1 1.51020288E-1 2.49074756E-3 9.23693180E-2 2.58013079E-3 3.31115723E-1 3.00021749E-3
09 16 2014 20 13 43 703 -4.50682853E+1 0.00000000E+0 1.00000000E+2 9.71256400E+5 0.00000000E+0 7.31217265E+1 4.36149885E-1 1.34956837E-1 2.01374765E-3 8.04483891E-2 2.08361549E-3 3.40056419E-1 3.07385311E-3
09 16 2014 20 13 53 713 -3.50531108E+1 0.00000000E+0 -1.00000000E+2 9.71266000E+5 0.00000000E+0 7.30845332E+1 4.62598318E-1 1.21980906E-1 2.13033125E-3 1.25873089E-1 2.55672517E-3 3.34990025E-1 3.34589482E-3
09 16 2014 20 13 57 717 -3.50531108E+1 0.00000000E+0 -5.00000000E+1 9.71270500E+5 0.00000000E+0 7.31433183E+1 4.37348426E-1 1.37783587E-1 2.67348593E-3 1.37999654E-1 2.39721355E-3 3.07314098E-1 2.99480966E-3
09 16 2014 20 14 02 722 -3.50531108E+1 0.00000000E+0 0.00000000E+0 9.71275100E+5 0.00000000E+0 7.31422901E+1 4.31397147E-1 1.58852339E-1 3.08940470E-3 1.26236677E-1 2.38684299E-3 3.02803516E-1 3.29816399E-3
09 16 2014 20 14 06 726 -3.50531108E+1 0.00000000E+0 5.00000000E+1 9.71279600E+5 0.00000000E+0 7.30623603E+1 4.32030835E-1 1.53928995E-1 2.45463142E-3 1.02424622E-1 2.05663529E-3 3.27289104E-1 3.16309811E-3
09 16 2014 20 14 11 731 -3.50531108E+1 0.00000000E+0 1.00000000E+2 9.71284100E+5 0.00000000E+0 7.30406642E+1 4.29928557E-1 1.45375729E-1 2.78189365E-3 8.63194466E-2 2.33598344E-3 3.42011452E-1 3.10474591E-3
09 16 2014 20 14 20 740 -2.50379363E+1 0.00000000E+0 -1.00000000E+2 9.71293700E+5 0.00000000E+0 7.31584430E+1 4.58464421E-1 1.24931335E-1 3.06903153E-3 1.31450593E-1 1.76479077E-3 3.37705016E-1 3.06559539E-3
09 16 2014 20 14 25 745 -2.50379363E+1 0.00000000E+0 -5.00000000E+1 9.71298200E+5 0.00000000E+0 7.31666088E+1 4.52193048E-1 1.43522024E-1 1.84332655E-3 1.40386820E-1 1.70715685E-3 3.12519073E-1 3.19296363E-3
09 16 2014 20 14 29 749 -2.50379363E+1 0.00000000E+0 0.00000000E+0 9.71302700E+5 0.00000000E+0 7.30918646E+1 4.68530407E-1 1.63382292E-1 2.40712518E-3 1.33436918E-1 2.29964023E-3 3.04335356E-1 3.07387136E-3
09 16 2014 20 14 34 754 -2.50379363E+1 0.00000000E+0 5.00000000E+1 9.71307300E+5 0.00000000E+0 7.31108189E+1 4.30528872E-1 1.57207251E-1 2.48371090E-3 1.08891726E-1 1.63930169E-3 3.23218107E-1 3.35357019E-3
09 16 2014 20 14 39 758 -2.50379363E+1 0.00000000E+0 1.00000000E+2 9.71311800E+5 0.00000000E+0 7.31661320E+1 4.60415586E-1 1.46728754E-1 2.83456873E-3 9.48727131E-2 2.41233961E-3 3.35580111E-1 2.69336777E-3
09 16 2014 20 14 48 768 0.00000000E+0 0.00000000E+0 -1.00000000E+2 9.71321500E+5 0.00000000E+0 7.31292367E+1 4.41222192E-1 1.34491920E-1 2.71938037E-3 1.43241882E-1 2.07141995E-3 3.34662199E-1 2.30094083E-3
09 16 2014 20 14 53 773 0.00000000E+0 0.00000000E+0 -5.00000000E+1 9.71326000E+5 0.00000000E+0 7.31251836E+1 4.51390608E-1 1.52480602E-1 2.39104614E-3 1.56205893E-1 1.63418364E-3 3.23253870E-1 2.64568163E-3
09 16 2014 20 14 57 777 1.06221548E+0 0.00000000E+0 0.00000000E+0 9.71330500E+5 0.00000000E+0 7.30859041E+1 4.50526936E-1 1.69342756E-1 2.28207513E-3 1.53350830E-1 2.68165823E-3 3.14033031E-1 3.14212570E-3
09 16 2014 20 15 02 782 0.00000000E+0 0.00000000E+0 5.00000000E+1 9.71335000E+5 0.00000000E+0 7.30785131E+1 4.37149985E-1 1.62398815E-1 2.37510231E-3 1.28316879E-1 2.45082727E-3 3.17132473E-1 3.26034797E-3
09 16 2014 20 15 06 786 0.00000000E+0 0.00000000E+0 1.00000000E+2 9.71339600E+5 0.00000000E+0 7.31804967E+1 4.44848146E-1 1.53094530E-1 2.44088116E-3 1.09773874E-1 2.51197748E-3 3.30227613E-1 3.26611814E-3
09 16 2014 20 15 16 796 2.50379363E+1 0.00000000E+0 -1.00000000E+2 9.71349300E+5 0.00000000E+0 7.31130838E+1 4.40453317E-1 1.30134821E-1 2.74584118E-3 1.58238411E-1 1.57409489E-3 3.30191851E-1 2.99244811E-3
09 16 2014 20 15 21 800 2.50379363E+1 0.00000000E+0 -5.00000000E+1 9.71353800E+5 0.00000000E+0 7.31154680E+1 4.49023691E-1 1.51330233E-1 2.65448728E-3 1.74731016E-1 2.15233632E-3 3.34727764E-1 3.31783472E-3
09 16 2014 20 15 25 805 2.50379363E+1 0.00000000E+0 0.00000000E+0 9.71358300E+5 0.00000000E+0 7.30923414E+1 4.51417090E-1 1.73127651E-1 2.58760623E-3 1.72603130E-1 2.53498491E-3 3.22449207E-1 3.55212521E-3
09 16 2014 20 15 30 809 2.50379363E+1 0.00000000E+0 5.00000000E+1 9.71362800E+5 0.00000000E+0 7.31023550E+1 4.57317253E-1 1.54799223E-1 2.86454347E-3 1.47783756E-1 2.58500349E-3 3.07619572E-1 3.69204570E-3
09 16 2014 20 15 34 814 2.50379363E+1 0.00000000E+0 1.00000000E+2 9.71367300E+5 0.00000000E+0 7.30705857E+1 4.30372295E-1 1.41870975E-1 2.37409439E-3 1.30301714E-1 2.15219732E-3 3.29148769E-1 3.25318267E-3
09 16 2014 20 15 44 824 3.50531108E+1 0.00000000E+0 -1.00000000E+2 9.71377000E+5 0.00000000E+0 7.30982423E+1 4.37953695E-1 1.23023987E-1 2.15168466E-3 1.65027380E-1 2.06884568E-3 3.31050158E-1 2.84541914E-3
09 16 2014 20 15 48 828 3.50531108E+1 0.00000000E+0 -5.00000000E+1 9.71381500E+5 0.00000000E+0 7.31299520E+1 4.48398814E-1 1.44225359E-1 2.50003914E-3 1.81591511E-1 2.18037943E-3 3.42619419E-1 3.56011755E-3
09 16 2014 20 15 53 833 3.50531108E+1 0.00000000E+0 0.00000000E+0 9.71386000E+5 0.00000000E+0 7.31320381E+1 4.66133819E-1 1.67685747E-1 2.23397968E-3 1.85626745E-1 1.80055051E-3 3.28367949E-1 3.63857714E-3
09 16 2014 20 15 57 837 3.50531108E+1 0.00000000E+0 5.00000000E+1 9.71390500E+5 0.00000000E+0 7.31251240E+1 4.58176470E-1 1.54107809E-1 2.25782421E-3 1.57457590E-1 1.80759843E-3 3.08823586E-1 3.20628787E-3
09 16 2014 20 16 02 842 3.50531108E+1 0.00000000E+0 1.00000000E+2 9.71395000E+5 0.00000000E+0 7.30286539E+1 4.50282565E-1 1.34162605E-1 2.24036039E-3 1.40152872E-1 2.39991671E-3 3.30358744E-1 3.75878062E-3
09 16 2014 20 16 11 851 4.50682853E+1 0.00000000E+0 -1.00000000E+2 9.71404600E+5 0.00000000E+0 7.31384158E+1 4.29115007E-1 1.09493732E-1 3.23903542E-3 1.71792507E-1 2.70816309E-3 3.26770544E-1 2.62325310E-3
09 16 2014 20 16 16 856 4.50682853E+1 0.00000000E+0 -5.00000000E+1 9.71409200E+5 0.00000000E+0 7.31378794E+1 4.51852537E-1 1.36375427E-1 2.05896147E-3 1.90389156E-1 1.50635306E-3 3.46702337E-1 3.17720095E-3
09 16 2014 20 16 20 860 4.50682853E+1 0.00000000E+0 0.00000000E+0 9.71413700E+5 0.00000000E+0 7.31171966E+1 4.35760401E-1 1.66857243E-1 3.36132816E-3 1.94990635E-1 1.62123711E-3 3.25220823E-1 4.21207094E-3
09 16 2014 20 16 25 865 4.50682853E+1 0.00000000E+0 5.00000000E+1 9.71418200E+5 0.00000000E+0 7.30616599E+1 4.03350867E-1 1.45949423E-1 2.49931167E-3 1.64575875E-1 2.00232280E-3 2.96063721E-1 3.06500622E-3
09 16 2014 20 16 29 869 4.50682853E+1 0.00000000E+0 1.00000000E+2 9.71422700E+5 0.00000000E+0 7.30298758E+1 4.54893372E-1 1.22696161E-1 2.56197814E-3 1.48862600E-1 1.91434523E-3 3.15719843E-1 3.47023631E-3
09 16 2014 20 16 39 879 5.49317147E+1 0.00000000E+0 -1.00000000E+2 9.71432300E+5 0.00000000E+0 7.30900168E+1 4.21995085E-1 9.69529152E-2 2.30185894E-3 1.73455477E-1 2.36638697E-3 3.21048498E-1 3.36625878E-3
09 16 2014 20 16 44 883 5.49317147E+1 0.00000000E+0 -5.00000000E+1 9.71436800E+5 0.00000000E+0 7.30845928E+1 4.43526792E-1 1.33323669E-1 2.49947813E-3 1.97017193E-1 2.20256365E-3 3.56537104E-1 3.05331493E-3
09 16 2014 20 16 48 888 5.49317147E+1 0.00000000E+0 0.00000000E+0 9.71441400E+5 0.00000000E+0 7.30302185E+1 4.59457866E-1 1.68718398E-1 2.82024045E-3 2.05740333E-1 2.18161685E-3 3.32802534E-1 3.45624717E-3
09 16 2014 20 16 53 892 5.49317147E+1 0.00000000E+0 5.00000000E+1 9.71445900E+5 0.00000000E+0 7.30422139E+1 4.44289255E-1 1.41870975E-1 2.28254212E-3 1.74748898E-1 2.24020667E-3 2.94291973E-1 4.12120914E-3
09 16 2014 20 16 57 897 5.49317147E+1 0.00000000E+0 1.00000000E+2 9.71450400E+5 0.00000000E+0 7.31097162E+1 4.45208182E-1 1.07206404E-1 2.46419135E-3 1.53012574E-1 2.49333432E-3 3.19935381E-1 3.23793695E-3
09 16 2014 20 17 07 907 6.49468892E+1 0.00000000E+0 -1.00000000E+2 9.71460000E+5 0.00000000E+0 7.30830431E+1 4.59537183E-1 7.34806061E-2 2.78616525E-3 1.79946423E-1 2.51739811E-3 3.20065022E-1 3.51572215E-3
09 16 2014 20 17 11 911 6.49468892E+1 0.00000000E+0 -5.00000000E+1 9.71464500E+5 0.00000000E+0 7.30091333E+1 4.22302953E-1 1.21466815E-1 2.68100561E-3 2.07275152E-1 2.98372700E-3 3.71836126E-1 3.38582889E-3
09 16 2014 20 17 16 916 6.49468892E+1 0.00000000E+0 0.00000000E+0 9.71469000E+5 0.00000000E+0 7.30119348E+1 4.42708442E-1 1.67804956E-1 2.71901592E-3 2.19291449E-1 2.11327014E-3 3.39859724E-1 2.97344212E-3
09 16 2014 20 17 20 920 6.49468892E+1 0.00000000E+0 5.00000000E+1 9.71473600E+5 0.00000000E+0 7.30334222E+1 4.70650167E-1 1.23716891E-1 2.12144255E-3 1.81429088E-1 1.49493630E-3 2.82779336E-1 2.85136228E-3
09 16 2014 20 17 25 925 6.49468892E+1 0.00000000E+0 1.00000000E+2 9.71478100E+5 0.00000000E+0 7.30910897E+1 4.26258408E-1 8.12649727E-2 2.49429593E-3 1.59847736E-1 2.04397693E-3 3.12399864E-1 2.76244084E-3
09 16 2014 20 17 36 935 -6.49468892E+1 1.25567322E+1 -1.00000000E+2 9.71488900E+5 0.00000000E+0 7.30594397E+1 4.52730899E-1 9.10401344E-2 3.00113974E-3 1.20687485E-1 2.74260464E-3 3.37785482E-1 3.70397367E-3
09 16 2014 20 17 40 940 -6.49468892E+1 1.25567322E+1 -5.00000000E+1 9.71493400E+5 0.00000000E+0 7.30664134E+1 4.37463724E-1 1.23202801E-1 2.41364921E-3 1.31708384E-1 1.88537024E-3 2.89076567E-1 2.80171197E-3
09 16 2014 20 17 45 944 -6.49468892E+1 1.25567322E+1 0.00000000E+0 9.71497900E+5 0.00000000E+0 7.30291605E+1 4.35998028E-1 1.54298544E-1 1.94473510E-3 1.21331215E-1 2.25541296E-3 3.00037861E-1 3.11746358E-3
09 16 2014 20 17 49 949 -6.49468892E+1 1.25567322E+1 5.00000000E+1 9.71502400E+5 0.00000000E+0 7.30305910E+1 4.18409233E-1 1.37829781E-1 2.67724783E-3 8.76665115E-2 2.18733189E-3 3.40503454E-1 2.75128358E-3
09 16 2014 20 17 54 954 -6.49468892E+1 1.25567322E+1 1.00000000E+2 9.71507000E+5 0.00000000E+0 7.30595589E+1 4.24014909E-1 1.10709667E-1 2.63032166E-3 7.30395317E-2 2.69243038E-3 3.43412161E-1 3.43087283E-3
09 16 2014 20 18 03 963 -5.49317147E+1 1.25567322E+1 -1.00000000E+2 9.71516600E+5 0.00000000E+0 7.30232000E+1 4.46818048E-1 1.04385614E-1 3.18190563E-3 1.20472908E-1 1.96772314E-3 3.35824490E-1 2.94828863E-3
09 16 2014 20 18 08 968 -5.49317147E+1 1.25567322E+1 -5.00000000E+1 9.71521100E+5 0.00000000E+0 7.30827451E+1 4.58430124E-1 1.32304430E-1 2.50840194E-3 1.33693218E-1 2.55338805E-3 3.00037861E-1 3.80505815E-3
09 16 2014 20 18 12 972 -5.49317147E+1 1.25567322E+1 0.00000000E+0 9.71525600E+5 0.00000000E+0 7.30441809E+1 4.28733722E-1 1.58220530E-1 2.45828517E-3 1.25426054E-1 1.93934326E-3 3.03053856E-1 3.02880014E-3
09 16 2014 20 18 17 977 -5.49317147E+1 1.25567322E+1 5.00000000E+1 9.71530100E+5 0.00000000E+0 7.30968118E+1 4.16593219E-1 1.40392780E-1 2.55912286E-3 9.28342342E-2 2.41221559E-3 3.38864326E-1 3.82417518E-3
09 16 2014 20 18 21 981 -5.49317147E+1 1.25567322E+1 1.00000000E+2 9.71534600E+5 0.00000000E+0 7.30749965E+1 4.49888320E-1 1.20800734E-1 2.65076538E-3 7.91966915E-2 2.52918799E-3 3.45468521E-1 3.26857323E-3
09 16 2014 20 18 31 991 -4.50682853E+1 1.25567322E+1 -1.00000000E+2 9.71544300E+5 0.00000000E+0 7.30594397E+1 4.37776085E-1 1.12426281E-1 1.77697831E-3 1.24752522E-1 2.41643651E-3 3.34757566E-1 3.55914575E-3
09 16 2014 20 18 36 995 -4.50682853E+1 1.25567322E+1 -5.00000000E+1 9.71548800E+5 0.00000000E+0 7.30555058E+1 4.47135696E-1 1.37221813E-1 2.61142965E-3 1.36429071E-1 2.34575257E-3 3.04436684E-1 2.70227406E-3
09 16 2014 20 18 40 1000 -4.50682853E+1 1.25567322E+1 0.00000000E+0 9.71553300E+5 0.00000000E+0 7.30669498E+1 4.54303558E-1 1.58315897E-1 2.39122600E-3 1.29324198E-1 1.67977379E-3 3.05128098E-1 2.96687597E-3
09 16 2014 20 18 45 1004 -4.50682853E+1 1.25567322E+1 5.00000000E+1 9.71557800E+5 0.00000000E+0 7.30780363E+1 4.49716090E-1 1.46359205E-1 2.30924733E-3 1.03223324E-1 2.75851212E-3 3.33595276E-1 2.95500367E-3
09 16 2014 20 18 49 1009 -4.50682853E+1 1.25567322E+1 1.00000000E+2 9.71562300E+5 0.00000000E+0 7.29880333E+1 4.54299705E-1 1.30027533E-1 2.29592948E-3 8.80241394E-2 2.00238739E-3 3.39347124E-1 3.31994746E-3
09 16 2014 20 18 59 1018 -3.50531108E+1 1.25567322E+1 -1.00000000E+2 9.71571900E+5 0.00000000E+0 7.30232596E+1 4.37134617E-1 1.17224455E-1 2.00607255E-3 1.27923489E-1 1.94228174E-3 3.31437588E-1 3.03262533E-3
09 16 2014 20 19 03 1023 -3.50531108E+1 1.25567322E+1 -5.00000000E+1 9.71576500E+5 0.00000000E+0 7.30496645E+1 4.40625879E-1 1.35445595E-1 2.60647004E-3 1.39212608E-1 2.29486234E-3 3.07631493E-1 4.20551792E-3
09 16 2014 20 19 08 1028 -3.50531108E+1 1.25567322E+1 0.00000000E+0 9.71581000E+5 0.00000000E+0 7.30251670E+1 4.48794995E-1 1.56170130E-1 2.56914979E-3 1.30510330E-1 2.01845913E-3 3.06451321E-1 3.04714182E-3
09 16 2014 20 19 12 1032 -3.50531108E+1 1.25567322E+1 5.00000000E+1 9.71585500E+5 0.00000000E+0 7.30172992E+1 4.32913547E-1 1.47289038E-1 2.64771630E-3 1.04904175E-1 2.12157989E-3 3.30668688E-1 3.41960538E-3
09 16 2014 20 19 17 1037 -3.50531108E+1 1.25567322E+1 1.00000000E+2 9.71590000E+5 0.00000000E+0 7.30477273E+1 4.41730474E-1 1.32754445E-1 2.76807804E-3 9.43392515E-2 1.96454353E-3 3.36103141E-1 2.72046943E-3
09 16 2014 20 19 26 1046 -2.50379363E+1 1.25567322E+1 -1.00000000E+2 9.71599600E+5 0.00000000E+0 7.30895996E+1 4.32251635E-1 1.23649836E-1 2.63820774E-3 1.34021044E-1 1.94535036E-3 3.30120325E-1 3.58711137E-3
09 16 2014 20 19 31 1051 -2.50379363E+1 1.25567322E+1 -5.00000000E+1 9.71604200E+5 0.00000000E+0 7.30704665E+1 4.32795910E-1 1.41727924E-1 2.27170299E-3 1.43229961E-1 2.46940328E-3 3.07357311E-1 3.45936196E-3
09 16 2014 20 19 35 1055 -2.50379363E+1 1.25567322E+1 0.00000000E+0 9.71608700E+5 0.00000000E+0 7.29619861E+1 4.46889080E-1 1.54906511E-1 2.54134258E-3 1.36965513E-1 2.73443157E-3 3.09520960E-1 3.00695958E-3
09 16 2014 20 19 40 1060 -2.50379363E+1 1.25567322E+1 5.00000000E+1 9.71613200E+5 0.00000000E+0 7.30432272E+1 4.51958363E-1 1.49965286E-1 2.73976697E-3 1.12527609E-1 2.14418937E-3 3.23271751E-1 2.97347356E-3
09 16 2014 20 19 44 1064 -2.50379363E+1 1.25567322E+1 1.00000000E+2 9.71617700E+5 0.00000000E+0 7.30165243E+1 4.00166791E-1 1.42008066E-1 2.87012563E-3 1.00505352E-1 2.37031087E-3 3.35186720E-1 3.21222499E-3
09 16 2014 20 19 54 1074 0.00000000E+0 1.25567322E+1 -1.00000000E+2 9.71627400E+5 0.00000000E+0 7.30627775E+1 4.51713970E-1 1.31535530E-1 2.51528776E-3 1.41787529E-1 1.87467842E-3 3.24219465E-1 3.08756420E-3
09 16 2014 20 19 59 1078 0.00000000E+0 1.25567322E+1 -5.00000000E+1 9.71631900E+5 0.00000000E+0 7.30758309E+1 4.80048365E-1 1.45566463E-1 2.76474128E-3 1.53726339E-1 2.33648767E-3 3.22818756E-1 3.27474575E-3
09 16 2014 20 20 03 1083 0.00000000E+0 1.25567322E+1 0.00000000E+0 9.71636500E+5 0.00000000E+0 7.30180144E+1 4.24915308E-1 1.60622597E-1 2.23469102E-3 1.49857998E-1 2.10916948E-3 3.18735838E-1 3.47785770E-3
09 16 2014 20 20 08 1088 0.00000000E+0 1.25567322E+1 5.00000000E+1 9.71641000E+5 0.00000000E+0 7.29469210E+1 4.14796420E-1 1.54271722E-1 2.39484115E-3 1.30228698E-1 2.39210750E-3 3.20196152E-1 3.65540600E-3
09 16 2014 20 20 12 1092 0.00000000E+0 1.25567322E+1 1.00000000E+2 9.71645500E+5 0.00000000E+0 7.30441809E+1 4.44342789E-1 1.43843889E-1 2.08110124E-3 1.14524364E-1 2.68352627E-3 3.27414274E-1 2.80224584E-3
09 16 2014 20 20 22 1102 2.50379363E+1 1.25567322E+1 -1.00000000E+2 9.71655200E+5 0.00000000E+0 7.30785728E+1 4.28061895E-1 1.18434429E-1 2.53604686E-3 1.54590607E-1 1.82666600E-3 3.27140093E-1 2.76770874E-3
09 16 2014 20 20 26 1106 2.50379363E+1 1.25567322E+1 -5.00000000E+1 9.71659700E+5 0.00000000E+0 7.31192529E+1 4.46643314E-1 1.40070915E-1 2.41537359E-3 1.65447593E-1 2.18768805E-3 3.35797668E-1 3.26057928E-3
09 16 2014 20 20 31 1111 2.50379363E+1 1.25567322E+1 0.00000000E+0 9.71664200E+5 0.00000000E+0 7.31008053E+1 4.69357625E-1 1.59972906E-1 2.23906288E-3 1.65998936E-1 2.12738884E-3 3.26174498E-1 3.78305300E-3
09 16 2014 20 20 36 1115 2.50379363E+1 1.25567322E+1 5.00000000E+1 9.71668800E+5 0.00000000E+0 7.30733573E+1 4.56047416E-1 1.45554543E-1 2.23147563E-3 1.37522817E-1 1.90827973E-3 3.13788652E-1 2.89476551E-3
09 16 2014 20 20 40 1120 2.50379363E+1 1.25567322E+1 1.00000000E+2 9.71673300E+5 0.00000000E+0 7.30453134E+1 4.41246500E-1 1.29675865E-1 2.25076550E-3 1.27404928E-1 2.38257749E-3 3.27551365E-1 3.44831775E-3
09 16 2014 20 20 50 1129 3.50531108E+1 1.25567322E+1 -1.00000000E+2 9.71682900E+5 0.00000000E+0 7.30661154E+1 4.40781779E-1 1.13618374E-1 2.61657995E-3 1.56933069E-1 2.32268203E-3 3.23098898E-1 3.36448081E-3
09 16 2014 20 20 54 1134 3.50531108E+1 1.25567322E+1 -5.00000000E+1 9.71687400E+5 0.00000000E+0 7.31166005E+1 4.56240349E-1 1.35296583E-1 2.58395443E-3 1.72340870E-1 1.87136404E-3 3.36152315E-1 3.48696422E-3
09 16 2014 20 20 59 1138 3.50531108E+1 1.25567322E+1 0.00000000E+0 9.71691900E+5 0.00000000E+0 7.30443001E+1 4.61446210E-1 1.63599849E-1 1.93539258E-3 1.74053013E-1 1.67994540E-3 3.27490270E-1 3.20440801E-3
09 16 2014 20 21 03 1143 3.50531108E+1 1.25567322E+1 5.00000000E+1 9.71696400E+5 0.00000000E+0 7.30459094E+1 4.41266671E-1 1.45423412E-1 2.18373856E-3 1.51979923E-1 2.53262344E-3 3.04865837E-1 4.19679436E-3
09 16 2014 20 21 08 1148 3.50531108E+1 1.25567322E+1 1.00000000E+2 9.71701000E+5 0.00000000E+0 7.30811805E+1 4.75622950E-1 1.26563013E-1 2.97202530E-3 1.38752162E-1 2.05209423E-3 3.18877399E-1 2.66043114E-3
09 16 2014 20 21 17 1157 4.50682853E+1 1.25567322E+1 -1.00000000E+2 9.71710600E+5 0.00000000E+0 7.30521083E+1 4.35615204E-1 1.02835894E-1 2.64539891E-3 1.60771608E-1 1.80262628E-3 3.16751003E-1 2.79219879E-3
09 16 2014 20 21 22 1162 4.50682853E+1 1.25567322E+1 -5.00000000E+1 9.71715100E+5 0.00000000E+0 7.30086863E+1 4.27530646E-1 1.32620335E-1 2.66240011E-3 1.77867711E-1 2.17142865E-3 3.38561833E-1 3.78939781E-3
09 16 2014 20 21 26 1166 4.50682853E+1 1.25567322E+1 0.00000000E+0 9.71719600E+5 0.00000000E+0 7.30280876E+1 4.52811231E-1 1.64330006E-1 2.70058516E-3 1.81972980E-1 1.70813139E-3 3.24159861E-1 3.56368201E-3
09 16 2014 20 21 31 1171 4.50682853E+1 1.25567322E+1 5.00000000E+1 9.71724100E+5 0.00000000E+0 7.31116533E+1 4.37404209E-1 1.40480697E-1 2.73851831E-3 1.50598586E-1 2.90365991E-3 2.99878418E-1 2.71837916E-3
09 16 2014 20 21 35 1175 4.50682853E+1 1.25567322E+1 1.00000000E+2 9.71728600E+5 0.00000000E+0 7.31049180E+1 4.59134955E-1 1.10256672E-1 2.72495798E-3 1.41209364E-1 2.17363700E-3 3.15725803E-1 3.87084958E-3
09 16 2014 20 21 45 1185 5.49317147E+1 1.25567322E+1 -1.00000000E+2 9.71738300E+5 0.00000000E+0 7.29777664E+1 4.28705781E-1 8.67694616E-2 3.26464457E-3 1.62266195E-1 2.30096318E-3 3.14384699E-1 3.14088767E-3
09 16 2014 20 21 50 1189 5.49317147E+1 1.25567322E+1 -5.00000000E+1 9.71742800E+5 0.00000000E+0 7.30409026E+1 4.05887896E-1 1.19078159E-1 2.37031087E-3 1.83469057E-1 2.94335666E-3 3.46183777E-1 2.73293360E-3
09 16 2014 20 21 54 1194 5.49317147E+1 1.25567322E+1 0.00000000E+0 9.71747300E+5 0.00000000E+0 7.31346011E+1 4.37685582E-1 1.61647797E-1 2.59828855E-3 1.88909471E-1 2.21259581E-3 3.27900052E-1 3.02609285E-3
09 16 2014 20 21 59 1198 5.49317147E+1 1.25567322E+1 5.00000000E+1 9.71751800E+5 0.00000000E+0 7.30814338E+1 4.52961497E-1 1.30927563E-1 3.49955920E-3 1.59519911E-1 1.97450581E-3 2.91824341E-1 3.63313091E-3
09 16 2014 20 22 03 1203 5.49317147E+1 1.25567322E+1 1.00000000E+2 9.71756300E+5 0.00000000E+0 7.30587244E+1 4.26800784E-1 9.63151455E-2 2.21521898E-3 1.44034624E-1 2.33981448E-3 3.09437513E-1 3.60022338E-3
09 16 2014 20 22 13 1212 6.49468892E+1 1.25567322E+1 -1.00000000E+2 9.71765900E+5 0.00000000E+0 7.30106831E+1 4.57390762E-1 7.02619553E-2 2.55277285E-3 1.63376331E-1 1.69935143E-3 3.10891867E-1 3.07946267E-3
09 16 2014 20 22 17 1217 6.49468892E+1 1.25567322E+1 -5.00000000E+1 9.71770400E+5 0.00000000E+0 7.30170310E+1 4.55868725E-1 1.10648572E-1 2.58594186E-3 1.88693404E-1 2.28843545E-3 3.58060002E-1 3.07854769E-3
09 16 2014 20 22 22 1222 6.49468892E+1 1.25567322E+1 0.00000000E+0 9.71775000E+5 0.00000000E+0 7.30319619E+1 4.37663682E-1 1.60729885E-1 2.69576185E-3 1.98239088E-1 2.26397737E-3 3.42577696E-1 3.05223692E-3
09 16 2014 20 22 26 1226 6.49468892E+1 1.25567322E+1 5.00000000E+1 9.71779500E+5 0.00000000E+0 7.30586052E+1 4.65936994E-1 1.24204159E-1 2.26807844E-3 1.65599585E-1 2.18694718E-3 2.85834074E-1 3.11817726E-3
09 16 2014 20 22 31 1231 6.49468892E+1 1.25567322E+1 1.00000000E+2 9.71784000E+5 0.00000000E+0 7.30944276E+1 4.48913637E-1 7.46071339E-2 3.05772103E-3 1.50400400E-1 1.85699044E-3 3.03411484E-1 3.71388018E-3
09 16 2014 20 22 42 1241 -6.49468892E+1 2.49621785E+1 -1.00000000E+2 9.71794800E+5 0.00000000E+0 7.30295181E+1 4.59979822E-1 8.98957253E-2 3.24443432E-3 1.22225285E-1 2.29209035E-3 3.32963467E-1 3.33604459E-3
09 16 2014 20 22 46 1246 -6.49468892E+1 2.49621785E+1 -5.00000000E+1 9.71799300E+5 0.00000000E+0 7.29695708E+1 4.32572546E-1 1.22271478E-1 3.55867683E-3 1.35347247E-1 1.51157818E-3 2.87622213E-1 2.94248196E-3
09 16 2014 20 22 51 1250 -6.49468892E+1 2.49621785E+1 0.00000000E+0 9.71803800E+5 0.00000000E+0 7.30933547E+1 4.24883412E-1 1.52760744E-1 2.18256516E-3 1.27696991E-1 1.88866993E-3 3.00765038E-1 3.49140682E-3
09 16 2014 20 22 55 1255 -6.49468892E+1 2.49621785E+1 5.00000000E+1 9.71808400E+5 0.00000000E+0 7.31282681E+1 4.37013293E-1 1.31689012E-1 3.02447813E-3 9.81539488E-2 1.88982132E-3 3.45252454E-1 3.01710799E-3
09 16 2014 20 23 00 1259 -6.49468892E+1 2.49621785E+1 1.00000000E+2 9.71812900E+5 0.00000000E+0 7.30833411E+1 4.36024921E-1 1.13493204E-1 2.74044255E-3 8.25166702E-2 2.05044355E-3 3.37976217E-1 4.14765295E-3
09 16 2014 20 23 09 1269 -5.49317147E+1 2.49621785E+1 -1.00000000E+2 9.71822500E+5 0.00000000E+0 7.30369687E+1 4.43916955E-1 1.08492374E-1 2.58031196E-3 1.26320124E-1 2.09863776E-3 3.33434343E-1 3.21026853E-3
09 16 2014 20 23 14 1274 -5.49317147E+1 2.49621785E+1 -5.00000000E+1 9.71827000E+5 0.00000000E+0 7.31210709E+1 4.66155641E-1 1.34646893E-1 2.98950359E-3 1.39236450E-1 2.09782681E-3 2.98380852E-1 2.74522142E-3
09 16 2014 20 23 18 1278 -5.49317147E+1 2.49621785E+1 0.00000000E+0 9.71831500E+5 0.00000000E+0 7.31612742E+1 4.25320497E-1 1.55806541E-1 2.62729630E-3 1.31160021E-1 2.11575500E-3 3.09392810E-1 3.35537623E-3
09 16 2014 20 23 23 1283 -5.49317147E+1 2.49621785E+1 5.00000000E+1 9.71836100E+5 0.00000000E+0 7.31119514E+1 4.35337549E-1 1.33526325E-1 3.06569094E-3 1.04677677E-1 2.22445940E-3 3.38989496E-1 3.05747641E-3
09 16 2014 20 23 27 1287 -5.49317147E+1 2.49621785E+1 1.00000000E+2 9.71840600E+5 0.00000000E+0 7.30473548E+1 4.40168087E-1 1.20475888E-1 2.97048086E-3 8.61957669E-2 2.18361083E-3 3.36810946E-1 3.34604571E-3
09 16 2014 20 23 37 1297 -4.50682853E+1 2.49621785E+1 -1.00000000E+2 9.71850200E+5 0.00000000E+0 7.31185675E+1 4.71105622E-1 1.09982491E-1 2.63523637E-3 1.24275684E-1 2.05877983E-3 3.25435400E-1 3.62663516E-3
09 16 2014 20 23 41 1301 -4.50682853E+1 2.49621785E+1 -5.00000000E+1 9.71854700E+5 0.00000000E+0 7.31992722E+1 4.50764358E-1 1.29535794E-1 2.60661591E-3 1.33581460E-1 1.94471667E-3 3.01189721E-1 3.67194768E-3
09 16 2014 20 23 46 1306 -4.50682853E+1 2.49621785E+1 0.00000000E+0 9.71859200E+5 0.00000000E+0 7.31346607E+1 4.15716536E-1 1.53088570E-1 2.14737001E-3 1.33860111E-1 2.70208031E-3 3.11166048E-1 3.59918449E-3
09 16 2014 20 23 50 1310 -4.50682853E+1 2.49621785E+1 5.00000000E+1 9.71863700E+5 0.00000000E+0 7.30445236E+1 4.22436463E-1 1.39959157E-1 2.31010615E-3 1.04449689E-1 2.35910686E-3 3.34888697E-1 3.26714656E-3
09 16 2014 20 23 55 1315 -4.50682853E+1 2.49621785E+1 1.00000000E+2 9.71868200E+5 0.00000000E+0 7.30866790E+1 4.47685199E-1 1.28936768E-1 2.78616525E-3 8.93771648E-2 2.13383927E-3 3.31902504E-1 3.64168488E-3
09 16 2014 20 24 05 1324 -3.50531108E+1 2.49621785E+1 -1.00000000E+2 9.71877900E+5 0.00000000E+0 7.31915981E+1 4.41225767E-1 1.18933618E-1 2.89057947E-3 1.28798187E-1 2.56081560E-3 3.22915614E-1 4.33594602E-3
09 16 2014 20 24 09 1329 -3.50531108E+1 2.49621785E+1 -5.00000000E+1 9.71882400E+5 0.00000000E+0 7.31276274E+1 4.52633549E-1 1.36131048E-1 2.59694726E-3 1.36047602E-1 2.38257749E-3 3.05503607E-1 3.68055665E-3
09 16 2014 20 24 14 1333 -3.50531108E+1 2.49621785E+1 0.00000000E+0 9.71886900E+5 0.00000000E+0 7.30488449E+1 4.47859474E-1 1.53623521E-1 2.41330121E-3 1.35049224E-1 3.08653854E-3 3.11262906E-1 3.24473255E-3
09 16 2014 20 24 18 1338 -3.50531108E+1 2.49621785E+1 5.00000000E+1 9.71891400E+5 0.00000000E+0 7.30775595E+1 4.55237047E-1 1.42651796E-1 2.91059730E-3 1.11252069E-1 2.21298945E-3 3.28582525E-1 3.11082875E-3
09 16 2014 20 24 23 1342 -3.50531108E+1 2.49621785E+1 1.00000000E+2 9.71895900E+5 0.00000000E+0 7.30972737E+1 4.66877714E-1 1.32419169E-1 2.63673370E-3 9.66116786E-2 2.18772865E-3 3.33644450E-1 2.46323000E-3
09 16 2014 20 24 32 1352 -2.50379363E+1 2.49621785E+1 -1.00000000E+2 9.71905500E+5 0.00000000E+0 7.31090903E+1 4.15831968E-1 1.22606754E-1 2.32236804E-3 1.35004520E-1 2.84489995E-3 3.28642130E-1 4.09940496E-3
09 16 2014 20 24 37 1357 -2.50379363E+1 2.49621785E+1 -5.00000000E+1 9.71910100E+5 0.00000000E+0 7.30410963E+1 4.14224801E-1 1.40011311E-1 2.56045718E-3 1.41859055E-1 2.17819437E-3 3.13773751E-1 4.09286192E-3
09 16 2014 20 24 41 1361 -2.50379363E+1 2.49621785E+1 0.00000000E+0 9.71914600E+5 0.00000000E+0 7.30388761E+1 4.51109366E-1 1.53648853E-1 2.29104591E-3 1.38866901E-1 2.33342058E-3 3.17203999E-1 3.67751227E-3
09 16 2014 20 24 46 1366 -2.50379363E+1 2.49621785E+1 5.00000000E+1 9.71919100E+5 0.00000000E+0 7.30997324E+1 4.61403504E-1 1.44936144E-1 2.73341078E-3 1.16668642E-1 2.07242244E-3 3.28525901E-1 3.47111987E-3
09 16 2014 20 24 50 1370 -2.50379363E+1 2.49621785E+1 1.00000000E+2 9.71923600E+5 0.00000000E+0 7.31142759E+1 4.42120426E-1 1.37996674E-1 2.53719680E-3 1.05011463E-1 2.10170940E-3 3.31598520E-1 3.05796563E-3
09 16 2014 20 25 00 1380 0.00000000E+0 2.49621785E+1 -1.00000000E+2 9.71933300E+5 0.00000000E+0 7.30454922E+1 4.37978991E-1 1.27327442E-1 2.55233332E-3 1.39629841E-1 3.07037161E-3 3.26263905E-1 3.94973127E-3
09 16 2014 20 25 05 1384 0.00000000E+0 2.49621785E+1 -5.00000000E+1 9.71937800E+5 0.00000000E+0 7.29768723E+1 4.26326369E-1 1.42768025E-1 2.35333953E-3 1.53787434E-1 2.82284267E-3 3.16284597E-1 3.29967028E-3
09 16 2014 20 25 09 1389 0.00000000E+0 2.49621785E+1 0.00000000E+0 9.71942400E+5 0.00000000E+0 7.30845928E+1 4.36240613E-1 1.60092115E-1 3.07630361E-3 1.49160624E-1 2.15094587E-3 3.22687626E-1 3.78535066E-3
09 16 2014 20 25 14 1393 0.00000000E+0 2.49621785E+1 5.00000000E+1 9.71946900E+5 0.00000000E+0 7.31321424E+1 4.26567134E-1 1.52677298E-1 2.12156814E-3 1.24938786E-1 2.49276430E-3 3.22058797E-1 3.80795474E-3
09 16 2014 20 25 18 1398 0.00000000E+0 2.49621785E+1 1.00000000E+2 9.71951400E+5 0.00000000E+0 7.31008649E+1 4.70699550E-1 1.38747692E-1 2.52196943E-3 1.17194653E-1 2.74546661E-3 3.27342749E-1 3.24664090E-3
09 16 2014 20 25 28 1408 2.50379363E+1 2.49621785E+1 -1.00000000E+2 9.71961100E+5 0.00000000E+0 7.30485916E+1 4.64450162E-1 1.21313334E-1 2.99394739E-3 1.49720907E-1 2.71742000E-3 3.19910049E-1 3.16661937E-3
09 16 2014 20 25 32 1412 2.50379363E+1 2.49621785E+1 -5.00000000E+1 9.71965600E+5 0.00000000E+0 7.30278343E+1 4.37150552E-1 1.34736300E-1 2.01624697E-3 1.61737204E-1 2.48325664E-3 3.27847898E-1 4.23894081E-3
09 16 2014 20 25 37 1417 2.50379363E+1 2.49621785E+1 0.00000000E+0 9.71970100E+5 0.00000000E+0 7.31343627E+1 4.42429795E-1 1.56819820E-1 2.34576054E-3 1.63394213E-1 2.35777424E-3 3.24308872E-1 3.76406989E-3
09 16 2014 20 25 41 1421 2.50379363E+1 2.49621785E+1 5.00000000E+1 9.71974700E+5 0.00000000E+0 7.30795860E+1 4.34070266E-1 1.48886442E-1 2.73306359E-3 1.36429071E-1 2.98448936E-3 3.11124325E-1 3.53142993E-3
09 16 2014 20 25 46 1426 2.50379363E+1 2.49621785E+1 1.00000000E+2 9.71979200E+5 0.00000000E+0 7.31456876E+1 4.26178493E-1 1.30939484E-1 2.92140216E-3 1.24931335E-1 2.19743005E-3 3.15719843E-1 3.65150435E-3
09 16 2014 20 25 56 1435 3.50531108E+1 2.49621785E+1 -1.00000000E+2 9.71988800E+5 0.00000000E+0 7.31229037E+1 4.21042411E-1 1.13509595E-1 2.45243720E-3 1.50509179E-1 2.57446760E-3 3.12834978E-1 3.08273778E-3
09 16 2014 20 26 00 1440 3.50531108E+1 2.49621785E+1 -5.00000000E+1 9.71993300E+5 0.00000000E+0 7.31590986E+1 4.24316878E-1 1.30510330E-1 2.45759290E-3 1.66100264E-1 3.03242186E-3 3.31944227E-1 3.03222453E-3
09 16 2014 20 26 05 1444 3.50531108E+1 2.49621785E+1 0.00000000E+0 9.71997800E+5 0.00000000E+0 7.31737167E+1 4.42580917E-1 1.58987939E-1 3.12613908E-3 1.69306993E-1 1.68503079E-3 3.33808362E-1 3.72910304E-3
09 16 2014 20 26 09 1449 3.50531108E+1 2.49621785E+1 5.00000000E+1 9.72002400E+5 0.00000000E+0 7.30524063E+1 4.23289483E-1 1.41018629E-1 2.20167208E-3 1.40547752E-1 2.70487456E-3 3.12608480E-1 3.43161396E-3
09 16 2014 20 26 14 1453 3.50531108E+1 2.49621785E+1 1.00000000E+2 9.72006900E+5 0.00000000E+0 7.30834007E+1 4.30445128E-1 1.20669603E-1 1.91590740E-3 1.31845474E-1 2.74413140E-3 3.17943096E-1 3.97803457E-3
09 16 2014 20 26 23 1463 4.50682853E+1 2.49621785E+1 -1.00000000E+2 9.72016500E+5 0.00000000E+0 7.31169581E+1 4.48513926E-1 1.00368261E-1 2.19316277E-3 1.50030851E-1 2.65476903E-3 3.11708450E-1 3.34940256E-3
09 16 2014 20 26 28 1468 4.50682853E+1 2.49621785E+1 -5.00000000E+1 9.72021000E+5 0.00000000E+0 7.31115788E+1 4.48427462E-1 1.24976039E-1 1.89882350E-3 1.67779624E-1 2.57225869E-3 3.39083374E-1 4.23374132E-3
09 16 2014 20 26 32 1472 4.50682853E+1 2.49621785E+1 0.00000000E+0 9.72025500E+5 0.00000000E+0 7.30673075E+1 4.30036513E-1 1.55061483E-1 3.37792561E-3 1.74766779E-1 2.03244525E-3 3.35043669E-1 3.95173330E-3
09 16 2014 20 26 37 1477 4.50682853E+1 2.49621785E+1 5.00000000E+1 9.72030000E+5 0.00000000E+0 7.31305480E+1 4.47614825E-1 1.34778023E-1 2.59029297E-3 1.46114826E-1 2.19303488E-3 3.03351879E-1 3.42612253E-3
09 16 2014 20 26 41 1481 4.50682853E+1 2.49621785E+1 1.00000000E+2 9.72034600E+5 0.00000000E+0 7.31325746E+1 4.29547397E-1 1.06871128E-1 2.87913458E-3 1.35976076E-1 1.62270120E-3 3.08853388E-1 3.01039018E-3
09 16 2014 20 26 51 1491 5.49317147E+1 2.49621785E+1 -1.00000000E+2 9.72044200E+5 0.00000000E+0 7.30216503E+1 4.54292198E-1 8.37743282E-2 2.76931844E-3 1.55560672E-1 2.23591580E-3 3.07075679E-1 2.60937444E-3
09 16 2014 20 26 55 1495 5.49317147E+1 2.49621785E+1 -5.00000000E+1 9.72048700E+5 0.00000000E+0 7.31038451E+1 4.50789424E-1 1.12432241E-1 2.31034829E-3 1.76286697E-1 3.14652629E-3 3.42041254E-1 2.94828229E-3
09 16 2014 20 27 00 1500 5.49317147E+1 2.49621785E+1 0.00000000E+0 9.72053200E+5 0.00000000E+0 7.30813146E+1 4.46665590E-1 1.51926279E-1 2.62045744E-3 1.81704760E-1 2.56489587E-3 3.37725878E-1 3.76803693E-3
09 16 2014 20 27 04 1504 5.49317147E+1 2.49621785E+1 5.00000000E+1 9.72057700E+5 0.00000000E+0 7.30801225E+1 4.23506919E-1 1.25735998E-1 2.93506094E-3 1.49452686E-1 2.40140893E-3 2.92497873E-1 4.79001151E-3
09 16 2014 20 27 09 1509 5.49317147E+1 2.49621785E+1 1.00000000E+2 9.72062200E+5 0.00000000E+0 7.30566382E+1 4.54912178E-1 8.64028931E-2 2.91914831E-3 1.37978792E-1 2.35053044E-3 3.02177668E-1 4.14927559E-3
09 16 2014 20 27 19 1518 6.49468892E+1 2.49621785E+1 -1.00000000E+2 9.72071900E+5 0.00000000E+0 7.30966926E+1 4.58376542E-1 6.58571720E-2 3.49536235E-3 1.51574612E-1 1.96700081E-3 3.06737423E-1 3.02813332E-3
09 16 2014 20 27 23 1523 6.49468892E+1 2.49621785E+1 -5.00000000E+1 9.72076400E+5 0.00000000E+0 7.30662346E+1 4.34181735E-1 9.82701778E-2 2.86109484E-3 1.76000595E-1 3.15383905E-3 3.57139111E-1 3.09652025E-3
09 16 2014 20 27 28 1527 6.49468892E+1 2.49621785E+1 0.00000000E+0 9.72080900E+5 0.00000000E+0 7.30654597E+1 4.24398619E-1 1.49965286E-1 2.76314471E-3 1.82235241E-1 1.88331616E-3 3.49342823E-1 3.80930158E-3
09 16 2014 20 27 32 1532 6.49468892E+1 2.49621785E+1 5.00000000E+1 9.72085400E+5 0.00000000E+0 7.30525255E+1 4.43853199E-1 1.16074085E-1 2.30672772E-3 1.50245428E-1 2.41233961E-3 2.96497345E-1 3.41113586E-3
09 16 2014 20 27 37 1536 6.49468892E+1 2.49621785E+1 1.00000000E+2 9.72089900E+5 0.00000000E+0 7.30617046E+1 4.70010044E-1 6.58810139E-2 2.54275487E-3 1.40941143E-1 2.09928808E-3 3.00115347E-1 3.34020650E-3
