Month Day Year Hour Minute Second Time_s x y z Current CurrentError 1Axis 1AxisError Bx BxError By ByError Bz BzError
09 15 2014 10 01 18 11 -6.49468892E+1 -2.49621785E+1 -1.00000000E+2 8.48110800E+5 0.00000000E+0 2.90458202E+1 4.46935425E-1 -4.58884239E-1 3.78525186E-3 3.51542234E-1 2.42970180E-3 1.02108717E-1 3.03222453E-3
09 15 2014 10 01 23 16 -6.49468892E+1 -2.49621785E+1 0.00000000E+0 8.48116300E+5 0.00000000E+0 2.91279703E+1 4.24885660E-1 -4.21501696E-1 3.42892524E-3 3.37846577E-1 2.38596085E-3 8.06376338E-2 2.62836660E-3
09 15 2014 10 01 28 22 -6.49468892E+1 -2.49621785E+1 1.00000000E+2 8.48121700E+5 0.00000000E+0 2.90442705E+1 4.49528914E-1 -4.34339046E-1 3.10655215E-3 3.11392546E-1 2.30418912E-3 1.10578537E-1 3.65271777E-3
09 15 2014 10 01 38 31 -4.50682853E+1 -2.49621785E+1 -1.00000000E+2 8.48131300E+5 0.00000000E+0 2.90076733E+1 4.53339160E-1 -4.56845760E-1 3.16583983E-3 3.49974632E-1 2.47367024E-3 9.87172127E-2 3.64482589E-3
09 15 2014 10 01 43 37 -4.50682853E+1 -2.49621785E+1 0.00000000E+0 8.48136700E+5 0.00000000E+0 2.90420651E+1 4.24677508E-1 -4.28086519E-1 2.45329035E-3 3.39442492E-1 1.97685297E-3 8.76367092E-2 2.62610274E-3
09 15 2014 10 01 49 42 -4.50682853E+1 -2.49621785E+1 1.00000000E+2 8.48142100E+5 0.00000000E+0 2.90269256E+1 4.44363085E-1 -4.32300568E-1 2.58509029E-3 3.13782692E-1 2.59438994E-3 1.29508972E-1 2.88040722E-3
09 15 2014 10 01 58 52 -2.50379363E+1 -2.49621785E+1 -1.00000000E+2 8.48151700E+5 0.00000000E+0 2.89959908E+1 4.52075597E-1 -4.62758541E-1 2.96700201E-3 3.49628925E-1 2.37472439E-3 1.48558617E-1 3.81971331E-3
09 15 2014 10 02 04 57 -2.50379363E+1 -2.49621785E+1 0.00000000E+0 8.48157100E+5 0.00000000E+0 2.90286541E+1 4.58597834E-1 -4.29284573E-1 2.03039261E-3 3.41987610E-1 2.11225236E-3 1.52266026E-1 3.43571452E-3
09 15 2014 10 02 09 63 -2.50379363E+1 -2.49621785E+1 1.00000000E+2 8.48162600E+5 0.00000000E+0 2.90869921E+1 4.34975835E-1 -4.35076654E-1 2.26715834E-3 3.07872891E-1 2.78785819E-3 1.91077590E-1 3.37620548E-3
09 15 2014 10 02 19 72 0.00000000E+0 -2.49621785E+1 -1.00000000E+2 8.48172300E+5 0.00000000E+0 2.91233510E+1 4.46684269E-1 -4.56914306E-1 2.67938182E-3 3.35015357E-1 2.65303169E-3 1.51343644E-1 7.60451482E-3
09 15 2014 10 02 24 78 0.00000000E+0 -2.49621785E+1 0.00000000E+0 8.48177700E+5 0.00000000E+0 2.90699005E+1 4.35477983E-1 -4.31388617E-1 2.02669632E-3 3.29762697E-1 2.55291201E-3 8.07523727E-2 3.90028158E-3
09 15 2014 10 02 30 83 0.00000000E+0 -2.49621785E+1 1.00000000E+2 8.48183100E+5 0.00000000E+0 2.91025043E+1 4.42867763E-1 -4.32372093E-1 3.09243549E-3 3.03876400E-1 2.43812947E-3 9.30309296E-2 3.55601846E-3
09 15 2014 10 02 40 93 2.50379363E+1 -2.49621785E+1 -1.00000000E+2 8.48192800E+5 0.00000000E+0 2.91107297E+1 4.45655028E-1 -4.59778309E-1 2.86961091E-3 3.36742401E-1 2.27785150E-3 1.05786324E-1 3.09422475E-3
09 15 2014 10 02 45 98 2.50379363E+1 -2.49621785E+1 0.00000000E+0 8.48198200E+5 0.00000000E+0 2.90817022E+1 4.56594185E-1 -4.32127714E-1 3.19110669E-3 3.43555212E-1 2.78161806E-3 8.70704651E-2 3.29464711E-3
09 15 2014 10 02 50 104 2.50379363E+1 -2.49621785E+1 1.00000000E+2 8.48203600E+5 0.00000000E+0 2.91891396E+1 4.65561524E-1 -4.43533063E-1 2.64557797E-3 3.07433307E-1 2.83088598E-3 1.03622675E-1 3.51333864E-3
09 15 2014 10 03 00 113 4.50682853E+1 -2.49621785E+1 -1.00000000E+2 8.48213300E+5 0.00000000E+0 2.90845037E+1 4.18074782E-1 -4.71937656E-1 2.69237482E-3 3.40616703E-1 2.61920841E-3 1.09922886E-1 3.31941236E-3
09 15 2014 10 03 05 119 4.50682853E+1 -2.49621785E+1 0.00000000E+0 8.48218700E+5 0.00000000E+0 2.90560126E+1 4.74294117E-1 -4.35209274E-1 2.22099348E-3 3.40592861E-1 2.14398879E-3 9.08374786E-2 3.64361497E-3
09 15 2014 10 03 11 124 4.50682853E+1 -2.49621785E+1 1.00000000E+2 8.48224100E+5 0.00000000E+0 2.91388631E+1 4.57384364E-1 -4.43476439E-1 3.13358645E-3 2.99137831E-1 2.09006683E-3 9.68337059E-2 3.66022484E-3
09 15 2014 10 03 20 134 6.49468892E+1 -2.49621785E+1 -1.00000000E+2 8.48233700E+5 0.00000000E+0 2.91058421E+1 4.27790458E-1 -4.82320786E-1 2.76503885E-3 3.33720446E-1 2.58800363E-3 1.01935863E-1 4.27422812E-3
09 15 2014 10 03 26 139 6.49468892E+1 -2.49621785E+1 0.00000000E+0 8.48239100E+5 0.00000000E+0 2.91293263E+1 4.73034983E-1 -4.23341990E-1 2.83340749E-3 3.42339277E-1 2.89063930E-3 1.00582838E-1 4.32034683E-3
09 15 2014 10 03 31 145 6.49468892E+1 -2.49621785E+1 1.00000000E+2 8.48244500E+5 0.00000000E+0 2.91311741E+1 4.68420741E-1 -4.61131334E-1 2.71422535E-3 2.94744968E-1 2.02471174E-3 1.17540359E-1 4.06932248E-3
09 15 2014 10 03 42 155 -6.49468892E+1 0.00000000E+0 -1.00000000E+2 8.48255300E+5 0.00000000E+0 2.91472077E+1 4.85714740E-1 -4.26262617E-1 2.78629276E-3 3.34888697E-1 3.19986059E-3 1.11317635E-1 3.46184745E-3
09 15 2014 10 03 47 161 -6.49468892E+1 0.00000000E+0 0.00000000E+0 8.48260800E+5 0.00000000E+0 2.90588140E+1 4.55116305E-1 -3.92967463E-1 2.35434574E-3 3.23706865E-1 2.32429155E-3 9.91344452E-2 4.57585215E-3
09 15 2014 10 03 53 166 -6.49468892E+1 0.00000000E+0 1.00000000E+2 8.48266200E+5 0.00000000E+0 2.91755050E+1 4.38197138E-1 -4.06622887E-1 3.53846159E-3 2.99319625E-1 2.17116958E-3 1.15729868E-1 4.00378054E-3
09 15 2014 10 04 03 176 -4.50682853E+1 0.00000000E+0 -1.00000000E+2 8.48275800E+5 0.00000000E+0 2.90867686E+1 4.39694927E-1 -4.25606966E-1 2.79540466E-3 3.35305929E-1 2.56022592E-3 9.16123390E-2 4.04563529E-3
09 15 2014 10 04 08 181 -4.50682853E+1 0.00000000E+0 0.00000000E+0 8.48281200E+5 0.00000000E+0 2.91104913E+1 4.36048490E-1 -4.01568413E-1 2.54396793E-3 3.26073170E-1 2.44064367E-3 8.88407230E-2 3.88037827E-3
09 15 2014 10 04 13 187 -4.50682853E+1 0.00000000E+0 1.00000000E+2 8.48286600E+5 0.00000000E+0 2.91016102E+1 4.42513658E-1 -4.12929058E-1 2.85759624E-3 2.97433138E-1 2.02359398E-3 1.11275911E-1 4.03266859E-3
09 15 2014 10 04 23 196 -2.50379363E+1 0.00000000E+0 -1.00000000E+2 8.48296200E+5 0.00000000E+0 2.90771723E+1 4.53282517E-1 -4.34917212E-1 2.40550890E-3 3.28481197E-1 2.49231607E-3 9.82761383E-2 3.51242311E-3
09 15 2014 10 04 28 202 -2.50379363E+1 0.00000000E+0 0.00000000E+0 8.48301600E+5 0.00000000E+0 2.90938616E+1 4.35004843E-1 -4.10497189E-1 2.85303838E-3 3.18908691E-1 2.47457715E-3 1.06835365E-1 3.19371313E-3
09 15 2014 10 04 34 207 -2.50379363E+1 0.00000000E+0 1.00000000E+2 8.48307100E+5 0.00000000E+0 2.90547609E+1 4.65136561E-1 -4.17053699E-1 2.14837986E-3 2.92736292E-1 2.14725681E-3 1.09440088E-1 4.09378162E-3
09 15 2014 10 04 44 217 0.00000000E+0 0.00000000E+0 -1.00000000E+2 8.48316800E+5 0.00000000E+0 2.90599465E+1 4.54225164E-1 -4.33349609E-1 2.70863256E-3 3.27157974E-1 1.93900577E-3 1.05923414E-1 4.24077507E-3
09 15 2014 10 04 49 222 1.06221548E+0 0.00000000E+0 0.00000000E+0 8.48322200E+5 0.00000000E+0 2.90732831E+1 4.55262544E-1 -4.13358212E-1 2.70826435E-3 3.19093466E-1 2.28164629E-3 1.04285777E-1 4.00803751E-3
09 15 2014 10 04 54 228 0.00000000E+0 0.00000000E+0 1.00000000E+2 8.48327600E+5 0.00000000E+0 2.90917158E+1 4.40073251E-1 -4.13185358E-1 3.03666123E-3 2.93922424E-1 2.07466708E-3 1.05661154E-1 3.69787038E-3
09 15 2014 10 05 04 237 2.50379363E+1 0.00000000E+0 -1.00000000E+2 8.48337300E+5 0.00000000E+0 2.90866941E+1 4.47178334E-1 -4.38287854E-1 2.21009222E-3 3.27020884E-1 1.93863286E-3 1.02385879E-1 3.55498944E-3
09 15 2014 10 05 09 243 2.50379363E+1 0.00000000E+0 0.00000000E+0 8.48342700E+5 0.00000000E+0 2.90604234E+1 4.38679491E-1 -4.23038006E-1 2.71097866E-3 3.23230028E-1 1.96546973E-3 9.15229321E-2 3.51295010E-3
09 15 2014 10 05 15 248 2.50379363E+1 0.00000000E+0 1.00000000E+2 8.48348100E+5 0.00000000E+0 2.91075706E+1 4.34349350E-1 -4.30727005E-1 2.40747471E-3 3.00353765E-1 1.80850850E-3 9.36269760E-2 2.98922837E-3
09 15 2014 10 05 25 258 4.50682853E+1 0.00000000E+0 -1.00000000E+2 8.48357900E+5 0.00000000E+0 2.90797949E+1 4.28919648E-1 -4.52345610E-1 2.67133964E-3 3.27885151E-1 1.87352105E-3 1.06006861E-1 3.67119692E-3
09 15 2014 10 05 30 263 4.50682853E+1 0.00000000E+0 0.00000000E+0 8.48363300E+5 0.00000000E+0 2.91054845E+1 4.28017617E-1 -4.23783064E-1 2.60270103E-3 3.24112177E-1 3.12378504E-3 9.86814499E-2 2.92733582E-3
09 15 2014 10 05 35 269 4.50682853E+1 0.00000000E+0 1.00000000E+2 8.48368700E+5 0.00000000E+0 2.91629881E+1 4.45873281E-1 -4.35329974E-1 2.51574676E-3 2.94826925E-1 2.63061843E-3 9.30652022E-2 3.35787233E-3
09 15 2014 10 05 45 278 6.49468892E+1 0.00000000E+0 -1.00000000E+2 8.48378300E+5 0.00000000E+0 2.90992856E+1 4.09954431E-1 -4.58812714E-1 2.62676484E-3 3.23796272E-1 2.28506385E-3 1.05935335E-1 3.70575022E-3
09 15 2014 10 05 50 284 6.49468892E+1 0.00000000E+0 0.00000000E+0 8.48383700E+5 0.00000000E+0 2.91152000E+1 4.49164471E-1 -4.17512655E-1 2.93082772E-3 3.27116251E-1 2.93776089E-3 1.04099512E-1 4.48896480E-3
09 15 2014 10 05 56 289 6.49468892E+1 0.00000000E+0 1.00000000E+2 8.48389100E+5 0.00000000E+0 2.90184468E+1 4.67339941E-1 -4.40567732E-1 2.14554644E-3 2.93031335E-1 1.77984167E-3 8.96677375E-2 3.48075305E-3
09 15 2014 10 06 07 300 -6.49468892E+1 2.49621785E+1 -1.00000000E+2 8.48399900E+5 0.00000000E+0 2.90814638E+1 4.70244500E-1 -4.04655933E-1 3.20374419E-3 3.30346823E-1 2.26820210E-3 9.19759274E-2 3.56946996E-3
09 15 2014 10 06 12 305 -6.49468892E+1 2.49621785E+1 0.00000000E+0 8.48405400E+5 0.00000000E+0 2.91444361E+1 4.47846920E-1 -3.75561416E-1 2.71314643E-3 3.18661332E-1 2.05366619E-3 9.76994634E-2 3.95587335E-3
09 15 2014 10 06 18 311 -6.49468892E+1 2.49621785E+1 1.00000000E+2 8.48410800E+5 0.00000000E+0 2.91569233E+1 4.45819323E-1 -3.88944149E-1 2.84400593E-3 2.89189816E-1 2.74846168E-3 1.16688013E-1 3.24452077E-3
09 15 2014 10 06 27 320 -4.50682853E+1 2.49621785E+1 -1.00000000E+2 8.48420400E+5 0.00000000E+0 2.90822387E+1 4.39717823E-1 -4.09889221E-1 3.56169286E-3 3.23218107E-1 2.28168180E-3 1.24979019E-1 3.48827776E-3
09 15 2014 10 06 33 326 -4.50682853E+1 2.49621785E+1 0.00000000E+0 8.48425800E+5 0.00000000E+0 2.90816426E+1 4.05099033E-1 -3.89516354E-1 2.64857068E-3 3.15910578E-1 2.37899611E-3 1.37853622E-1 4.17553269E-3
09 15 2014 10 06 38 331 -4.50682853E+1 2.49621785E+1 1.00000000E+2 8.48431200E+5 0.00000000E+0 2.91401744E+1 4.56919552E-1 -3.96049023E-1 2.47140150E-3 2.82180309E-1 2.83789805E-3 1.74242258E-1 3.20579212E-3
09 15 2014 10 06 48 341 -2.50379363E+1 2.49621785E+1 -1.00000000E+2 8.48440800E+5 0.00000000E+0 2.91294456E+1 4.56616950E-1 -4.11075354E-1 3.36781373E-3 3.15499306E-1 2.63154409E-3 1.01315975E-1 3.39163137E-3
09 15 2014 10 06 53 346 -2.50379363E+1 2.49621785E+1 0.00000000E+0 8.48446200E+5 0.00000000E+0 2.91094780E+1 4.28812689E-1 -3.92019749E-1 2.68864974E-3 3.14038992E-1 2.26490220E-3 9.64999199E-2 3.85244960E-3
09 15 2014 10 06 58 352 -2.50379363E+1 2.49621785E+1 1.00000000E+2 8.48451700E+5 0.00000000E+0 2.90787965E+1 4.39830148E-1 -3.91386449E-1 2.66496759E-3 2.87957489E-1 1.81937422E-3 1.05753541E-1 3.50642192E-3
09 15 2014 10 07 08 361 0.00000000E+0 2.49621785E+1 -1.00000000E+2 8.48461400E+5 0.00000000E+0 2.90444493E+1 4.18438870E-1 -4.14304435E-1 2.84107484E-3 3.20531428E-1 2.09899487E-3 9.88319516E-2 3.29715705E-3
09 15 2014 10 07 14 367 0.00000000E+0 2.49621785E+1 0.00000000E+0 8.48466800E+5 0.00000000E+0 2.90988088E+1 4.35515917E-1 -3.99142504E-1 3.18815210E-3 3.06594372E-1 2.30146899E-3 9.90390778E-2 3.58872173E-3
09 15 2014 10 07 19 372 0.00000000E+0 2.49621785E+1 1.00000000E+2 8.48472200E+5 0.00000000E+0 2.91073918E+1 4.39309064E-1 -4.02075052E-1 2.87335518E-3 2.81542540E-1 2.48160204E-3 9.51826572E-2 3.17064984E-3
09 15 2014 10 07 29 382 2.50379363E+1 2.49621785E+1 -1.00000000E+2 8.48481900E+5 0.00000000E+0 2.91231871E+1 4.50194985E-1 -4.19396162E-1 2.72890074E-3 3.17203999E-1 2.45463904E-3 1.03127956E-1 3.72520120E-3
09 15 2014 10 07 34 387 2.50379363E+1 2.49621785E+1 0.00000000E+0 8.48487300E+5 0.00000000E+0 2.90759206E+1 4.28616713E-1 -4.00215387E-1 2.44149393E-3 3.12149525E-1 2.27519028E-3 1.06203556E-1 3.89020086E-3
09 15 2014 10 07 39 393 2.50379363E+1 2.49621785E+1 1.00000000E+2 8.48492700E+5 0.00000000E+0 2.92020291E+1 4.42540458E-1 -4.12881374E-1 2.35580399E-3 2.82622874E-1 1.95601037E-3 1.00098550E-1 3.34401889E-3
09 15 2014 10 07 49 402 4.50682853E+1 2.49621785E+1 -1.00000000E+2 8.48502400E+5 0.00000000E+0 2.90467143E+1 4.40396626E-1 -4.34720516E-1 2.28947836E-3 3.14033031E-1 3.02002095E-3 9.70304012E-2 3.41986784E-3
09 15 2014 10 07 55 408 4.50682853E+1 2.49621785E+1 0.00000000E+0 8.48507800E+5 0.00000000E+0 2.91345716E+1 4.42746791E-1 -4.13727760E-1 3.23785755E-3 3.14617157E-1 3.22980880E-3 1.04218721E-1 2.61885858E-3
09 15 2014 10 08 00 413 4.50682853E+1 2.49621785E+1 1.00000000E+2 8.48513200E+5 0.00000000E+0 2.90645957E+1 4.78433659E-1 -4.24361229E-1 3.00649316E-3 2.86895037E-1 2.57606921E-3 9.95159149E-2 3.04185994E-3
09 15 2014 10 08 10 423 6.49468892E+1 2.49621785E+1 -1.00000000E+2 8.48522800E+5 0.00000000E+0 2.91274786E+1 4.21432796E-1 -4.50146198E-1 3.02467339E-3 3.14599276E-1 2.62786797E-3 9.30428505E-2 3.52689460E-3
09 15 2014 10 08 15 428 6.49468892E+1 2.49621785E+1 0.00000000E+0 8.48528200E+5 0.00000000E+0 2.90569067E+1 4.55137012E-1 -4.05490398E-1 3.25217091E-3 3.11660767E-1 2.14032269E-3 1.23691559E-1 4.45241426E-3
09 15 2014 10 08 20 434 6.49468892E+1 2.49621785E+1 1.00000000E+2 8.48533600E+5 0.00000000E+0 2.90671587E+1 4.37051937E-1 -4.42117453E-1 2.78387579E-3 2.86936760E-1 2.36686893E-3 1.09899044E-1 3.55633394E-3
