Month Day Year Hour Minute Second Time_s x y z Current CurrentError 1Axis 1AxisError Bx BxError By ByError Bz BzError
08 07 2014 15 06 29 17 1.00000000E+2 0.00000000E+0 0.00000000E+0 1.12289260E+6 0.00000000E+0 4.23491001E-1 3.84513790E-2 7.88432360E-1 2.53774947E-3 -1.74850225E-1 2.26377914E-3 2.88224220E-1 2.95226882E-3
08 07 2014 15 06 34 22 1.00000000E+2 0.00000000E+0 5.00000000E+1 1.12289710E+6 0.00000000E+0 4.78088856E-1 3.10702761E-2 6.65909052E-1 2.33904717E-3 -2.34121084E-1 2.66825801E-3 1.73842907E-1 3.55805808E-3
08 07 2014 15 06 38 26 1.00000000E+2 0.00000000E+0 1.00000000E+2 1.12290160E+6 0.00000000E+0 5.30838966E-1 3.04075327E-2 5.63728809E-1 2.69209701E-3 -2.52312422E-1 1.63519024E-3 2.60120630E-1 3.27576766E-3
08 07 2014 15 06 43 31 1.00000000E+2 0.00000000E+0 1.50000000E+2 1.12290610E+6 0.00000000E+0 5.52237034E-1 2.32524333E-2 7.34955072E-1 2.55360285E-3 -1.83954835E-1 2.64987173E-3 4.44941223E-1 3.01200107E-3
08 07 2014 15 06 47 35 1.00000000E+2 0.00000000E+0 2.00000000E+2 1.12291060E+6 0.00000000E+0 5.28514385E-1 3.35958655E-2 7.93570280E-1 2.46939571E-3 -1.52319670E-1 2.59273894E-3 3.40139866E-1 3.79091854E-3
08 07 2014 15 06 52 40 1.00000000E+2 0.00000000E+0 2.50000000E+2 1.12291520E+6 0.00000000E+0 5.37186861E-1 3.18740912E-2 6.44534826E-1 2.19185225E-3 -2.11752951E-1 1.68402901E-3 2.48938799E-1 2.96429505E-3
08 07 2014 15 06 56 44 1.00000000E+2 0.00000000E+0 3.00000000E+2 1.12291970E+6 0.00000000E+0 5.17427921E-1 2.86428236E-2 5.39177656E-1 3.08916259E-3 -2.24077702E-1 2.13216491E-3 3.93664837E-1 3.74346741E-3
08 07 2014 15 07 01 49 1.00000000E+2 0.00000000E+0 3.50000000E+2 1.12292420E+6 0.00000000E+0 4.98831272E-1 3.88607945E-2 6.86478615E-1 2.66683506E-3 -1.56587362E-1 1.89731296E-3 6.53606653E-1 3.43553492E-3
08 07 2014 15 07 05 53 1.00000000E+2 0.00000000E+0 4.00000000E+2 1.12292870E+6 0.00000000E+0 4.98890877E-1 3.31503821E-2 7.61306286E-1 2.58500349E-3 -1.22052431E-1 1.85537866E-3 6.48379326E-1 2.70293825E-3
08 07 2014 15 07 10 58 1.00000000E+2 0.00000000E+0 4.50000000E+2 1.12293320E+6 0.00000000E+0 4.91917133E-1 3.10842351E-2 6.06584549E-1 2.64147309E-3 -1.76256895E-1 2.96512968E-3 6.58285618E-1 3.31670738E-3
08 07 2014 15 07 14 62 1.00000000E+2 0.00000000E+0 5.00000000E+2 1.12293770E+6 0.00000000E+0 5.00500202E-1 3.73430041E-2 4.74077463E-1 2.11850176E-3 -1.74319744E-1 1.81124631E-3 9.13316011E-1 2.62045744E-3
08 07 2014 15 07 19 67 1.00000000E+2 0.00000000E+0 5.50000000E+2 1.12294220E+6 0.00000000E+0 5.03242016E-1 3.16658985E-2 5.84971905E-1 1.98720209E-3 -9.60886478E-2 2.19929279E-3 1.32719278E+0 2.71125454E-3
08 07 2014 15 07 23 72 1.00000000E+2 0.00000000E+0 6.00000000E+2 1.12294680E+6 0.00000000E+0 4.88385558E-1 4.07031067E-2 5.42372465E-1 2.17797688E-3 -9.06661153E-2 2.07390762E-3 1.58021599E+0 2.65713513E-3
08 07 2014 15 07 28 76 1.00000000E+2 0.00000000E+0 6.50000000E+2 1.12295130E+6 0.00000000E+0 5.04493713E-1 3.76011358E-2 3.24791670E-1 2.51976644E-3 -1.44195557E-1 2.34987008E-3 2.03145742E+0 2.93022156E-3
08 07 2014 15 07 32 81 1.00000000E+2 0.00000000E+0 7.00000000E+2 1.12295580E+6 0.00000000E+0 5.06713986E-1 2.75765169E-2 8.44374299E-2 2.39636124E-3 -1.28909945E-1 2.20966351E-3 2.92450935E+0 3.20758470E-3
08 07 2014 15 07 37 85 1.00000000E+2 0.00000000E+0 7.50000000E+2 1.12296030E+6 0.00000000E+0 4.90844250E-1 3.23519420E-2 1.59448385E-1 3.12407235E-3 -3.84330750E-2 2.63892349E-3 4.32400107E+0 2.87127201E-3
08 07 2014 15 07 41 90 1.00000000E+2 0.00000000E+0 8.00000000E+2 1.12296480E+6 0.00000000E+0 4.95970249E-1 4.18878032E-2 2.99185514E-1 2.77661226E-3 7.57277012E-2 1.98756902E-3 5.98639846E+0 3.34333991E-3
08 07 2014 15 07 46 94 1.00000000E+2 0.00000000E+0 8.50000000E+2 1.12296930E+6 0.00000000E+0 4.96089458E-1 3.64387669E-2 5.22494316E-1 2.75609793E-3 1.83010101E-1 1.95789189E-3 8.33967924E+0 2.70849449E-3
08 07 2014 15 07 50 99 1.00000000E+2 0.00000000E+0 9.00000000E+2 1.12297390E+6 0.00000000E+0 5.01692295E-1 3.72888868E-2 1.34395361E+0 2.56898239E-3 4.24736738E-1 2.14871927E-3 1.18197620E+1 2.70550355E-3
08 07 2014 15 07 55 103 1.00000000E+2 0.00000000E+0 9.50000000E+2 1.12297840E+6 0.00000000E+0 4.95433807E-1 3.41131126E-2 3.40215564E+0 3.23366799E-3 8.62735510E-1 2.82664173E-3 1.64085984E+1 3.28001746E-3
08 07 2014 15 07 59 108 1.00000000E+2 0.00000000E+0 1.00000000E+3 1.12298290E+6 0.00000000E+0 4.99427319E-1 2.70583528E-2 6.77385330E+0 3.43582337E-3 1.41262412E+0 3.45922682E-3 2.16307163E+1 3.92284466E-3
08 07 2014 15 08 04 112 1.00000000E+2 0.00000000E+0 1.05000000E+3 1.12298740E+6 0.00000000E+0 5.05298376E-1 4.33958383E-2 1.18800253E+1 2.68891168E-3 2.14161724E+0 2.48009524E-3 2.73551345E+1 4.01766551E-3
08 07 2014 15 08 08 117 1.00000000E+2 0.00000000E+0 1.10000000E+3 1.12299190E+6 0.00000000E+0 4.86493111E-1 3.92808438E-2 1.89820170E+1 3.73706838E-3 3.11319828E+0 2.30714920E-3 3.29149783E+1 4.19231427E-3
08 07 2014 15 08 13 121 1.00000000E+2 0.00000000E+0 1.15000000E+3 1.12299640E+6 0.00000000E+0 4.85405326E-1 2.39774455E-2 2.75986865E+1 3.13408417E-3 4.19948995E+0 2.51975654E-3 3.73526812E+1 3.86943879E-3
08 07 2014 15 08 18 126 1.00000000E+2 0.00000000E+0 1.20000000E+3 1.12300100E+6 0.00000000E+0 5.03182411E-1 3.29748360E-2 3.68203998E+1 2.79327005E-3 5.27393818E+0 2.27305248E-3 4.03310955E+1 3.54474263E-3
08 07 2014 15 08 22 130 1.00000000E+2 0.00000000E+0 1.25000000E+3 1.12300550E+6 0.00000000E+0 5.09843230E-1 2.61127987E-2 4.61400002E+1 3.74802171E-3 6.38328493E+0 2.22419320E-3 4.21287268E+1 4.10141751E-3
08 07 2014 15 08 24 132 1.00000000E+2 0.00000000E+0 1.25000000E+3 1.12300770E+6 0.00000000E+0 5.11169434E-1 3.04087625E-2 4.61426556E+1 1.83144017E-3 6.38337731E+0 2.23230504E-3 4.21222687E+1 4.09891688E-3
08 07 2014 15 08 29 137 1.00000000E+2 0.00000000E+0 1.20000000E+3 1.12301220E+6 0.00000000E+0 5.01200557E-1 3.05292756E-2 3.67873684E+1 4.61001887E-3 5.27123362E+0 3.18200798E-3 4.03130800E+1 4.70212274E-3
08 07 2014 15 08 33 141 1.00000000E+2 0.00000000E+0 1.15000000E+3 1.12301670E+6 0.00000000E+0 4.98473644E-1 2.75155542E-2 2.75696397E+1 2.14747450E-3 4.20711040E+0 2.20646533E-3 3.73390377E+1 4.79378875E-3
08 07 2014 15 08 38 146 1.00000000E+2 0.00000000E+0 1.10000000E+3 1.12302130E+6 0.00000000E+0 4.97460365E-1 3.45525157E-2 1.89651012E+1 3.09862095E-3 3.11465263E+0 2.42382279E-3 3.29105318E+1 5.53568433E-3
08 07 2014 15 08 42 151 1.00000000E+2 0.00000000E+0 1.05000000E+3 1.12302580E+6 0.00000000E+0 4.97698784E-1 3.57261688E-2 1.18527353E+1 3.05483330E-3 2.14290619E+0 3.04146650E-3 2.73367703E+1 4.16406642E-3
08 07 2014 15 08 47 155 1.00000000E+2 0.00000000E+0 1.00000000E+3 1.12303030E+6 0.00000000E+0 4.75168228E-1 3.15692053E-2 6.74005747E+0 3.98070352E-3 1.41503811E+0 2.97799780E-3 2.16376483E+1 4.35689375E-3
08 07 2014 15 08 51 160 1.00000000E+2 0.00000000E+0 9.50000000E+2 1.12303480E+6 0.00000000E+0 4.95374203E-1 3.61092727E-2 3.36836576E+0 2.89012824E-3 8.64231586E-1 2.29763099E-3 1.64198637E+1 3.29900295E-3
08 07 2014 15 08 56 164 1.00000000E+2 0.00000000E+0 9.00000000E+2 1.12303930E+6 0.00000000E+0 5.13315201E-1 3.89913082E-2 1.31339431E+0 3.25584279E-3 4.23496962E-1 2.17810566E-3 1.18222892E+1 3.03074419E-3
08 07 2014 15 09 00 169 1.00000000E+2 0.00000000E+0 8.50000000E+2 1.12304380E+6 0.00000000E+0 5.09172678E-1 2.92937273E-2 5.07615507E-1 3.15554856E-3 1.81756914E-1 1.97888318E-3 8.33363831E+0 3.44976525E-3
08 07 2014 15 09 05 173 1.00000000E+2 0.00000000E+0 8.00000000E+2 1.12304830E+6 0.00000000E+0 4.82916832E-1 3.53502861E-2 2.95412540E-1 2.71505880E-3 7.47501850E-2 2.11680643E-3 5.97493052E+0 3.84754913E-3
08 07 2014 15 09 09 178 1.00000000E+2 0.00000000E+0 7.50000000E+2 1.12305290E+6 0.00000000E+0 4.86597419E-1 2.52514382E-2 1.61133707E-1 2.35085988E-3 -4.41372395E-2 1.90809355E-3 4.31964546E+0 3.05238445E-3
08 07 2014 15 09 14 182 1.00000000E+2 0.00000000E+0 7.00000000E+2 1.12305740E+6 0.00000000E+0 5.00977039E-1 3.76632948E-2 8.50319862E-2 2.44890389E-3 -1.33961439E-1 2.78306967E-3 2.92712450E+0 2.84121689E-3
08 07 2014 15 09 18 187 1.00000000E+2 0.00000000E+0 6.50000000E+2 1.12306190E+6 0.00000000E+0 5.03659248E-1 3.40870116E-2 3.16959620E-1 2.46296620E-3 -1.46621466E-1 1.99005111E-3 2.03157067E+0 3.41877414E-3
08 07 2014 15 09 23 191 1.00000000E+2 0.00000000E+0 6.00000000E+2 1.12306640E+6 0.00000000E+0 4.74452972E-1 2.70072364E-2 5.36185503E-1 1.95394363E-3 -8.95977020E-2 2.29577473E-3 1.57960653E+0 2.92720806E-3
08 07 2014 15 09 27 196 1.00000000E+2 0.00000000E+0 5.50000000E+2 1.12307090E+6 0.00000000E+0 4.89532948E-1 3.00168174E-2 5.75935841E-1 2.38641208E-3 -9.30607319E-2 2.00234070E-3 1.33078694E+0 4.00176211E-3
08 07 2014 15 09 32 200 1.00000000E+2 0.00000000E+0 5.00000000E+2 1.12307550E+6 0.00000000E+0 5.03361225E-1 3.84260836E-2 4.66328859E-1 2.19241237E-3 -1.69831514E-1 2.41295963E-3 9.17708874E-1 3.50233651E-3
08 07 2014 15 09 37 205 1.00000000E+2 0.00000000E+0 4.50000000E+2 1.12308000E+6 0.00000000E+0 5.00261784E-1 3.03168182E-2 5.99122047E-1 1.99310247E-3 -1.72203779E-1 1.70987104E-3 6.58750534E-1 4.01845973E-3
08 07 2014 15 09 41 209 1.00000000E+2 0.00000000E+0 4.00000000E+2 1.12308450E+6 0.00000000E+0 5.03361225E-1 3.55835236E-2 7.55824149E-1 2.47914006E-3 -1.18568540E-1 2.35494927E-3 6.45853579E-1 2.80896440E-3
08 07 2014 15 09 46 214 1.00000000E+2 0.00000000E+0 3.50000000E+2 1.12308900E+6 0.00000000E+0 4.98414040E-1 2.81700033E-2 6.81751966E-1 3.30237364E-3 -1.55842304E-1 2.78876797E-3 6.55585527E-1 4.06996113E-3
08 07 2014 15 09 50 218 1.00000000E+2 0.00000000E+0 3.00000000E+2 1.12309350E+6 0.00000000E+0 5.17368317E-1 3.11833516E-2 5.35257161E-1 2.38317975E-3 -2.25901604E-1 2.71141086E-3 3.95737588E-1 3.12583602E-3
08 07 2014 15 09 55 223 1.00000000E+2 0.00000000E+0 2.50000000E+2 1.12309800E+6 0.00000000E+0 5.20706177E-1 4.34705034E-2 6.40416145E-1 1.95215329E-3 -2.12150812E-1 2.94330583E-3 2.55519152E-1 3.20210372E-3
08 07 2014 15 09 59 227 1.00000000E+2 0.00000000E+0 2.00000000E+2 1.12310250E+6 0.00000000E+0 5.22077084E-1 2.80037687E-2 7.84021616E-1 2.49944072E-3 -1.49917603E-1 1.68116466E-3 3.40878963E-1 2.95578820E-3
08 07 2014 15 10 04 232 1.00000000E+2 0.00000000E+0 1.50000000E+2 1.12310710E+6 0.00000000E+0 5.46991825E-1 3.04251760E-2 7.27367401E-1 3.01464193E-3 -1.82014704E-1 2.21211054E-3 4.48125601E-1 2.63548470E-3
08 07 2014 15 10 08 236 1.00000000E+2 0.00000000E+0 1.00000000E+2 1.12311160E+6 0.00000000E+0 5.43475151E-1 2.53262344E-2 5.57821989E-1 2.81550644E-3 -2.47836113E-1 2.00708827E-3 2.57706642E-1 3.56530295E-3
08 07 2014 15 10 13 241 1.00000000E+2 0.00000000E+0 5.00000000E+1 1.12311610E+6 0.00000000E+0 4.88877296E-1 3.13874377E-2 6.52813911E-1 2.05190211E-3 -2.31850147E-1 2.84369033E-3 1.76465511E-1 2.85712508E-3
08 07 2014 15 10 17 245 1.00000000E+2 0.00000000E+0 0.00000000E+0 1.12312060E+6 0.00000000E+0 4.12344933E-1 3.86860753E-2 7.81655312E-1 2.23087223E-3 -1.68240070E-1 1.95311090E-3 2.92247534E-1 3.78921647E-3
08 07 2014 15 10 23 252 0.00000000E+0 0.00000000E+0 0.00000000E+0 1.12312690E+6 0.00000000E+0 5.31017780E-1 4.45528168E-2 7.12484121E-1 2.53615745E-3 1.34545565E-1 2.08576815E-3 2.60710716E-1 3.55446167E-3
08 07 2014 15 10 28 256 0.00000000E+0 0.00000000E+0 5.00000000E+1 1.12313150E+6 0.00000000E+0 5.27083874E-1 3.83489272E-2 7.06768036E-1 2.33204187E-3 1.18261576E-1 2.29840398E-3 2.70211697E-1 2.41940609E-3
08 07 2014 15 10 33 261 0.00000000E+0 0.00000000E+0 1.00000000E+2 1.12313600E+6 0.00000000E+0 4.59372997E-1 3.03291511E-2 7.08085299E-1 2.55829708E-3 1.17558241E-1 1.97450581E-3 2.90405750E-1 3.02739224E-3
08 07 2014 15 10 37 265 0.00000000E+0 0.00000000E+0 1.50000000E+2 1.12314050E+6 0.00000000E+0 4.49419022E-1 3.35851590E-2 7.26021826E-1 2.32329445E-3 1.32538378E-1 2.39062186E-3 3.08774412E-1 2.63205860E-3
08 07 2014 15 10 42 270 0.00000000E+0 0.00000000E+0 2.00000000E+2 1.12314500E+6 0.00000000E+0 4.64618206E-1 2.02115308E-2 7.39210844E-1 2.38370734E-3 1.37430429E-1 2.22054723E-3 3.29035521E-1 3.73570217E-3
08 07 2014 15 10 46 274 0.00000000E+0 0.00000000E+0 2.50000000E+2 1.12314950E+6 0.00000000E+0 4.69461083E-1 2.68691806E-2 7.37935305E-1 2.22147612E-3 1.37209892E-1 3.12561817E-3 3.61636281E-1 3.80845229E-3
08 07 2014 15 10 51 279 0.00000000E+0 0.00000000E+0 3.00000000E+2 1.12315400E+6 0.00000000E+0 4.82082367E-1 2.95171141E-2 7.50148296E-1 2.47321666E-3 1.58011913E-1 2.46273084E-3 4.15867567E-1 2.81237003E-3
08 07 2014 15 10 55 283 0.00000000E+0 0.00000000E+0 3.50000000E+2 1.12315860E+6 0.00000000E+0 4.70519066E-1 2.89069752E-2 7.84468651E-1 2.56359060E-3 1.84828043E-1 2.36733499E-3 4.98861074E-1 3.48258576E-3
08 07 2014 15 11 00 288 0.00000000E+0 0.00000000E+0 4.00000000E+2 1.12316310E+6 0.00000000E+0 4.94897366E-1 3.78245983E-2 8.13859701E-1 2.03053075E-3 1.94358826E-1 2.77810014E-3 6.10834360E-1 2.91424401E-3
08 07 2014 15 11 04 292 0.00000000E+0 0.00000000E+0 4.50000000E+2 1.12316760E+6 0.00000000E+0 4.94778156E-1 3.80792200E-2 8.31490755E-1 2.36638697E-3 1.91003084E-1 2.55759532E-3 7.51203299E-1 3.06558725E-3
08 07 2014 15 11 09 297 0.00000000E+0 0.00000000E+0 5.00000000E+2 1.12317210E+6 0.00000000E+0 4.92870808E-1 3.57323965E-2 8.62991810E-1 2.93970154E-3 2.03740597E-1 1.34975241E-3 9.35637951E-1 3.65040322E-3
08 07 2014 15 11 13 301 0.00000000E+0 0.00000000E+0 5.50000000E+2 1.12317660E+6 0.00000000E+0 4.66823578E-1 2.15043291E-2 9.37825441E-1 2.79288846E-3 2.30246782E-1 2.12773159E-3 1.18506551E+0 3.44275520E-3
08 07 2014 15 11 18 306 0.00000000E+0 0.00000000E+0 6.00000000E+2 1.12318110E+6 0.00000000E+0 4.83691692E-1 3.03691368E-2 1.03801489E+0 3.24430368E-3 2.40966678E-1 1.80940434E-3 1.54490024E+0 2.94842234E-3
08 07 2014 15 11 22 310 0.00000000E+0 0.00000000E+0 6.50000000E+2 1.12318570E+6 0.00000000E+0 4.84168530E-1 3.03858179E-2 1.16643906E+0 2.12496157E-3 2.50256062E-1 2.46837326E-3 2.04918385E+0 3.22540589E-3
08 07 2014 15 11 27 315 0.00000000E+0 0.00000000E+0 7.00000000E+2 1.12319020E+6 0.00000000E+0 4.76986170E-1 3.84903272E-2 1.41239166E+0 1.92760598E-3 3.01249325E-1 2.67428313E-3 2.74786353E+0 3.25407153E-3
08 07 2014 15 11 31 319 0.00000000E+0 0.00000000E+0 7.50000000E+2 1.12319470E+6 0.00000000E+0 4.88162041E-1 2.68781506E-2 1.85702443E+0 2.18899822E-3 4.04691696E-1 2.30039630E-3 3.69747281E+0 2.82717089E-3
08 07 2014 15 11 36 324 0.00000000E+0 0.00000000E+0 8.00000000E+2 1.12319920E+6 0.00000000E+0 4.88460064E-1 1.75174120E-2 2.58146226E+0 3.10642574E-3 5.44294715E-1 1.46381694E-3 4.95271385E+0 3.19749893E-3
08 07 2014 15 11 40 328 0.00000000E+0 0.00000000E+0 8.50000000E+2 1.12320370E+6 0.00000000E+0 4.84883785E-1 3.10495669E-2 3.74269485E+0 2.63114615E-3 7.38722086E-1 2.23866199E-3 6.57345057E+0 2.85602539E-3
08 07 2014 15 11 45 333 0.00000000E+0 0.00000000E+0 9.00000000E+2 1.12320820E+6 0.00000000E+0 4.90128994E-1 3.12833097E-2 5.56530952E+0 2.58572674E-3 1.04035735E+0 2.22626592E-3 8.60365033E+0 2.65471268E-3
08 07 2014 15 11 49 338 0.00000000E+0 0.00000000E+0 9.50000000E+2 1.12321280E+6 0.00000000E+0 4.70817089E-1 3.07265451E-2 8.30505490E+0 2.72999684E-3 1.47401094E+0 2.40414820E-3 1.10285938E+1 3.49878436E-3
08 07 2014 15 11 54 342 0.00000000E+0 0.00000000E+0 1.00000000E+3 1.12321730E+6 0.00000000E+0 4.84406948E-1 3.03143510E-2 1.21350169E+1 2.93506731E-3 2.03609467E+0 2.73238619E-3 1.37251675E+1 2.84594481E-3
08 07 2014 15 11 58 347 0.00000000E+0 0.00000000E+0 1.05000000E+3 1.12322180E+6 0.00000000E+0 4.85181808E-1 3.28045069E-2 1.71671927E+1 2.60235616E-3 2.75307894E+0 1.68120915E-3 1.64922833E+1 3.72644582E-3
08 07 2014 15 12 03 351 0.00000000E+0 0.00000000E+0 1.10000000E+3 1.12322630E+6 0.00000000E+0 4.88936901E-1 2.81497509E-2 2.34115839E+1 2.73057897E-3 3.60605121E+0 1.81239187E-3 1.90732002E+1 4.62301070E-3
08 07 2014 15 12 07 356 0.00000000E+0 0.00000000E+0 1.15000000E+3 1.12323080E+6 0.00000000E+0 4.81307507E-1 3.16702088E-2 3.07049453E+1 3.00870644E-3 4.56585735E+0 2.98522491E-3 2.12726146E+1 3.69840297E-3
08 07 2014 15 12 12 360 0.00000000E+0 0.00000000E+0 1.20000000E+3 1.12323530E+6 0.00000000E+0 4.87625599E-1 2.77542678E-2 3.87066483E+1 4.89253649E-3 5.59734702E+0 2.41426114E-3 2.30180681E+1 4.05910418E-3
08 07 2014 15 12 16 365 0.00000000E+0 0.00000000E+0 1.25000000E+3 1.12323990E+6 0.00000000E+0 4.94569540E-1 3.23754376E-2 4.70844060E+1 2.98987260E-3 6.67341799E+0 2.85031339E-3 2.43759081E+1 3.85090137E-3
08 07 2014 15 12 23 371 -1.00000000E+2 0.00000000E+0 1.25000000E+3 1.12324620E+6 0.00000000E+0 5.10960817E-1 3.70684667E-2 4.77668941E+1 2.88394514E-3 6.97419047E+0 2.00729943E-3 7.43308663E+0 1.33463660E-2
08 07 2014 15 12 27 375 -1.00000000E+2 0.00000000E+0 1.20000000E+3 1.12325070E+6 0.00000000E+0 4.86612320E-1 2.64011361E-2 3.92412007E+1 4.31906555E-3 5.82274795E+0 2.87299074E-3 6.89185858E+0 5.87093728E-3
08 07 2014 15 12 32 380 -1.00000000E+2 0.00000000E+0 1.15000000E+3 1.12325520E+6 0.00000000E+0 4.94837761E-1 3.11482335E-2 3.13726068E+1 3.22862756E-3 4.75190282E+0 2.24899528E-3 6.60266876E+0 7.69777072E-3
08 07 2014 15 12 36 384 -1.00000000E+2 0.00000000E+0 1.10000000E+3 1.12325970E+6 0.00000000E+0 5.08725643E-1 2.28613556E-2 2.43212819E+1 3.09994825E-3 3.73318791E+0 2.04944931E-3 6.43715858E+0 5.14814468E-3
08 07 2014 15 12 41 389 -1.00000000E+2 0.00000000E+0 1.05000000E+3 1.12326420E+6 0.00000000E+0 4.95672226E-1 2.54725866E-2 1.83954656E+1 2.84352594E-3 2.87743807E+0 2.15137179E-3 6.13963604E+0 4.60673872E-3
08 07 2014 15 12 45 394 -1.00000000E+2 0.00000000E+0 1.00000000E+3 1.12326880E+6 0.00000000E+0 5.00679016E-1 3.51850796E-2 1.35861993E+1 3.18209955E-3 2.23212838E+0 2.49140811E-3 5.59787154E+0 3.45528945E-3
08 07 2014 15 12 50 398 -1.00000000E+2 0.00000000E+0 9.50000000E+2 1.12327330E+6 0.00000000E+0 4.93645668E-1 3.83111205E-2 9.78331566E+0 3.16614695E-3 1.76104307E+0 2.38264812E-3 4.95951772E+0 3.63754921E-3
08 07 2014 15 12 54 403 -1.00000000E+2 0.00000000E+0 9.00000000E+2 1.12327780E+6 0.00000000E+0 5.12152910E-1 3.12860990E-2 6.87389076E+0 3.13224157E-3 1.37496740E+0 2.12690610E-3 4.37594205E+0 2.85454810E-3
08 07 2014 15 12 59 407 -1.00000000E+2 0.00000000E+0 8.50000000E+2 1.12328230E+6 0.00000000E+0 4.96685505E-1 2.61783023E-2 4.87909317E+0 2.46245749E-3 1.08615756E+0 1.89565656E-3 3.81932855E+0 3.13668782E-3
08 07 2014 15 13 03 412 -1.00000000E+2 0.00000000E+0 8.00000000E+2 1.12328680E+6 0.00000000E+0 4.94197011E-1 3.27568061E-2 3.62580270E+0 2.22848846E-3 9.08851624E-1 2.44151180E-3 3.11820209E+0 3.12558028E-3
08 07 2014 15 13 08 416 -1.00000000E+2 0.00000000E+0 7.50000000E+2 1.12329130E+6 0.00000000E+0 5.01155853E-1 3.16520189E-2 2.71134377E+0 2.53513243E-3 7.68846273E-1 2.25934752E-3 2.45780349E+0 3.41330040E-3
08 07 2014 15 13 12 421 -1.00000000E+2 0.00000000E+0 7.00000000E+2 1.12329590E+6 0.00000000E+0 5.06117940E-1 2.87719262E-2 2.04065442E+0 2.28081569E-3 6.21773303E-1 2.25227490E-3 1.99993700E+0 2.71026412E-3
08 07 2014 15 13 17 425 -1.00000000E+2 0.00000000E+0 6.50000000E+2 1.12330040E+6 0.00000000E+0 4.98354435E-1 2.80598005E-2 1.65811181E+0 2.17274217E-3 5.32686710E-1 2.72649462E-3 1.62492394E+0 2.81709989E-3
08 07 2014 15 13 21 430 -1.00000000E+2 0.00000000E+0 6.00000000E+2 1.12330490E+6 0.00000000E+0 4.90427017E-1 3.20931898E-2 1.44230127E+0 2.77095644E-3 5.44309616E-1 3.10619098E-3 1.20407343E+0 3.56192385E-3
08 07 2014 15 13 26 434 -1.00000000E+2 0.00000000E+0 5.50000000E+2 1.12330940E+6 0.00000000E+0 4.97281551E-1 2.32293963E-2 1.19143128E+0 2.76327328E-3 5.35166264E-1 2.66815289E-3 9.08482075E-1 3.51784892E-3
08 07 2014 15 13 30 439 -1.00000000E+2 0.00000000E+0 5.00000000E+2 1.12331390E+6 0.00000000E+0 5.12540340E-1 2.96664277E-2 9.89258289E-1 2.10370134E-3 5.07193804E-1 2.06123967E-3 7.81577826E-1 3.04423792E-3
08 07 2014 15 13 35 443 -1.00000000E+2 0.00000000E+0 4.50000000E+2 1.12331840E+6 0.00000000E+0 4.93824482E-1 2.92126775E-2 9.13780928E-1 2.90493843E-3 4.79394197E-1 2.05658983E-3 7.23260641E-1 2.76484273E-3
08 07 2014 15 13 40 448 -1.00000000E+2 0.00000000E+0 4.00000000E+2 1.12332300E+6 0.00000000E+0 4.79936600E-1 2.88689153E-2 9.46557522E-1 2.54005465E-3 4.89151478E-1 2.39798044E-3 5.32388687E-1 3.00659267E-3
08 07 2014 15 13 44 452 -1.00000000E+2 0.00000000E+0 3.50000000E+2 1.12332750E+6 0.00000000E+0 4.89056110E-1 3.60805908E-2 8.83974135E-1 3.24100770E-3 4.86157835E-1 1.65880558E-3 3.62463295E-1 3.28405727E-3
08 07 2014 15 13 49 457 -1.00000000E+2 0.00000000E+0 3.00000000E+2 1.12333200E+6 0.00000000E+0 4.80532646E-1 2.60971062E-2 7.63970613E-1 2.87205338E-3 4.46665287E-1 1.96296609E-3 3.32444906E-1 4.01806419E-3
08 07 2014 15 13 53 461 -1.00000000E+2 0.00000000E+0 2.50000000E+2 1.12333650E+6 0.00000000E+0 4.68268991E-1 2.53525351E-2 7.08676875E-1 2.19043353E-3 4.06652689E-1 2.91043241E-3 3.86580825E-1 3.36439930E-3
08 07 2014 15 13 58 466 -1.00000000E+2 0.00000000E+0 2.00000000E+2 1.12334100E+6 0.00000000E+0 4.26650047E-1 2.92280993E-2 7.62182474E-1 2.62325310E-3 4.19235229E-1 1.51955240E-3 3.24517488E-1 3.33334750E-3
08 07 2014 15 14 02 470 -1.00000000E+2 0.00000000E+0 1.50000000E+2 1.12334560E+6 0.00000000E+0 4.48375940E-1 2.23099795E-2 7.53723085E-1 2.35367917E-3 4.36142087E-1 1.77504460E-3 2.57030129E-1 3.29152226E-3
08 07 2014 15 14 07 475 -1.00000000E+2 0.00000000E+0 1.00000000E+2 1.12335010E+6 0.00000000E+0 4.65810299E-1 3.36750280E-2 6.93589449E-1 2.57566270E-3 4.18895483E-1 1.69845992E-3 3.02505493E-1 3.52856953E-3
08 07 2014 15 14 11 479 -1.00000000E+2 0.00000000E+0 5.00000000E+1 1.12335460E+6 0.00000000E+0 5.33819199E-1 2.65564930E-2 7.21919537E-1 3.16413835E-3 4.14621830E-1 1.89708628E-3 3.29142809E-1 3.03690752E-3
08 07 2014 15 14 16 484 -1.00000000E+2 0.00000000E+0 0.00000000E+0 1.12335910E+6 0.00000000E+0 5.84006310E-1 2.90458439E-2 7.84087181E-1 2.66543239E-3 4.46301699E-1 1.62960037E-3 2.24995613E-1 2.67998425E-3
08 07 2014 15 14 21 489 -6.99544765E+1 -7.00453858E+1 0.00000000E+0 1.12336460E+6 0.00000000E+0 9.70840454E-1 2.64741261E-2 5.53071499E-1 3.21865082E-3 3.52358818E-1 2.19115829E-3 1.57880783E-1 3.24639323E-3
08 07 2014 15 14 26 494 -6.99544765E+1 -7.00453858E+1 5.00000000E+1 1.12336910E+6 0.00000000E+0 7.41034746E-1 2.79735717E-2 5.25087118E-1 2.05625946E-3 2.64823437E-1 1.75471323E-3 2.96339393E-1 3.32673666E-3
08 07 2014 15 14 30 498 -6.99544765E+1 -7.00453858E+1 1.00000000E+2 1.12337370E+6 0.00000000E+0 1.96516514E-1 3.07552550E-2 4.66394424E-1 2.47149229E-3 3.05873156E-1 2.36727180E-3 3.62861156E-1 3.13492876E-3
08 07 2014 15 14 35 503 -6.99544765E+1 -7.00453858E+1 1.50000000E+2 1.12337820E+6 0.00000000E+0 2.69532204E-1 2.13770019E-2 5.29456139E-1 3.51071917E-3 3.81791592E-1 1.71407608E-3 2.42966413E-1 2.44375983E-3
08 07 2014 15 14 39 507 -6.99544765E+1 -7.00453858E+1 2.00000000E+2 1.12338270E+6 0.00000000E+0 3.87907028E-1 2.75647783E-2 5.87266684E-1 2.74093377E-3 3.09842825E-1 1.90902428E-3 2.57468224E-1 3.09064520E-3
08 07 2014 15 14 44 512 -6.99544765E+1 -7.00453858E+1 2.50000000E+2 1.12338720E+6 0.00000000E+0 4.49955463E-1 2.44993446E-2 5.36274910E-1 2.21012324E-3 2.43204832E-1 1.47340844E-3 4.17792797E-1 4.05553253E-3
08 07 2014 15 14 48 516 -6.99544765E+1 -7.00453858E+1 3.00000000E+2 1.12339170E+6 0.00000000E+0 4.93764877E-1 3.44408560E-2 5.37198782E-1 2.33770378E-3 3.18819284E-1 2.62273983E-3 4.27877903E-1 3.12517943E-3
08 07 2014 15 14 53 521 -6.99544765E+1 -7.00453858E+1 3.50000000E+2 1.12339630E+6 0.00000000E+0 4.92155552E-1 2.38050472E-2 6.55680895E-1 2.69597686E-3 3.53533030E-1 2.23062915E-3 3.84557247E-1 3.22570734E-3
08 07 2014 15 14 57 526 -6.99544765E+1 -7.00453858E+1 4.00000000E+2 1.12340080E+6 0.00000000E+0 4.89175320E-1 2.89720398E-2 7.41547346E-1 2.53072528E-3 2.77870893E-1 2.38370734E-3 5.08618355E-1 3.81418745E-3
08 07 2014 15 15 02 530 -6.99544765E+1 -7.00453858E+1 4.50000000E+2 1.12340530E+6 0.00000000E+0 5.04970551E-1 2.88196479E-2 7.19910860E-1 2.35752045E-3 2.25239992E-1 2.07937542E-3 7.63154030E-1 3.22610149E-3
08 07 2014 15 15 06 535 -6.99544765E+1 -7.00453858E+1 5.00000000E+2 1.12340980E+6 0.00000000E+0 5.03584743E-1 2.77426381E-2 7.66143203E-1 2.59422897E-3 3.00332904E-1 2.04349203E-3 8.69385898E-1 2.49504360E-3
08 07 2014 15 15 11 539 -6.99544765E+1 -7.00453858E+1 5.50000000E+2 1.12341430E+6 0.00000000E+0 5.11646271E-1 2.71414957E-2 9.39255953E-1 3.02506283E-3 3.04561853E-1 2.09649831E-3 9.63860750E-1 2.76435576E-3
08 07 2014 15 15 15 544 -6.99544765E+1 -7.00453858E+1 6.00000000E+2 1.12341880E+6 0.00000000E+0 5.02169132E-1 2.83424108E-2 1.15746260E+0 3.25799955E-3 2.05613673E-1 2.16038403E-3 1.24830008E+0 3.42305761E-3
08 07 2014 15 15 20 548 -6.99544765E+1 -7.00453858E+1 6.50000000E+2 1.12342340E+6 0.00000000E+0 5.06579876E-1 2.50428376E-2 1.36748552E+0 2.61663712E-3 8.51035118E-2 2.04361098E-3 1.75309181E+0 3.08128980E-3
08 07 2014 15 15 24 553 -6.99544765E+1 -7.00453858E+1 7.00000000E+2 1.12342790E+6 0.00000000E+0 5.07593155E-1 2.84334839E-2 1.66069865E+0 2.34351957E-3 7.09652901E-2 1.89005548E-3 2.33332515E+0 3.76323027E-3
08 07 2014 15 15 29 557 -6.99544765E+1 -7.00453858E+1 7.50000000E+2 1.12343240E+6 0.00000000E+0 4.91440296E-1 2.72879110E-2 2.29498148E+0 2.10888577E-3 1.13654137E-1 2.15147609E-3 2.88150907E+0 2.31196640E-3
08 07 2014 15 15 33 562 -6.99544765E+1 -7.00453858E+1 8.00000000E+2 1.12343690E+6 0.00000000E+0 5.09381294E-1 3.04763270E-2 3.22319269E+0 2.74110431E-3 5.27679920E-2 2.57490758E-3 3.70656848E+0 2.98398810E-3
08 07 2014 15 15 38 566 -6.99544765E+1 -7.00453858E+1 8.50000000E+2 1.12344140E+6 0.00000000E+0 5.04791737E-1 2.53190718E-2 4.47677970E+0 3.06387892E-3 4.32074070E-2 2.12033683E-3 4.82560396E+0 3.59877405E-3
08 07 2014 15 15 42 571 -6.99544765E+1 -7.00453858E+1 9.00000000E+2 1.12344590E+6 0.00000000E+0 5.20348549E-1 3.14483814E-2 6.46501184E+0 2.55572303E-3 2.51239538E-1 2.45329035E-3 5.93267083E+0 3.05772103E-3
08 07 2014 15 15 47 575 -6.99544765E+1 -7.00453858E+1 9.50000000E+2 1.12345050E+6 0.00000000E+0 5.21302223E-1 2.61406329E-2 9.42664742E+0 2.45176552E-3 5.46336174E-1 1.72317170E-3 7.11060166E+0 3.66765027E-3
08 07 2014 15 15 52 580 -6.99544765E+1 -7.00453858E+1 1.00000000E+3 1.12345500E+6 0.00000000E+0 5.13553619E-1 2.89625509E-2 1.33779824E+1 2.77429470E-3 9.43201780E-1 1.89959801E-3 8.48277807E+0 2.70462568E-3
08 07 2014 15 15 56 584 -6.99544765E+1 -7.00453858E+1 1.05000000E+3 1.12345950E+6 0.00000000E+0 5.15729189E-1 2.16242497E-2 1.82784274E+1 3.33841885E-3 1.60277635E+0 2.28536728E-3 9.92374867E+0 5.41162362E-3
08 07 2014 15 16 01 589 -6.99544765E+1 -7.00453858E+1 1.10000000E+3 1.12346400E+6 0.00000000E+0 5.01990318E-1 3.38102959E-2 2.42313325E+1 2.62581792E-3 2.58380175E+0 2.10547827E-3 1.10395551E+1 3.89569569E-3
08 07 2014 15 16 05 593 -6.99544765E+1 -7.00453858E+1 1.15000000E+3 1.12346850E+6 0.00000000E+0 5.00902534E-1 2.97250342E-2 3.12707797E+1 4.17668677E-3 3.67305428E+0 3.31285132E-3 1.18009746E+1 2.61591289E-3
08 07 2014 15 16 10 598 -6.99544765E+1 -7.00453858E+1 1.20000000E+3 1.12347300E+6 0.00000000E+0 5.12361526E-1 3.50393780E-2 3.91272843E+1 3.97212173E-3 4.73989248E+0 2.98735120E-3 1.25441670E+1 4.44711958E-3
08 07 2014 15 16 14 602 -6.99544765E+1 -7.00453858E+1 1.25000000E+3 1.12347760E+6 0.00000000E+0 4.99963760E-1 2.86556811E-2 4.75132048E+1 3.54271646E-3 5.84876537E+0 3.30837572E-3 1.33589745E+1 5.33927636E-3
08 07 2014 15 16 22 610 6.99544765E+1 -7.00453858E+1 1.25000000E+3 1.12348530E+6 0.00000000E+0 5.14566898E-1 3.17978938E-2 4.63546872E+1 5.35989872E-3 5.34065366E+0 3.67494367E-3 3.74365509E+1 9.11098527E-3
08 07 2014 15 16 26 615 6.99544765E+1 -7.00453858E+1 1.20000000E+3 1.12348980E+6 0.00000000E+0 4.93377447E-1 2.39286235E-2 3.73452604E+1 3.02503604E-3 3.91412526E+0 2.44208166E-3 3.57441902E+1 2.40002773E-3
08 07 2014 15 16 31 619 6.99544765E+1 -7.00453858E+1 1.15000000E+3 1.12349430E+6 0.00000000E+0 5.01513481E-1 3.97355724E-2 2.86196351E+1 2.49183587E-3 2.45914459E+0 3.14676398E-3 3.30875874E+1 4.44202064E-3
08 07 2014 15 16 35 624 6.99544765E+1 -7.00453858E+1 1.10000000E+3 1.12349880E+6 0.00000000E+0 5.20944595E-1 3.83797142E-2 2.05797255E+1 2.51886342E-3 1.02664530E+0 2.29215834E-3 2.92354301E+1 2.25930959E-3
08 07 2014 15 16 40 628 6.99544765E+1 -7.00453858E+1 1.05000000E+3 1.12350340E+6 0.00000000E+0 5.15639782E-1 2.68808636E-2 1.36518300E+1 4.31677908E-3 -1.87611580E-1 2.07870088E-3 2.47091711E+1 3.48013657E-3
08 07 2014 15 16 44 633 6.99544765E+1 -7.00453858E+1 1.00000000E+3 1.12350790E+6 0.00000000E+0 4.90546227E-1 2.72923647E-2 8.45605731E+0 3.56988901E-3 -8.61543417E-1 1.76996693E-3 1.97692692E+1 4.07873591E-3
08 07 2014 15 16 49 637 6.99544765E+1 -7.00453858E+1 9.50000000E+2 1.12351240E+6 0.00000000E+0 5.09679317E-1 2.40370484E-2 4.92515564E+0 2.29909539E-3 -1.13508105E+0 2.52611059E-3 1.51879072E+1 2.49078510E-3
08 07 2014 15 16 53 642 6.99544765E+1 -7.00453858E+1 9.00000000E+2 1.12351690E+6 0.00000000E+0 5.23746014E-1 2.89100153E-2 2.61873007E+0 3.25538906E-3 -1.26006007E+0 1.60369203E-3 1.12240970E+1 3.64617487E-3
08 07 2014 15 16 58 646 6.99544765E+1 -7.00453858E+1 8.50000000E+2 1.12352140E+6 0.00000000E+0 5.17666340E-1 3.32728369E-2 1.39921308E+0 2.87912809E-3 -1.06506348E+0 2.25700418E-3 7.95308948E+0 3.41960538E-3
08 07 2014 15 17 02 651 6.99544765E+1 -7.00453858E+1 8.00000000E+2 1.12352590E+6 0.00000000E+0 5.19573689E-1 3.99143175E-2 8.74119997E-1 2.40364261E-3 -7.61973858E-1 2.35860681E-3 5.69091439E+0 2.88297027E-3
08 07 2014 15 17 07 655 6.99544765E+1 -7.00453858E+1 7.50000000E+2 1.12353050E+6 0.00000000E+0 5.03212214E-1 3.66081228E-2 5.86532056E-1 2.08131761E-3 -6.42418861E-1 2.15545868E-3 4.21788543E+0 3.11323263E-3
08 07 2014 15 17 12 660 6.99544765E+1 -7.00453858E+1 7.00000000E+2 1.12353500E+6 0.00000000E+0 5.29408455E-1 3.98948715E-2 3.54933739E-1 2.50873737E-3 -5.82063198E-1 2.22755061E-3 2.96238661E+0 3.57922633E-3
08 07 2014 15 17 16 664 6.99544765E+1 -7.00453858E+1 6.50000000E+2 1.12353950E+6 0.00000000E+0 5.28097153E-1 2.34168639E-2 3.84174287E-1 2.79221944E-3 -3.84442508E-1 2.58016521E-3 2.02107430E+0 3.40028696E-3
08 07 2014 15 17 21 669 6.99544765E+1 -7.00453858E+1 6.00000000E+2 1.12354400E+6 0.00000000E+0 5.01930714E-1 4.09579084E-2 4.94569540E-1 2.10738679E-3 -1.78182125E-1 2.15831373E-3 1.48380995E+0 2.89219783E-3
08 07 2014 15 17 25 673 6.99544765E+1 -7.00453858E+1 5.50000000E+2 1.12354850E+6 0.00000000E+0 5.14984131E-1 3.20152557E-2 5.38420677E-1 2.52685809E-3 -9.47356224E-2 1.74949105E-3 1.26987100E+0 3.23417681E-3
08 07 2014 15 17 30 678 6.99544765E+1 -7.00453858E+1 5.00000000E+2 1.12355300E+6 0.00000000E+0 5.06162643E-1 2.62129217E-2 4.27967310E-1 2.54340191E-3 -2.02333927E-1 1.65004551E-3 1.03945732E+0 3.36139492E-3
08 07 2014 15 17 34 682 6.99544765E+1 -7.00453858E+1 4.50000000E+2 1.12355760E+6 0.00000000E+0 5.14626503E-1 3.24862726E-2 4.43172455E-1 2.95196479E-3 -1.49494410E-1 1.79980264E-3 6.96831942E-1 3.35829505E-3
08 07 2014 15 17 39 687 6.99544765E+1 -7.00453858E+1 4.00000000E+2 1.12356210E+6 0.00000000E+0 4.94599342E-1 3.29407952E-2 5.48875332E-1 2.14545348E-3 -2.69651413E-2 1.89893838E-3 5.64491749E-1 2.95948031E-3
08 07 2014 15 17 43 691 6.99544765E+1 -7.00453858E+1 3.50000000E+2 1.12356660E+6 0.00000000E+0 5.26964664E-1 3.28784662E-2 5.56778908E-1 2.60985392E-3 -3.11434269E-2 2.39385195E-3 6.27136230E-1 2.85489908E-3
08 07 2014 15 17 48 696 6.99544765E+1 -7.00453858E+1 3.00000000E+2 1.12357110E+6 0.00000000E+0 5.22553921E-1 2.53273418E-2 4.06986475E-1 2.61617259E-3 -1.40011311E-1 2.40526792E-3 4.96393442E-1 3.58202017E-3
08 07 2014 15 17 52 700 6.99544765E+1 -7.00453858E+1 2.50000000E+2 1.12357560E+6 0.00000000E+0 5.57422638E-1 2.76622879E-2 4.42814827E-1 2.36288392E-3 -8.56637955E-2 2.02799678E-3 2.86895037E-1 2.91598870E-3
08 07 2014 15 17 57 705 6.99544765E+1 -7.00453858E+1 2.00000000E+2 1.12358020E+6 0.00000000E+0 6.16684556E-1 3.45082068E-2 5.43810427E-1 2.38148964E-3 2.19419599E-2 2.32563800E-3 2.65941024E-1 4.24935554E-3
08 07 2014 15 18 01 709 6.99544765E+1 -7.00453858E+1 1.50000000E+2 1.12358470E+6 0.00000000E+0 7.85768032E-1 2.01425828E-2 5.44106960E-1 2.40763004E-3 2.35915184E-2 1.79331849E-3 4.02981043E-1 3.13052979E-3
08 07 2014 15 18 06 714 6.99544765E+1 -7.00453858E+1 1.00000000E+2 1.12358920E+6 0.00000000E+0 9.92864370E-1 2.53063662E-2 4.05721366E-1 2.68718250E-3 -1.26294792E-1 1.89936913E-3 3.72625887E-1 2.96676094E-3
08 07 2014 15 18 10 718 6.99544765E+1 -7.00453858E+1 5.00000000E+1 1.12359370E+6 0.00000000E+0 2.67863274E-1 2.69964335E-2 4.25815582E-1 2.93024709E-3 -7.36236572E-2 2.32008030E-3 1.85072422E-1 3.36519767E-3
08 07 2014 15 18 15 723 6.99544765E+1 -7.00453858E+1 0.00000000E+0 1.12359820E+6 0.00000000E+0 3.69548798E-2 3.32618766E-2 5.18327951E-1 2.62872168E-3 4.42385674E-2 1.84431024E-3 1.97607279E-1 3.08087105E-3
08 07 2014 15 18 21 729 0.00000000E+0 0.00000000E+0 0.00000000E+0 1.12360430E+6 0.00000000E+0 5.26458025E-1 2.25549310E-2 7.05309212E-1 2.48724738E-3 1.31264329E-1 2.06929151E-3 2.67587602E-1 2.73566273E-3
