#Field Shape
#<B> = (2.00947 -4.28418e-08 0.00144848)
#<B^2> = (5.09888 0.000282172 0.041494)
#sigmaBx/Bx0 = 0.512576
#<dBx/dx>/Bx0 = -2.76248e-15
#8th order polynomial (131 terms) fit to Bx centered at <	0,	0,	0.75	>, rms residual = 0.0331017
         2.703166342	 0 0 0
       -0.8984801708	 0 0 1
        -5.888410568	 0 0 2
        -15.00365254	 0 0 3
         1.911792121	 0 0 4
         47.86130955	 0 0 5
         25.93337686	 0 0 6
        -43.21343029	 0 0 7
        -32.04094263	 0 0 8
         1.947388813	 0 2 0
         5.628955106	 0 2 1
        -25.93473868	 0 2 2
        -50.91292622	 0 2 3
         66.02114404	 0 2 4
          77.0703621	 0 2 5
        -46.57533133	 0 2 6
         3.030365397	 0 4 0
        -3.543374351	 0 4 1
        -38.61078644	 0 4 2
         3.836070091	 0 4 3
         73.30183229	 0 4 4
    -6.832837796e-10	 0 5 0
     1.011640273e-08	 0 5 1
     1.530905151e-09	 0 5 2
    -4.548856656e-09	 0 5 3
         47.06526876	 0 6 0
         32.53071014	 0 6 1
        -16.27799638	 0 6 2
     2.749370019e-08	 0 7 0
    -5.583962888e-07	 0 7 1
        -1694.994555	 0 8 0
     2.957876541e-06	 1 1 0
     1.428088643e-05	 1 1 1
    -2.477024178e-05	 1 1 2
    -0.0001030326898	 1 1 3
     2.651171713e-05	 1 1 4
     0.0001471170793	 1 1 5
     1.637944656e-05	 1 1 6
    -1.638510289e-09	 1 2 3
      2.11089871e-09	 1 2 5
      0.001027938356	 1 3 0
     -0.000428418412	 1 3 1
     -0.002903350732	 1 3 2
    -0.0003876195165	 1 3 3
      0.006418840682	 1 3 4
    -3.426345041e-09	 1 4 0
     5.269585406e-08	 1 4 1
     5.709216504e-09	 1 4 2
    -2.212099708e-09	 1 4 3
       -0.1747175117	 1 5 0
        0.0158485614	 1 5 1
      -0.02160046686	 1 5 2
      1.18315521e-07	 1 6 0
    -2.096144813e-06	 1 6 1
         8.022724948	 1 7 0
         5.689987056	 2 0 0
         16.42225561	 2 0 1
         -77.4519701	 2 0 2
        -148.5311164	 2 0 3
         195.8808385	 2 0 4
         224.7904754	 2 0 5
        -136.3008327	 2 0 6
    -2.039266062e-09	 2 1 3
     2.564751397e-09	 2 1 5
         4.164135853	 2 2 0
        -1.705635229	 2 2 1
        -187.6494673	 2 2 2
         18.64575954	 2 2 3
         374.7534457	 2 2 4
     3.695629264e-09	 2 3 0
    -6.984581695e-09	 2 3 1
    -9.388832326e-09	 2 3 2
     4.142115379e-08	 2 3 3
         214.3164869	 2 4 0
         -181.135399	 2 4 1
        -246.6942896	 2 4 2
     -8.24233878e-08	 2 5 0
      2.87063946e-07	 2 5 1
        -3053.997084	 2 6 0
    -3.073394135e-10	 3 0 3
     3.460492443e-10	 3 0 5
    -0.0009109002645	 3 1 0
     0.0004684028707	 3 1 1
      0.003840711999	 3 1 2
     0.0006768455568	 3 1 3
     -0.008326458352	 3 1 4
     1.098448372e-08	 3 2 0
    -4.784728378e-08	 3 2 1
    -1.997468673e-08	 3 2 2
     7.537808104e-08	 3 2 3
        0.1668582812	 3 3 0
       0.04706611968	 3 3 1
      -0.04611706484	 3 3 2
    -1.640653687e-07	 3 4 0
    -3.437752882e-08	 3 4 1
        -3.366163339	 3 5 0
         12.62290995	 4 0 0
        -9.284944488	 4 0 1
        -179.4009095	 4 0 2
         16.48281608	 4 0 3
         337.9620565	 4 0 4
     3.069194148e-09	 4 1 0
     2.536958227e-08	 4 1 1
    -2.826943467e-09	 4 1 2
     3.554632679e-08	 4 1 3
        -210.0102125	 4 2 0
         143.8628594	 4 2 1
         233.9777786	 4 2 2
    -1.626140563e-07	 4 3 0
    -5.370656636e-07	 4 3 1
         5611.788042	 4 4 0
    -1.486667629e-09	 5 0 0
     1.898147626e-08	 5 0 1
     2.860477109e-09	 5 0 2
    -3.761292091e-10	 5 0 3
      -0.04460786896	 5 1 0
       -0.0866034696	 5 1 1
       0.07920376094	 5 1 2
    -4.095994222e-07	 5 2 0
     1.730536213e-06	 5 2 1
        -8.150974037	 5 3 0
         1.041075742	 6 0 0
         1.519955568	 6 0 1
         14.91802047	 6 0 2
    -1.693218839e-07	 6 1 0
    -9.368537177e-07	 6 1 1
         -1587.13486	 6 2 0
     6.441172264e-08	 7 0 0
    -1.023017218e-06	 7 0 1
         6.070367603	 7 1 0
         310.4344298	 8 0 0
#8th order polynomial (101 terms) fit to By centered at <	0,	0,	0.75	>, rms residual = 0.0112031718
     9.967465251e-08	 0 0 0
     2.764391993e-07	 0 0 1
    -9.010634621e-07	 0 0 2
    -5.689037558e-06	 0 0 3
    -3.409726031e-06	 0 0 4
     1.682163184e-05	 0 0 5
     1.648464875e-05	 0 0 6
    -1.470754111e-05	 0 0 7
    -1.611515213e-05	 0 0 8
     2.946125305e-06	 0 2 0
     8.450135087e-06	 0 2 1
    -7.630654319e-07	 0 2 2
    -6.138851655e-05	 0 2 3
    -2.044661949e-05	 0 2 4
     8.557130711e-05	 0 2 5
     4.676047827e-05	 0 2 6
    -0.0005294985342	 0 4 0
    -5.359621198e-05	 0 4 1
    -0.0003847015059	 0 4 2
    -4.655771355e-05	 0 4 3
     0.0006384536593	 0 4 4
       0.04810629284	 0 6 0
      0.000115191455	 0 6 1
     -0.006980283328	 0 6 2
    -2.200182991e-09	 0 7 0
     3.722796497e-09	 0 7 1
         -1.36548208	 0 8 0
         3.952106163	 1 1 0
         11.09247311	 1 1 1
        -52.68950102	 1 1 2
        -101.1878455	 1 1 3
         134.2370522	 1 1 4
          153.302303	 1 1 5
        -94.75149197	 1 1 6
         15.41502199	 1 3 0
        -12.17355687	 1 3 1
        -164.6425043	 1 3 2
         14.79335663	 1 3 3
         300.8773329	 1 3 4
        -88.53023255	 1 5 0
         95.95494999	 1 5 1
         149.2556125	 1 5 2
     3.936187799e-09	 1 6 0
    -2.509063837e-09	 1 6 1
          734.479217	 1 7 0
    -3.228353731e-06	 2 0 0
     1.008732153e-06	 2 0 1
    -6.760088197e-06	 2 0 2
    -2.222775827e-05	 2 0 3
     5.320714849e-05	 2 0 4
     2.772453007e-05	 2 0 5
    -2.417220378e-05	 2 0 6
    -0.0003996152314	 2 2 0
    -0.0002395629428	 2 2 1
     -0.001479130404	 2 2 2
     0.0003690574961	 2 2 3
     0.0006203967159	 2 2 4
       0.08647181462	 2 4 0
       0.01605678367	 2 4 1
      -0.01953816547	 2 4 2
     -4.29742412e-09	 2 5 1
        -1.888993108	 2 6 0
         2.957966778	 3 1 0
        -1.256188738	 3 1 1
        -128.9442385	 3 1 2
          12.9104859	 3 1 3
         257.2781778	 3 1 4
         272.0159691	 3 3 0
        -211.3037706	 3 3 1
        -261.7634761	 3 3 2
    -2.901699173e-09	 3 4 0
     4.179125486e-09	 3 4 1
         -4740.26978	 3 5 0
      0.001261941814	 4 0 0
     0.0005651969859	 4 0 1
     -0.000388639572	 4 0 2
    -2.306625735e-05	 4 0 3
     -0.003315540753	 4 0 4
      -0.01988035893	 4 2 0
       0.00445483432	 4 2 1
       0.09387095997	 4 2 2
     2.724764753e-09	 4 3 0
     5.143106969e-09	 4 3 1
        -3.442987544	 4 4 0
    -1.239403045e-10	 5 0 1
         -80.1281513	 5 1 0
         42.95702792	 5 1 1
         68.77644927	 5 1 2
     1.804107053e-11	 5 2 0
    -3.264800296e-09	 5 2 1
         3678.534019	 5 3 0
       -0.1283734065	 6 0 0
       -0.0322102899	 6 0 1
       0.09330245345	 6 0 2
    -1.878990961e-09	 6 1 0
    -3.955501923e-09	 6 1 1
         2.571381011	 6 2 0
     2.290296192e-09	 7 0 0
     9.997548554e-09	 7 0 1
          -177.94543	 7 1 0
         3.572521135	 8 0 0
#8th order polynomial (110 terms) fit to Bz centered at <	0,	0,	0.75	>, rms residual = 0.03758255393
    -3.182822395e-07	 0 1 0
    -4.104697908e-06	 0 1 1
    -1.525723537e-05	 0 1 2
    -4.485244584e-06	 0 1 3
     6.663535056e-05	 0 1 4
     6.222870384e-05	 0 1 5
    -7.202949992e-05	 0 1 6
    -7.896433048e-05	 0 1 7
     1.117823481e-05	 0 3 0
     0.0001622823934	 0 3 1
     9.890181542e-05	 0 3 2
     0.0002115358874	 0 3 3
     2.102435263e-05	 0 3 4
    -0.0003922757711	 0 3 5
     2.039200212e-10	 0 4 0
     -0.004078617608	 0 5 0
       -0.0213931279	 0 5 1
     -0.004428131458	 0 5 2
      0.008592878184	 0 5 3
    -3.317657755e-08	 0 6 0
     5.788877675e-09	 0 6 1
     2.369038497e-09	 0 6 2
        0.2177317208	 0 7 0
        0.6060448968	 0 7 1
     1.277944415e-06	 0 8 0
        -1.103540652	 1 0 0
        -13.64301177	 1 0 1
        -34.86535742	 1 0 2
         43.49030736	 1 0 3
         169.2936614	 1 0 4
        -8.790571635	 1 0 5
        -191.2857931	 1 0 6
        -49.74833832	 1 0 7
          1.45387635	 1 2 0
        -62.10852925	 1 2 1
        -51.77273342	 1 2 2
          357.547826	 1 2 3
         122.5486352	 1 2 4
        -442.7950516	 1 2 5
        -4.023199739	 1 4 0
         -31.0216117	 1 4 1
         19.34647223	 1 4 2
         96.22887656	 1 4 3
    -1.473338717e-09	 1 5 0
    -4.367722079e-09	 1 5 2
           14.156029	 1 6 0
         16.96560674	 1 6 1
     1.609340846e-07	 1 7 0
     3.947517423e-05	 2 1 0
     0.0001607659465	 2 1 1
     -5.44983584e-05	 2 1 2
    -5.415932094e-05	 2 1 3
     0.0001795262389	 2 1 4
     0.0002354470231	 2 1 5
    -0.0005347996719	 2 3 0
      -0.01486901486	 2 3 1
    -0.0009782142952	 2 3 2
     -0.006680305446	 2 3 3
    -7.380676977e-09	 2 4 0
    -1.631500486e-09	 2 4 1
     3.606253053e-09	 2 4 2
       -0.1922823496	 2 5 0
        0.2766831576	 2 5 1
     1.683632392e-07	 2 6 0
          1.47693321	 3 0 0
        -61.13533325	 3 0 1
        -51.38528164	 3 0 2
         351.1363694	 3 0 3
         121.6092719	 3 0 4
        -433.5558878	 3 0 5
        -1.538452488	 3 2 0
        -32.66185738	 3 2 1
         27.91734941	 3 2 2
         126.6581941	 3 2 3
     4.501526108e-10	 3 3 0
     1.004621826e-09	 3 3 1
     1.256477201e-08	 3 3 2
        -46.22251757	 3 4 0
        -107.7938433	 3 4 1
    -2.318730017e-07	 3 5 0
     1.990134698e-10	 4 0 0
     -0.004177553737	 4 1 0
      -0.01447656614	 4 1 1
     -0.004499459881	 4 1 2
     -0.003363983428	 4 1 3
     4.303685862e-09	 4 2 0
     1.614221987e-10	 4 2 1
        0.3168022778	 4 3 0
        0.9274237554	 4 3 1
     3.069250318e-07	 4 4 0
        -2.154274844	 5 0 0
        -24.05651297	 5 0 1
         16.23216563	 5 0 2
         78.23563515	 5 0 3
     6.273389317e-09	 5 1 0
     2.884530451e-10	 5 1 1
    -3.237989762e-09	 5 1 2
         11.24507809	 5 2 0
         36.31591893	 5 2 1
    -8.829275507e-08	 5 3 0
    -2.711394515e-08	 6 0 0
     4.379905582e-09	 6 0 1
      1.22190419e-09	 6 0 2
        0.1155239216	 6 1 0
        0.3039546183	 6 1 1
    -5.632251119e-07	 6 2 0
        -10.98599707	 7 0 0
         9.006996618	 7 0 1
     -4.32707927e-07	 7 1 0
     1.018304983e-06	 8 0 0
