#Field Shape
#<B> = (2.02111 -1.3538e-08 -9.97466e-18)
#<B^2> = (5.14662 0.000293008 0.0426263)
#sigmaBx/Bx0 = 0.509823
#<dBx/dx>/Bx0 = -9.15523e-16
#8th order polynomial (125 terms) fit to Bx centered at <	0,	0,	0.75	>, rms residual = 0.0338698
         2.707417765	 0 0 0
        -0.921202531	 0 0 1
        -5.984470865	 0 0 2
        -15.16101552	 0 0 3
         2.143437885	 0 0 4
         48.57698524	 0 0 5
         25.91547588	 0 0 6
        -43.94136619	 0 0 7
        -32.26659341	 0 0 8
         1.993884584	 0 2 0
          5.63427572	 0 2 1
        -26.90213699	 0 2 2
        -51.51916431	 0 2 3
         69.40912784	 0 2 4
         78.23503038	 0 2 5
        -49.81015205	 0 2 6
         3.961337141	 0 4 0
        -3.256328282	 0 4 1
        -43.36194096	 0 4 2
         4.315225075	 0 4 3
         79.73049836	 0 4 4
     1.347155338e-09	 0 5 0
    -5.485516445e-09	 0 5 1
    -1.724311898e-09	 0 5 2
     4.633585957e-09	 0 5 3
        -13.46092376	 0 6 0
         21.26788408	 0 6 1
         32.42765044	 0 6 2
    -6.805552324e-08	 0 7 0
      2.60866894e-07	 0 7 1
         4.759090527	 0 8 0
    -2.355071508e-07	 1 1 0
    -8.773208848e-08	 1 1 1
     2.142383541e-06	 1 1 2
     9.244710626e-08	 1 1 3
    -8.491430877e-06	 1 1 4
    -2.555733307e-08	 1 1 5
     7.947993924e-06	 1 1 6
     7.455023258e-05	 1 3 0
     1.655333795e-05	 1 3 1
    -4.450851892e-05	 1 3 2
     3.446231405e-05	 1 3 3
     0.0001528982419	 1 3 4
     8.006614358e-10	 1 4 0
    -3.426187636e-09	 1 4 1
    -1.648289159e-09	 1 4 2
     4.991889689e-09	 1 4 3
     -0.008147258653	 1 5 0
    -0.0005751799762	 1 5 1
     -0.002082097255	 1 5 2
    -1.257125852e-08	 1 6 0
     3.137271042e-08	 1 6 1
        0.2626842203	 1 7 0
         5.761857203	 2 0 0
           16.400409	 2 0 1
        -79.20648595	 2 0 2
         -149.316168	 2 0 3
          202.240461	 2 0 4
          226.554052	 2 0 5
        -142.3772667	 2 0 6
         4.389015677	 2 2 0
        -2.231876434	 2 2 1
        -191.5582195	 2 2 2
          20.3740474	 2 2 3
          382.582459	 2 2 4
     -7.78508268e-09	 2 3 0
     3.174846532e-08	 2 3 1
     1.086827404e-08	 2 3 2
    -2.935028758e-08	 2 3 3
          204.086713	 2 4 0
        -193.3690397	 2 4 1
        -243.5118331	 2 4 2
      2.93583159e-07	 2 5 0
    -1.112789152e-06	 2 5 1
        -2393.264774	 2 6 0
     2.886741298e-05	 3 1 0
     1.678960839e-05	 3 1 1
    -2.243738655e-05	 3 1 2
    -6.646625927e-05	 3 1 3
     4.446350085e-05	 3 1 4
    -7.698245551e-09	 3 2 0
     3.143510113e-08	 3 2 1
     1.081838356e-08	 3 2 2
    -2.919940889e-08	 3 2 3
     -0.003057123367	 3 3 0
     -0.002038837525	 3 3 1
     0.0006890908923	 3 3 2
     1.959898688e-07	 3 4 0
    -7.583273024e-07	 3 4 1
        0.1223033195	 3 5 0
         12.71724853	 4 0 0
        -9.776927603	 4 0 1
        -182.4698067	 4 0 2
         17.87426076	 4 0 3
         344.4558917	 4 0 4
     8.291339531e-10	 4 1 0
    -3.580341571e-09	 4 1 1
    -1.691083011e-09	 4 1 2
     4.573530682e-09	 4 1 3
        -207.8855899	 4 2 0
         152.1966442	 4 2 1
         240.6256437	 4 2 2
     1.996981914e-07	 4 3 0
     -7.53072399e-07	 4 3 1
         5401.124564	 4 4 0
     1.331490251e-09	 5 0 0
    -5.325291768e-09	 5 0 1
    -1.696371447e-09	 5 0 2
     4.606513533e-09	 5 0 3
     -0.002388575876	 5 1 0
      0.001472261807	 5 1 1
    -0.0003574120594	 5 1 2
     2.919363927e-07	 5 2 0
    -1.094043364e-06	 5 2 1
       0.06672050422	 5 3 0
         8.963729695	 6 0 0
         1.356045211	 6 0 1
         15.81035782	 6 0 2
     -1.21278145e-08	 6 1 0
     5.120153036e-08	 6 1 1
        -1581.164295	 6 2 0
    -6.767516794e-08	 7 0 0
     2.494074741e-07	 7 0 1
       0.07278630255	 7 1 0
       -0.6541382692	 8 0 0
#8th order polynomial (98 terms) fit to By centered at <	0,	0,	0.75	>, rms residual = 0.01092727718
    -1.491628836e-08	 0 0 0
    -6.162492759e-08	 0 0 1
    -9.674840384e-08	 0 0 2
       2.8222626e-07	 0 0 3
     8.729594452e-07	 0 0 4
    -5.024907729e-07	 0 0 5
    -2.152411817e-06	 0 0 6
     3.256849171e-07	 0 0 7
     1.699897545e-06	 0 0 8
    -3.164514722e-07	 0 2 0
     -7.71580443e-07	 0 2 1
    -2.452033764e-06	 0 2 2
     1.643230741e-06	 0 2 3
     1.296345288e-05	 0 2 4
    -1.683027516e-06	 0 2 5
    -1.142538639e-05	 0 2 6
     0.0001026504545	 0 4 0
     6.298123648e-05	 0 4 1
    -2.035317178e-05	 0 4 2
    -2.754539079e-05	 0 4 3
    -0.0001890728426	 0 4 4
      -0.00901100757	 0 6 0
     -0.001947767208	 0 6 1
      0.003923007974	 0 6 2
    -7.732499429e-09	 0 7 1
        0.2360970098	 0 8 0
         3.972263595	 1 1 0
         11.04295525	 1 1 1
        -53.43900608	 1 1 2
        -101.2319659	 1 1 3
         137.1088396	 1 1 4
         153.6923546	 1 1 5
        -97.49512413	 1 1 6
         15.48390285	 1 3 0
        -12.58503368	 1 3 1
        -166.1868317	 1 3 2
         15.90644029	 1 3 3
         304.8874753	 1 3 4
          -86.144486	 1 5 0
         100.4916372	 1 5 1
         142.8390349	 1 5 2
     2.922729058e-10	 1 6 0
         629.6105204	 1 7 0
     2.073612762e-07	 2 0 0
     4.511333395e-07	 2 0 1
    -2.004354658e-06	 2 0 2
     2.300611373e-06	 2 0 3
     1.094137525e-05	 2 0 4
    -4.816735431e-06	 2 0 5
    -8.914150905e-06	 2 0 6
     1.384929436e-05	 2 2 0
     2.537623168e-05	 2 2 1
    -0.0001554188593	 2 2 2
     3.352449028e-05	 2 2 3
    -0.0001136485508	 2 2 4
     -0.003381620693	 2 4 0
     -0.003398646293	 2 4 1
      0.006473776101	 2 4 2
     7.543419105e-11	 2 5 0
     2.738855482e-10	 2 5 1
        0.2155607546	 2 6 0
         3.034577511	 3 1 0
        -1.594968042	 3 1 1
        -129.9367149	 3 1 2
         13.82334394	 3 1 3
         259.5808362	 3 1 4
         266.8552914	 3 3 0
        -215.6844543	 3 3 1
        -271.7321894	 3 3 2
     -7.47480455e-10	 3 4 0
        -4607.519245	 3 5 0
    -0.0001023407906	 4 0 0
    -0.0001398286915	 4 0 1
     6.169314167e-05	 4 0 2
      0.000101661591	 4 0 3
     -0.000231121553	 4 0 4
      0.005433128461	 4 2 0
      0.001559991305	 4 2 1
      0.006873085534	 4 2 2
     3.095647876e-10	 4 3 0
       -0.2203012326	 4 4 0
    -2.305805999e-11	 5 0 1
        -79.84139198	 5 1 0
         46.47566384	 5 1 1
         76.40290817	 5 1 2
     7.896259901e-10	 5 2 0
     3.225981369e-10	 5 2 1
          3865.56229	 5 3 0
       0.01186686941	 6 0 0
      0.003916043993	 6 0 1
      -0.00154207099	 6 0 2
    -1.967573821e-10	 6 1 0
     1.784099687e-10	 6 1 1
       -0.2191777683	 6 2 0
     7.780771471e-11	 7 0 0
      1.39982624e-09	 7 0 1
        -305.5804409	 7 1 0
       -0.3956970263	 8 0 0
#8th order polynomial (111 terms) fit to Bz centered at <	0,	0,	0.75	>, rms residual = 0.03876251975
    -3.720011801e-08	 0 1 0
    -2.297687361e-08	 0 1 1
     2.601385635e-07	 0 1 2
     5.425229836e-07	 0 1 3
    -6.208137851e-07	 0 1 4
    -1.981171782e-06	 0 1 5
     5.561551921e-07	 0 1 6
     2.101047637e-06	 0 1 7
     8.020560007e-06	 0 3 0
       7.9847963e-06	 0 3 1
     -5.35503683e-06	 0 3 2
    -1.058617246e-05	 0 3 3
    -2.787872243e-06	 0 3 4
    -1.814635378e-05	 0 3 5
    -1.837925235e-10	 0 4 0
    -0.0006321606683	 0 5 0
      -0.00071357044	 0 5 1
     0.0003238737021	 0 5 2
      0.001551705194	 0 5 3
      3.36942033e-08	 0 6 0
    -1.595395248e-09	 0 6 1
     1.041769137e-08	 0 6 2
       0.01270923754	 0 7 0
      0.003611295623	 0 7 1
    -1.745243284e-06	 0 8 0
        -1.114724977	 1 0 0
        -13.79263467	 1 0 1
         -35.0019099	 1 0 2
         44.71184109	 1 0 3
         170.6300078	 1 0 4
          -11.206573	 1 0 5
        -193.1084391	 1 0 6
        -48.33742864	 1 0 7
          1.38682198	 1 2 0
        -63.16912823	 1 2 1
        -51.16208029	 1 2 2
         365.1002002	 1 2 3
         121.9080465	 1 2 4
        -453.3001334	 1 2 5
        -3.989018456	 1 4 0
        -31.42617985	 1 4 1
         19.72199365	 1 4 2
         97.00264706	 1 4 3
     5.622058698e-10	 1 5 0
     3.175360242e-11	 1 5 1
    -1.215867076e-09	 1 5 2
         13.13507671	 1 6 0
         20.39395212	 1 6 1
     8.693449727e-09	 1 7 0
    -3.033091205e-07	 2 1 0
     -1.55459246e-05	 2 1 1
    -2.651129588e-06	 2 1 2
     4.851736748e-05	 2 1 3
    -5.082570322e-06	 2 1 4
    -4.020595654e-05	 2 1 5
    -9.404631794e-05	 2 3 0
     0.0008761603074	 2 3 1
     5.542676378e-05	 2 3 2
     -0.001101107528	 2 3 3
    -8.036114792e-09	 2 4 0
     3.189924335e-10	 2 4 1
     3.053591836e-09	 2 4 2
       0.01591349472	 2 5 0
      0.005929898516	 2 5 1
     3.569875518e-07	 2 6 0
         1.418054248	 3 0 0
         -62.1614919	 3 0 1
        -50.79454539	 3 0 2
         358.4630006	 3 0 3
         120.9925699	 3 0 4
        -443.7658605	 3 0 5
        -1.526411973	 3 2 0
        -32.26999452	 3 2 1
         27.87830936	 3 2 2
         126.0440005	 3 2 3
    -2.388960275e-09	 3 3 0
    -1.692354426e-10	 3 3 1
     4.909669436e-09	 3 3 2
        -53.32227286	 3 4 0
        -101.8974496	 3 4 1
    -7.654536697e-08	 3 5 0
     1.643724111e-12	 4 0 0
    -7.097148806e-05	 4 1 0
     0.0004735145002	 4 1 1
     0.0003143161946	 4 1 2
    -0.0009844639225	 4 1 3
      9.91817364e-09	 4 2 0
     -3.61731194e-10	 4 2 1
     4.456028639e-10	 4 2 2
      -0.01784346651	 4 3 0
      -0.03643451505	 4 3 1
    -1.070364472e-07	 4 4 0
          -2.4922415	 5 0 0
        -23.61822153	 5 0 1
         16.59844532	 5 0 2
          78.7408184	 5 0 3
     2.390633876e-09	 5 1 0
     9.543071627e-11	 5 1 1
    -9.687312306e-10	 5 1 2
         18.65097507	 5 2 0
         21.78782221	 5 2 1
     1.297028769e-07	 5 3 0
    -1.891383875e-09	 6 0 0
    -1.577498508e-10	 6 0 2
       0.01358553301	 6 1 0
       0.01368188787	 6 1 1
    -4.653699338e-07	 6 2 0
        -2.848515834	 7 0 0
         -7.68527643	 7 0 1
    -1.651242354e-07	 7 1 0
     1.188360436e-07	 8 0 0
