Month Day Year Hour Minute Second Time_s x y z Current CurrentError 1Axis 1AxisError Bx BxError By ByError Bz BzError
07 31 2014 13 52 13 11 1.00000000E+2 0.00000000E+0 0.00000000E+0 5.13622900E+5 0.00000000E+0 6.04335487E+2 2.87101151E-2 -6.20956516E+2 4.45463111E-3 1.99068785E+0 5.16472387E-3 4.47709560E+0 8.95743009E-2
07 31 2014 13 52 18 15 1.00000000E+2 0.00000000E+0 5.00000000E+1 5.13627400E+5 0.00000000E+0 6.04372680E+2 2.96689487E-2 -6.20960157E+2 4.81587577E-3 1.99760795E+0 3.16044276E-3 4.55324650E+0 6.10657768E-2
07 31 2014 13 52 22 20 1.00000000E+2 0.00000000E+0 1.00000000E+2 5.13631900E+5 0.00000000E+0 6.04421556E+2 3.59681470E-2 -6.20919356E+2 4.80853533E-3 2.19269991E+0 3.12494009E-3 4.78668809E+0 1.86240293E-2
07 31 2014 13 52 27 24 1.00000000E+2 0.00000000E+0 1.50000000E+2 5.13636400E+5 0.00000000E+0 6.04449213E+2 3.92160038E-2 -6.20827966E+2 3.86610960E-3 2.35204697E+0 5.54485424E-3 4.85278368E+0 5.81282018E-2
07 31 2014 13 52 31 29 1.00000000E+2 0.00000000E+0 2.00000000E+2 5.13640900E+5 0.00000000E+0 6.04416966E+2 4.38072905E-2 -6.20809488E+2 3.48121721E-3 2.34745741E+0 3.97991430E-3 5.42355180E+0 6.05937612E-2
07 31 2014 13 52 36 33 1.00000000E+2 0.00000000E+0 2.50000000E+2 5.13645500E+5 0.00000000E+0 6.04407117E+2 3.33955380E-2 -6.20915622E+2 3.60819561E-3 2.39937007E+0 5.81775124E-3 5.57251275E+0 1.92910873E-2
07 31 2014 13 52 40 38 1.00000000E+2 0.00000000E+0 3.00000000E+2 5.13650000E+5 0.00000000E+0 6.04407370E+2 4.63026517E-2 -6.21072471E+2 2.94645137E-3 2.47119665E+0 3.29453360E-3 5.58617711E+0 2.58801339E-2
07 31 2014 13 52 45 42 1.00000000E+2 0.00000000E+0 3.50000000E+2 5.13654500E+5 0.00000000E+0 6.04387447E+2 3.35723746E-2 -6.21197444E+2 3.99823052E-3 2.56203115E+0 4.10834139E-3 5.37614524E+0 2.03145070E-2
07 31 2014 13 52 49 47 1.00000000E+2 0.00000000E+0 4.00000000E+2 5.13659000E+5 0.00000000E+0 6.04376733E+2 3.13458877E-2 -6.21231322E+2 5.31685867E-3 2.75079012E+0 2.22922881E-3 5.09326458E+0 1.13967021E-2
07 31 2014 13 52 54 51 1.00000000E+2 0.00000000E+0 4.50000000E+2 5.13663500E+5 0.00000000E+0 6.04365647E+2 3.96133648E-2 -6.21096418E+2 5.42994075E-3 2.99959183E+0 2.81846025E-3 5.43206930E+0 8.90095562E-3
07 31 2014 13 52 58 56 1.00000000E+2 0.00000000E+0 5.00000000E+2 5.13668000E+5 0.00000000E+0 6.04370952E+2 3.56452667E-2 -6.20635250E+2 6.89116702E-3 3.16990614E+0 3.59128431E-3 6.00636601E+0 3.57404119E-2
07 31 2014 13 53 03 60 1.00000000E+2 0.00000000E+0 5.50000000E+2 5.13672600E+5 0.00000000E+0 6.04357898E+2 3.93367364E-2 -6.19696705E+2 3.33557463E-3 3.35819125E+0 4.19716415E-3 6.94673657E+0 3.25813685E-2
07 31 2014 13 53 07 65 1.00000000E+2 0.00000000E+0 6.00000000E+2 5.13677100E+5 0.00000000E+0 6.04369044E+2 4.23742716E-2 -6.18103201E+2 3.03367679E-3 3.41085196E+0 5.50107178E-3 8.27832818E+0 1.63170924E-2
07 31 2014 13 53 12 69 1.00000000E+2 0.00000000E+0 6.50000000E+2 5.13681600E+5 0.00000000E+0 6.04372919E+2 4.13186218E-2 -6.15525551E+2 5.72391530E-3 3.25105190E+0 3.87820441E-3 1.04527056E+1 3.94394436E-2
07 31 2014 13 53 17 74 1.00000000E+2 0.00000000E+0 7.00000000E+2 5.13686100E+5 0.00000000E+0 6.04365543E+2 3.05726898E-2 -6.11316663E+2 6.21426642E-3 2.95069814E+0 4.41439366E-3 1.41410455E+1 5.72597163E-3
07 31 2014 13 53 21 78 1.00000000E+2 0.00000000E+0 7.50000000E+2 5.13690600E+5 0.00000000E+0 6.04384482E+2 4.02022289E-2 -6.04296560E+2 5.41544012E-3 2.64331102E+0 5.02708036E-3 2.02488661E+1 1.37166552E-2
07 31 2014 13 53 26 83 1.00000000E+2 0.00000000E+0 8.00000000E+2 5.13695100E+5 0.00000000E+0 6.04382530E+2 3.26880444E-2 -5.92583197E+2 7.57455738E-3 2.39661336E+0 7.11637192E-3 2.99502611E+1 2.65418888E-2
07 31 2014 13 53 30 87 1.00000000E+2 0.00000000E+0 8.50000000E+2 5.13699700E+5 0.00000000E+0 6.04378581E+2 4.63320817E-2 -5.73258851E+2 8.89086102E-3 2.32000351E+0 4.87024258E-3 4.48387384E+1 2.96545985E-2
07 31 2014 13 53 35 92 1.00000000E+2 0.00000000E+0 9.00000000E+2 5.13704200E+5 0.00000000E+0 6.04376674E+2 4.28698324E-2 -5.41988604E+2 9.32854306E-3 2.55237222E+0 6.10175015E-3 6.59098566E+1 2.81888873E-2
07 31 2014 13 53 39 96 1.00000000E+2 0.00000000E+0 9.50000000E+2 5.13708700E+5 0.00000000E+0 6.04402065E+2 4.33792174E-2 -4.93641691E+2 6.00261641E-3 2.93074250E+0 5.04077569E-3 9.28208530E+1 1.62736997E-2
07 31 2014 13 53 44 101 1.00000000E+2 0.00000000E+0 1.00000000E+3 5.13713200E+5 0.00000000E+0 6.04390085E+2 5.38192577E-2 -4.25134921E+2 7.96489355E-3 3.22518349E+0 5.37780018E-3 1.21132189E+2 4.64692795E-2
07 31 2014 13 53 48 105 1.00000000E+2 0.00000000E+0 1.05000000E+3 5.13717700E+5 0.00000000E+0 6.04403138E+2 4.11972069E-2 -3.38661963E+2 3.72551742E-3 3.38778496E+0 5.03993358E-3 1.42673039E+2 3.61375373E-2
07 31 2014 13 53 53 110 1.00000000E+2 0.00000000E+0 1.10000000E+3 5.13722200E+5 0.00000000E+0 6.04390919E+2 3.72788565E-2 -2.45202279E+2 5.12440877E-3 3.53121161E+0 1.26407696E-2 1.48560041E+2 2.85953107E-2
07 31 2014 13 53 57 115 1.00000000E+2 0.00000000E+0 1.15000000E+3 5.13726800E+5 0.00000000E+0 6.04382932E+2 4.34458493E-2 -1.60112774E+2 6.24182102E-3 3.57826352E+0 6.58005669E-3 1.36255050E+2 1.94115543E-2
07 31 2014 13 54 02 119 1.00000000E+2 0.00000000E+0 1.20000000E+3 5.13731300E+5 0.00000000E+0 6.04396701E+2 3.89792215E-2 -9.28910971E+1 6.46234960E-3 3.70818377E+0 4.93039440E-3 1.13450104E+2 1.75636689E-2
07 31 2014 13 54 06 124 1.00000000E+2 0.00000000E+0 1.25000000E+3 5.13735800E+5 0.00000000E+0 6.04388490E+2 5.60261996E-2 -4.33899611E+1 7.38954979E-3 4.21016663E+0 4.51905813E-3 9.02697295E+1 2.02129126E-2
07 31 2014 13 54 08 126 1.00000000E+2 0.00000000E+0 1.25000000E+3 5.13738000E+5 0.00000000E+0 6.04383171E+2 3.98411698E-2 -4.33864117E+1 9.40767270E-3 4.21629548E+0 4.27009203E-3 9.02714312E+1 2.33409448E-2
07 31 2014 13 54 13 130 1.00000000E+2 0.00000000E+0 1.20000000E+3 5.13742500E+5 0.00000000E+0 6.04389384E+2 3.51292571E-2 -9.26885605E+1 1.31312251E-1 3.70521098E+0 2.76146621E-2 1.13752544E+2 3.60767228E-1
07 31 2014 13 54 17 135 1.00000000E+2 0.00000000E+0 1.15000000E+3 5.13747000E+5 0.00000000E+0 6.04358435E+2 4.30117884E-2 -1.59810644E+2 1.57217743E-1 3.56482863E+0 4.51822572E-2 1.37001449E+2 6.10850939E-1
07 31 2014 13 54 22 139 1.00000000E+2 0.00000000E+0 1.10000000E+3 5.13751600E+5 0.00000000E+0 6.04367405E+2 3.63353747E-2 -2.44934455E+2 3.39191769E-2 3.51835787E+0 1.09449342E-2 1.49351828E+2 2.50321669E-1
07 31 2014 13 54 26 144 1.00000000E+2 0.00000000E+0 1.05000000E+3 5.13756100E+5 0.00000000E+0 6.04351223E+2 4.49306172E-2 -3.38568449E+2 6.30262474E-3 3.31966281E+0 5.97115549E-3 1.43469596E+2 1.15058627E-1
07 31 2014 13 54 31 148 1.00000000E+2 0.00000000E+0 1.00000000E+3 5.13760600E+5 0.00000000E+0 6.04351103E+2 4.72685582E-2 -4.25178130E+2 1.17988081E-2 3.14025879E+0 5.68682829E-3 1.21828377E+2 6.74816524E-2
07 31 2014 13 54 36 153 1.00000000E+2 0.00000000E+0 9.50000000E+2 5.13765100E+5 0.00000000E+0 6.04347229E+2 3.39068298E-2 -4.93767858E+2 1.52191436E-2 2.86083817E+0 4.20321862E-3 9.33726132E+1 5.51454803E-2
07 31 2014 13 54 40 157 1.00000000E+2 0.00000000E+0 9.00000000E+2 5.13769600E+5 0.00000000E+0 6.04343235E+2 3.92167667E-2 -5.42087297E+2 1.02129945E-2 2.46934295E+0 3.50344148E-3 6.63462222E+1 2.20889267E-2
07 31 2014 13 54 45 162 1.00000000E+2 0.00000000E+0 8.50000000E+2 5.13774100E+5 0.00000000E+0 6.04333401E+2 4.85932664E-2 -5.73361032E+2 6.58646544E-3 2.24193335E+0 2.79626741E-3 4.51081872E+1 1.63722624E-2
07 31 2014 13 54 49 166 1.00000000E+2 0.00000000E+0 8.00000000E+2 5.13778700E+5 0.00000000E+0 6.04341209E+2 3.40294198E-2 -5.92660866E+2 7.34665833E-3 2.35070586E+0 3.47880383E-3 3.01695585E+1 2.27560248E-2
07 31 2014 13 54 54 171 1.00000000E+2 0.00000000E+0 7.50000000E+2 5.13783200E+5 0.00000000E+0 6.04340360E+2 2.88245622E-2 -6.04353610E+2 4.44829588E-3 2.60137767E+0 3.35102345E-3 2.04616264E+1 1.67042784E-2
07 31 2014 13 54 58 175 1.00000000E+2 0.00000000E+0 7.00000000E+2 5.13787700E+5 0.00000000E+0 6.04344904E+2 4.00986548E-2 -6.11359282E+2 4.04368328E-3 2.95223594E+0 3.42594242E-3 1.43511891E+1 1.23639662E-2
07 31 2014 13 55 03 180 1.00000000E+2 0.00000000E+0 6.50000000E+2 5.13792200E+5 0.00000000E+0 6.04357421E+2 4.39719103E-2 -6.15575033E+2 2.73367462E-3 3.28153372E+0 4.27450226E-3 1.06572658E+1 1.57453692E-2
07 31 2014 13 55 07 184 1.00000000E+2 0.00000000E+0 6.00000000E+2 5.13796700E+5 0.00000000E+0 6.04343474E+2 2.68056328E-2 -6.18150818E+2 4.49737860E-3 3.44992876E+0 3.49502531E-3 8.40516686E+0 3.82448863E-2
07 31 2014 13 55 12 189 1.00000000E+2 0.00000000E+0 5.50000000E+2 5.13801200E+5 0.00000000E+0 6.04329109E+2 4.34883936E-2 -6.19759579E+2 4.00188715E-3 3.42370868E+0 3.61564681E-3 6.98192120E+0 3.48313100E-2
07 31 2014 13 55 16 194 1.00000000E+2 0.00000000E+0 5.00000000E+2 5.13805800E+5 0.00000000E+0 6.04339063E+2 5.09068039E-2 -6.20717723E+2 4.44097051E-3 3.24882865E+0 5.48230072E-3 5.94612956E+0 1.14293036E-2
07 31 2014 13 55 21 198 1.00000000E+2 0.00000000E+0 4.50000000E+2 5.13810300E+5 0.00000000E+0 6.04338408E+2 4.70610164E-2 -6.21174066E+2 3.68189132E-3 3.08356881E+0 3.02427153E-3 5.13365865E+0 2.10472104E-2
07 31 2014 13 55 25 203 1.00000000E+2 0.00000000E+0 4.00000000E+2 5.13814800E+5 0.00000000E+0 6.04342163E+2 4.73175847E-2 -6.21290474E+2 4.47771219E-3 2.87185311E+0 3.94885536E-3 4.57650423E+0 1.44102651E-2
07 31 2014 13 55 30 207 1.00000000E+2 0.00000000E+0 3.50000000E+2 5.13819300E+5 0.00000000E+0 6.04333878E+2 3.37263507E-2 -6.21240616E+2 4.91559967E-3 2.69124508E+0 5.26763375E-3 4.22388315E+0 1.10739085E-2
07 31 2014 13 55 34 212 1.00000000E+2 0.00000000E+0 3.00000000E+2 5.13823800E+5 0.00000000E+0 6.04336262E+2 3.92467459E-2 -6.21103325E+2 4.56492957E-3 2.39509344E+0 4.88589727E-3 4.06147242E+0 1.04812089E-2
07 31 2014 13 55 39 216 1.00000000E+2 0.00000000E+0 2.50000000E+2 5.13828300E+5 0.00000000E+0 6.04351103E+2 4.34461936E-2 -6.20934870E+2 4.37393813E-3 2.25045681E+0 5.87421047E-3 4.11354303E+0 2.34184151E-2
07 31 2014 13 55 43 221 1.00000000E+2 0.00000000E+0 2.00000000E+2 5.13832900E+5 0.00000000E+0 6.04354739E+2 4.04281804E-2 -6.20830145E+2 4.55174204E-3 2.23548710E+0 6.59546335E-3 4.25693393E+0 9.56922206E-3
07 31 2014 13 55 48 225 1.00000000E+2 0.00000000E+0 1.50000000E+2 5.13837400E+5 0.00000000E+0 6.04382992E+2 4.73825455E-2 -6.20876915E+2 4.67572494E-3 2.29033828E+0 4.74964956E-3 4.35212255E+0 1.54670562E-2
07 31 2014 13 55 52 230 1.00000000E+2 0.00000000E+0 1.00000000E+2 5.13841900E+5 0.00000000E+0 6.04362190E+2 3.44636510E-2 -6.20981324E+2 5.03769675E-3 2.09283829E+0 4.36616398E-3 4.53268737E+0 4.17729824E-2
07 31 2014 13 55 57 234 1.00000000E+2 0.00000000E+0 5.00000000E+1 5.13846400E+5 0.00000000E+0 6.04322374E+2 3.26428563E-2 -6.21025519E+2 4.17388872E-3 1.95049047E+0 4.27825096E-3 4.51568961E+0 3.87162293E-2
07 31 2014 13 56 01 239 1.00000000E+2 0.00000000E+0 0.00000000E+0 5.13850900E+5 0.00000000E+0 6.04257941E+2 4.68260082E-2 -6.21008291E+2 3.43631444E-3 1.88223720E+0 4.18910171E-3 4.45411801E+0 1.92266387E-2
07 31 2014 13 56 08 245 0.00000000E+0 0.00000000E+0 0.00000000E+0 5.13857200E+5 0.00000000E+0 6.04380786E+2 3.71582812E-2 -6.20631711E+2 3.15893939E-3 2.40053535E+0 3.48310115E-3 4.50869203E+0 1.50112863E-1
07 31 2014 13 56 12 250 0.00000000E+0 0.00000000E+0 5.00000000E+1 5.13861800E+5 0.00000000E+0 6.04352474E+2 4.52142531E-2 -6.20536196E+2 5.82912447E-3 2.44534612E+0 1.24311718E-2 4.82167006E+0 6.78098312E-2
07 31 2014 13 56 17 254 0.00000000E+0 0.00000000E+0 1.00000000E+2 5.13866300E+5 0.00000000E+0 6.04286373E+2 4.24003426E-2 -6.20443263E+2 3.22179938E-3 2.76706219E+0 6.20209171E-3 5.25154471E+0 2.83499820E-2
07 31 2014 13 56 21 259 0.00000000E+0 0.00000000E+0 1.50000000E+2 5.13870800E+5 0.00000000E+0 6.04252875E+2 4.48606472E-2 -6.20376284E+2 3.34385194E-3 3.05612087E+0 5.01431352E-3 5.30417562E+0 2.28189084E-2
07 31 2014 13 56 26 263 0.00000000E+0 0.00000000E+0 2.00000000E+2 5.13875300E+5 0.00000000E+0 6.04272485E+2 5.02937108E-2 -6.20395296E+2 3.97234937E-3 3.16817760E+0 4.76623789E-3 5.48379421E+0 2.76078171E-2
07 31 2014 13 56 30 268 0.00000000E+0 0.00000000E+0 2.50000000E+2 5.13879800E+5 0.00000000E+0 6.04293108E+2 3.58684551E-2 -6.20520227E+2 3.99332185E-3 3.22753191E+0 6.10729122E-3 5.44329882E+0 1.05240942E-2
07 31 2014 13 56 35 272 0.00000000E+0 0.00000000E+0 3.00000000E+2 5.13884400E+5 0.00000000E+0 6.04317069E+2 3.06031887E-2 -6.20724187E+2 4.88198846E-3 3.26598287E+0 3.61299800E-3 5.34382463E+0 6.54422199E-3
07 31 2014 13 56 39 277 0.00000000E+0 0.00000000E+0 3.50000000E+2 5.13888900E+5 0.00000000E+0 6.04309961E+2 2.28204850E-2 -6.20920876E+2 3.70798127E-3 3.46254557E+0 3.27900495E-3 5.07295132E+0 4.08941730E-3
07 31 2014 13 56 44 281 0.00000000E+0 0.00000000E+0 4.00000000E+2 5.13893400E+5 0.00000000E+0 6.04300857E+2 4.21949129E-2 -6.21008685E+2 6.47797802E-3 3.58347297E+0 6.54929451E-3 5.01629114E+0 1.68526647E-2
07 31 2014 13 56 48 286 0.00000000E+0 0.00000000E+0 4.50000000E+2 5.13897900E+5 0.00000000E+0 6.04343414E+2 4.38478495E-2 -6.20820343E+2 3.97559436E-3 3.77253443E+0 6.55972066E-3 5.00007719E+0 1.30884865E-2
07 31 2014 13 56 53 290 0.00000000E+0 0.00000000E+0 5.00000000E+2 5.13902400E+5 0.00000000E+0 6.04294360E+2 4.17712212E-2 -6.20166671E+2 4.16246123E-3 3.93577218E+0 6.79512488E-3 4.83959317E+0 1.29915660E-2
07 31 2014 13 56 57 295 0.00000000E+0 0.00000000E+0 5.50000000E+2 5.13906900E+5 0.00000000E+0 6.04326010E+2 3.84212659E-2 -6.18836117E+2 4.58716877E-3 4.06675935E+0 2.19757803E-2 4.58510518E+0 5.89376483E-2
07 31 2014 13 57 02 299 0.00000000E+0 0.00000000E+0 6.00000000E+2 5.13911500E+5 0.00000000E+0 6.04326367E+2 4.23647391E-2 -6.16551969E+2 3.76478834E-3 4.01051641E+0 1.50818052E-2 4.17280197E+0 2.75921971E-2
07 31 2014 13 57 06 304 0.00000000E+0 0.00000000E+0 6.50000000E+2 5.13916000E+5 0.00000000E+0 6.04330420E+2 2.97254273E-2 -6.12844260E+2 3.88350899E-3 3.70921493E+0 7.40051009E-3 3.57205272E+0 2.70894864E-2
07 31 2014 13 57 11 308 0.00000000E+0 0.00000000E+0 7.00000000E+2 5.13920500E+5 0.00000000E+0 6.04318559E+2 3.27252384E-2 -6.06939340E+2 4.29609124E-3 3.24426293E+0 5.30916827E-3 2.83054113E+0 1.74266780E-2
07 31 2014 13 57 15 313 0.00000000E+0 0.00000000E+0 7.50000000E+2 5.13925000E+5 0.00000000E+0 6.04307532E+2 5.29726844E-2 -5.97523682E+2 3.27759581E-3 2.77014375E+0 3.39237556E-3 1.81973577E+0 1.83030848E-2
07 31 2014 13 57 20 317 0.00000000E+0 0.00000000E+0 8.00000000E+2 5.13929500E+5 0.00000000E+0 6.04316592E+2 5.53298930E-2 -5.82633469E+2 4.04133557E-3 2.37428397E+0 6.02047729E-3 1.93417072E-1 3.18471955E-2
07 31 2014 13 57 24 322 0.00000000E+0 0.00000000E+0 8.50000000E+2 5.13934000E+5 0.00000000E+0 6.04325414E+2 4.49612780E-2 -5.59473915E+2 4.23843031E-3 2.09389925E+0 8.19824431E-3 -2.20334530E+0 3.20206285E-2
07 31 2014 13 57 29 326 0.00000000E+0 0.00000000E+0 9.00000000E+2 5.13938600E+5 0.00000000E+0 6.04349896E+2 5.23616429E-2 -5.24714392E+2 2.60551986E-3 2.09455937E+0 7.14738563E-3 -5.74273616E+0 5.18356749E-2
07 31 2014 13 57 33 331 0.00000000E+0 0.00000000E+0 9.50000000E+2 5.13943100E+5 0.00000000E+0 6.04316950E+2 4.61413630E-2 -4.75178685E+2 4.31276113E-3 2.30426192E+0 7.54297588E-3 -1.02297843E+1 4.85207980E-2
07 31 2014 13 57 38 335 0.00000000E+0 0.00000000E+0 1.00000000E+3 5.13947600E+5 0.00000000E+0 6.04330450E+2 5.80552504E-2 -4.10298631E+2 5.29343567E-3 2.54647434E+0 9.51873301E-3 -1.51948929E+1 1.79954036E-1
07 31 2014 13 57 43 340 0.00000000E+0 0.00000000E+0 1.05000000E+3 5.13952100E+5 0.00000000E+0 6.04333520E+2 4.89592910E-2 -3.33025175E+2 4.16726239E-3 2.89684534E+0 4.74754289E-3 -1.91585302E+1 8.03646474E-2
07 31 2014 13 57 47 344 0.00000000E+0 0.00000000E+0 1.10000000E+3 5.13956600E+5 0.00000000E+0 6.04324818E+2 3.85029397E-2 -2.50947195E+2 3.89104192E-3 3.50636244E+0 4.61152579E-3 -2.02955186E+1 6.40094152E-2
07 31 2014 13 57 52 349 0.00000000E+0 0.00000000E+0 1.15000000E+3 5.13961100E+5 0.00000000E+0 6.04304492E+2 3.04202590E-2 -1.73281747E+2 3.66148644E-3 4.09619212E+0 2.20092458E-3 -1.80633843E+1 2.89885515E-2
07 31 2014 13 57 56 353 0.00000000E+0 0.00000000E+0 1.20000000E+3 5.13965700E+5 0.00000000E+0 6.04331374E+2 3.51678570E-2 -1.07202452E+2 4.82036376E-3 4.62356210E+0 2.82680049E-3 -1.31364405E+1 2.38688052E-2
07 31 2014 13 58 01 358 0.00000000E+0 0.00000000E+0 1.25000000E+3 5.13970200E+5 0.00000000E+0 6.04329884E+2 4.21597568E-2 -5.50595224E+1 4.07627794E-3 5.29819727E+0 3.60533555E-3 -7.05600977E+0 2.54379417E-2
07 31 2014 13 58 07 364 -1.00000000E+2 0.00000000E+0 1.25000000E+3 5.13976500E+5 0.00000000E+0 6.04316652E+2 3.92076111E-2 -3.04460108E+1 4.42120663E-3 7.78959394E+0 4.75411967E-3 -9.84414876E+1 6.61081149E-3
07 31 2014 13 58 11 369 -1.00000000E+2 0.00000000E+0 1.20000000E+3 5.13981000E+5 0.00000000E+0 6.04319572E+2 3.20245991E-2 -7.90138781E+1 3.42423913E-3 6.35355711E+0 7.51566070E-3 -1.35525060E+2 5.90035598E-3
07 31 2014 13 58 16 373 -1.00000000E+2 0.00000000E+0 1.15000000E+3 5.13985500E+5 0.00000000E+0 6.04288876E+2 5.14371163E-2 -1.48822650E+2 4.28885690E-3 5.07974625E+0 4.48877458E-3 -1.71919748E+2 7.55688802E-3
07 31 2014 13 58 20 378 -1.00000000E+2 0.00000000E+0 1.10000000E+3 5.13990000E+5 0.00000000E+0 6.04309916E+2 3.70264575E-2 -2.42262679E+2 7.42885534E-3 3.18669081E+0 6.36754762E-3 -1.88367856E+2 1.67092718E-2
07 31 2014 13 58 25 382 -1.00000000E+2 0.00000000E+0 1.05000000E+3 5.13994600E+5 0.00000000E+0 6.04309365E+2 4.62351120E-2 -3.45650934E+2 4.85055724E-3 1.14651769E+0 7.17117202E-3 -1.79134496E+2 2.02145808E-2
07 31 2014 13 58 29 387 -1.00000000E+2 0.00000000E+0 1.00000000E+3 5.13999100E+5 0.00000000E+0 6.04309559E+2 4.20996176E-2 -4.38112895E+2 3.02972949E-3 7.49230385E-3 9.68177179E-3 -1.45810139E+2 2.36111984E-2
07 31 2014 13 58 34 391 -1.00000000E+2 0.00000000E+0 9.50000000E+2 5.14003600E+5 0.00000000E+0 6.04321182E+2 4.87590231E-2 -5.06791022E+2 3.41412443E-3 -1.23673677E-1 9.06209138E-3 -1.04995912E+2 5.27471064E-3
07 31 2014 13 58 39 396 -1.00000000E+2 0.00000000E+0 9.00000000E+2 5.14008100E+5 0.00000000E+0 6.04318798E+2 4.28826974E-2 -5.51888301E+2 5.15043325E-3 2.29352713E-1 7.39507074E-3 -6.84187472E+1 7.05479380E-3
07 31 2014 13 58 43 400 -1.00000000E+2 0.00000000E+0 8.50000000E+2 5.14012600E+5 0.00000000E+0 6.04326189E+2 4.49455966E-2 -5.79755898E+2 4.51643080E-3 4.84818220E-1 5.47386297E-3 -4.22271848E+1 5.48814014E-3
07 31 2014 13 58 48 405 -1.00000000E+2 0.00000000E+0 8.00000000E+2 5.14017100E+5 0.00000000E+0 6.04341447E+2 4.72587468E-2 -5.96100042E+2 3.81260975E-3 1.19038224E+0 4.92109781E-3 -2.43106127E+1 5.42074326E-3
07 31 2014 13 58 52 409 -1.00000000E+2 0.00000000E+0 7.50000000E+2 5.14021700E+5 0.00000000E+0 6.04340792E+2 5.45649944E-2 -6.05812986E+2 5.15662863E-3 1.89346671E+0 5.00297565E-3 -1.24880195E+1 9.32971486E-3
07 31 2014 13 58 57 414 -1.00000000E+2 0.00000000E+0 7.00000000E+2 5.14026200E+5 0.00000000E+0 6.04351223E+2 3.69102759E-2 -6.11793780E+2 4.25666170E-3 2.71442533E+0 3.88384620E-3 -5.10220528E+0 1.12042982E-2
07 31 2014 13 59 01 418 -1.00000000E+2 0.00000000E+0 6.50000000E+2 5.14030700E+5 0.00000000E+0 6.04359567E+2 3.96382799E-2 -6.15521688E+2 5.59456515E-3 3.30398083E+0 4.93207798E-3 -6.36428595E-1 8.92046052E-3
07 31 2014 13 59 06 423 -1.00000000E+2 0.00000000E+0 6.00000000E+2 5.14035200E+5 0.00000000E+0 6.04348853E+2 4.62515017E-2 -6.17810076E+2 4.11897796E-3 3.85548174E+0 5.55518274E-3 3.36918235E+0 4.49878865E-3
07 31 2014 13 59 10 427 -1.00000000E+2 0.00000000E+0 5.50000000E+2 5.14039700E+5 0.00000000E+0 6.04334235E+2 4.12646887E-2 -6.19412615E+2 5.11468996E-3 4.21097875E+0 4.94181554E-3 5.27814627E+0 6.39593345E-3
07 31 2014 13 59 15 432 -1.00000000E+2 0.00000000E+0 5.00000000E+2 5.14044300E+5 0.00000000E+0 6.04328364E+2 4.20813295E-2 -6.20330432E+2 2.89889117E-3 4.16520238E+0 4.06839725E-3 5.38252294E+0 5.82946427E-3
07 31 2014 13 59 19 437 -1.00000000E+2 0.00000000E+0 4.50000000E+2 5.14048800E+5 0.00000000E+0 6.04340613E+2 3.31746838E-2 -6.20641763E+2 4.59265116E-3 4.09049988E+0 3.96532309E-3 6.09458685E+0 5.52938788E-3
07 31 2014 13 59 24 441 -1.00000000E+2 0.00000000E+0 4.00000000E+2 5.14053300E+5 0.00000000E+0 6.04324102E+2 5.25156462E-2 -6.20522518E+2 4.28507134E-3 3.96481156E+0 3.81133812E-3 6.47286177E+0 7.37335691E-3
07 31 2014 13 59 28 446 -1.00000000E+2 0.00000000E+0 3.50000000E+2 5.14057800E+5 0.00000000E+0 6.04307353E+2 4.25000674E-2 -6.20311692E+2 4.13093545E-3 3.94427776E+0 6.09484817E-3 6.34216070E+0 6.85033462E-3
07 31 2014 13 59 33 450 -1.00000000E+2 0.00000000E+0 3.00000000E+2 5.14062300E+5 0.00000000E+0 6.04307413E+2 3.95194622E-2 -6.20091577E+2 2.87998757E-3 3.79971862E+0 6.12218643E-3 5.98692894E+0 5.57251840E-3
07 31 2014 13 59 37 455 -1.00000000E+2 0.00000000E+0 2.50000000E+2 5.14066800E+5 0.00000000E+0 6.04305923E+2 4.36951026E-2 -6.19881575E+2 4.12898825E-3 3.70170474E+0 5.94806322E-3 5.52086830E+0 6.75251802E-3
07 31 2014 13 59 42 459 -1.00000000E+2 0.00000000E+0 2.00000000E+2 5.14071400E+5 0.00000000E+0 6.04287684E+2 4.03311370E-2 -6.19713018E+2 5.61231407E-3 3.62062454E+0 4.66097170E-3 5.16574979E+0 5.84969681E-3
07 31 2014 13 59 46 464 -1.00000000E+2 0.00000000E+0 1.50000000E+2 5.14075900E+5 0.00000000E+0 6.04268014E+2 4.68165301E-2 -6.19766846E+2 4.70195350E-3 3.60257924E+0 3.42357651E-3 4.97128069E+0 4.60172049E-3
07 31 2014 13 59 51 468 -1.00000000E+2 0.00000000E+0 1.00000000E+2 5.14080400E+5 0.00000000E+0 6.04298711E+2 3.32652494E-2 -6.20011165E+2 5.09706476E-3 3.17440033E+0 4.11385241E-3 5.08238077E+0 6.10378766E-3
07 31 2014 13 59 55 473 -1.00000000E+2 0.00000000E+0 5.00000000E+1 5.14084900E+5 0.00000000E+0 6.04359359E+2 3.78574746E-2 -6.20220178E+2 3.83731475E-3 2.87828594E+0 3.93817139E-3 5.26952744E+0 5.31161779E-3
07 31 2014 14 00 00 477 -1.00000000E+2 0.00000000E+0 0.00000000E+0 5.14089400E+5 0.00000000E+0 6.04356766E+2 3.51012259E-2 -6.20379229E+2 3.53118508E-3 2.73877382E+0 4.02951901E-3 5.75631261E+0 6.10226495E-3
07 31 2014 14 00 06 483 0.00000000E+0 0.00000000E+0 0.00000000E+0 5.14095700E+5 0.00000000E+0 6.04287028E+2 4.12229791E-2 -6.20653210E+2 3.86752393E-3 2.37943530E+0 5.65158644E-3 4.78352308E+0 2.15720081E-1
