Month Day Year Hour Minute Second Time_s x y z Current CurrentError 1Axis 1AxisError Bx BxError By ByError Bz BzError
07 31 2014 14 58 43 11 1.00000000E+2 0.00000000E+0 0.00000000E+0 5.17612300E+5 0.00000000E+0 3.03614140E+0 3.22222743E-2 -2.24924088E+0 2.20660091E-3 -3.71813774E-2 2.15893741E-3 1.96827650E+0 3.95654253E-3
07 31 2014 14 58 47 15 1.00000000E+2 0.00000000E+0 5.00000000E+1 5.17616800E+5 0.00000000E+0 3.07440758E+0 3.20059095E-2 -2.30523944E+0 2.88494129E-3 -8.78393650E-2 3.27160951E-3 1.91679597E+0 4.07297386E-3
07 31 2014 14 58 52 20 1.00000000E+2 0.00000000E+0 1.00000000E+2 5.17621300E+5 0.00000000E+0 3.10242176E+0 2.68614491E-2 -2.36402154E+0 3.42069881E-3 -1.27840042E-1 1.81590656E-3 1.96461678E+0 3.00818435E-3
07 31 2014 14 58 56 24 1.00000000E+2 0.00000000E+0 1.50000000E+2 5.17625900E+5 0.00000000E+0 3.16888094E+0 3.16200430E-2 -2.29610205E+0 2.26576889E-3 -9.68873501E-2 1.98869763E-3 2.08023787E+0 3.02076384E-3
07 31 2014 14 59 01 29 1.00000000E+2 0.00000000E+0 2.00000000E+2 5.17630400E+5 0.00000000E+0 3.15450132E+0 2.20035883E-2 -2.25206465E+0 2.95123256E-3 -7.10412860E-2 2.04515746E-3 2.06436962E+0 3.68206055E-3
07 31 2014 14 59 05 33 1.00000000E+2 0.00000000E+0 2.50000000E+2 5.17634900E+5 0.00000000E+0 3.11309099E+0 2.61359830E-2 -2.30458379E+0 2.31280736E-3 -1.06728077E-1 2.53887655E-3 2.03362107E+0 3.37216378E-3
07 31 2014 14 59 10 38 1.00000000E+2 0.00000000E+0 3.00000000E+2 5.17639400E+5 0.00000000E+0 3.11061740E+0 3.05878896E-2 -2.33842432E+0 2.85003293E-3 -9.37581062E-2 1.73953001E-3 2.15462595E+0 3.02008957E-3
07 31 2014 14 59 14 42 1.00000000E+2 0.00000000E+0 3.50000000E+2 5.17643900E+5 0.00000000E+0 3.09956074E+0 2.90303896E-2 -2.23247409E+0 2.27807312E-3 -4.82499599E-2 2.91485990E-3 2.30158567E+0 3.20710422E-3
07 31 2014 14 59 19 47 1.00000000E+2 0.00000000E+0 4.00000000E+2 5.17648400E+5 0.00000000E+0 3.11148167E+0 2.88961061E-2 -2.15830207E+0 2.83957771E-3 -2.26855278E-2 2.47684299E-3 2.33806372E+0 2.83262206E-3
07 31 2014 14 59 23 51 1.00000000E+2 0.00000000E+0 4.50000000E+2 5.17653000E+5 0.00000000E+0 3.12757492E+0 3.56190285E-2 -2.18159556E+0 2.87834864E-3 -6.43908978E-2 2.09828134E-3 2.36284733E+0 4.09077051E-3
07 31 2014 14 59 28 56 1.00000000E+2 0.00000000E+0 5.00000000E+2 5.17657500E+5 0.00000000E+0 3.12471390E+0 1.49123250E-2 -2.17676759E+0 3.32337005E-3 -5.80966473E-2 2.20262307E-3 2.52678990E+0 2.67508883E-3
07 31 2014 14 59 32 60 1.00000000E+2 0.00000000E+0 5.50000000E+2 5.17662000E+5 0.00000000E+0 3.11517715E+0 2.13093680E-2 -2.04684734E+0 3.08507416E-3 -2.03371048E-2 1.62598196E-3 2.76799202E+0 3.23762654E-3
07 31 2014 14 59 37 65 1.00000000E+2 0.00000000E+0 6.00000000E+2 5.17666500E+5 0.00000000E+0 3.10975313E+0 3.33029452E-2 -1.93471313E+0 2.62530515E-3 -3.08156013E-3 2.16943497E-3 2.97138095E+0 3.35058028E-3
07 31 2014 14 59 41 69 1.00000000E+2 0.00000000E+0 6.50000000E+2 5.17671000E+5 0.00000000E+0 3.13766301E+0 2.25868051E-2 -1.89343840E+0 2.14652593E-3 -2.22623348E-2 1.52133972E-3 3.28572839E+0 2.86886635E-3
07 31 2014 14 59 46 74 1.00000000E+2 0.00000000E+0 7.00000000E+2 5.17675500E+5 0.00000000E+0 3.12113762E+0 1.86154622E-2 -1.79942250E+0 2.73109251E-3 1.15990639E-2 2.38139215E-3 3.86908650E+0 2.51691527E-3
07 31 2014 14 59 50 78 1.00000000E+2 0.00000000E+0 7.50000000E+2 5.17680100E+5 0.00000000E+0 3.12238932E+0 2.33662371E-2 -1.48054212E+0 2.47340125E-3 1.11855567E-1 2.65660026E-3 4.73130494E+0 2.31624958E-3
07 31 2014 14 59 55 83 1.00000000E+2 0.00000000E+0 8.00000000E+2 5.17684600E+5 0.00000000E+0 3.12972069E+0 2.80995553E-2 -9.65839624E-1 2.34511479E-3 2.41428614E-1 2.41159538E-3 5.84362745E+0 4.44980973E-3
07 31 2014 14 59 59 88 1.00000000E+2 0.00000000E+0 8.50000000E+2 5.17689100E+5 0.00000000E+0 3.13773751E+0 1.87219318E-2 -2.14107335E-1 2.75558962E-3 3.88585031E-1 2.17763702E-3 7.38752633E+0 2.94440309E-3
07 31 2014 15 00 04 92 1.00000000E+2 0.00000000E+0 9.00000000E+2 5.17693600E+5 0.00000000E+0 3.13353539E+0 2.93468504E-2 1.14371777E+0 3.70884200E-3 6.49452209E-1 1.67563890E-3 9.63428020E+0 3.18926039E-3
07 31 2014 15 00 09 97 1.00000000E+2 0.00000000E+0 9.50000000E+2 5.17698100E+5 0.00000000E+0 3.12322378E+0 2.69197893E-2 3.50081325E+0 3.18195264E-3 1.04596019E+0 1.81173146E-3 1.26103878E+1 3.18357999E-3
07 31 2014 15 00 13 101 1.00000000E+2 0.00000000E+0 1.00000000E+3 5.17702600E+5 0.00000000E+0 3.13532352E+0 2.52226598E-2 7.08825588E+0 3.34690060E-3 1.53439641E+0 2.70528238E-3 1.61431372E+1 4.45544956E-3
07 31 2014 15 00 18 106 1.00000000E+2 0.00000000E+0 1.05000000E+3 5.17707200E+5 0.00000000E+0 3.13156843E+0 2.16674416E-2 1.21860564E+1 3.01837976E-3 2.11929083E+0 2.10490981E-3 2.00798273E+1 4.76187339E-3
07 31 2014 15 00 22 110 1.00000000E+2 0.00000000E+0 1.10000000E+3 5.17711700E+5 0.00000000E+0 3.14211845E+0 2.35756011E-2 1.89641297E+1 3.02204490E-3 2.83791423E+0 3.14549805E-3 2.40581095E+1 5.29537258E-3
07 31 2014 15 00 27 115 1.00000000E+2 0.00000000E+0 1.15000000E+3 5.17716200E+5 0.00000000E+0 3.12954187E+0 2.67927947E-2 2.70247877E+1 2.61125063E-3 3.60782146E+0 2.45814064E-3 2.74510920E+1 4.09925900E-3
07 31 2014 15 00 31 119 1.00000000E+2 0.00000000E+0 1.20000000E+3 5.17720700E+5 0.00000000E+0 3.12760472E+0 2.25002600E-2 3.57154682E+1 3.49684252E-3 4.38615680E+0 3.34763798E-3 2.99829692E+1 3.21109940E-3
07 31 2014 15 00 36 124 1.00000000E+2 0.00000000E+0 1.25000000E+3 5.17725200E+5 0.00000000E+0 3.14837694E+0 2.44167773E-2 4.46039081E+1 2.96402590E-3 5.19776940E+0 2.43031738E-3 3.18658829E+1 3.77872566E-3
07 31 2014 15 00 38 126 1.00000000E+2 0.00000000E+0 1.25000000E+3 5.17727400E+5 0.00000000E+0 3.14481556E+0 2.17055588E-2 4.46018726E+1 3.36496244E-3 5.19887358E+0 3.51474562E-3 3.18600237E+1 2.33824496E-3
07 31 2014 15 00 42 130 1.00000000E+2 0.00000000E+0 1.20000000E+3 5.17732000E+5 0.00000000E+0 3.13222408E+0 2.89131843E-2 3.57161224E+1 2.77542678E-3 4.39625978E+0 3.77636951E-3 2.99758017E+1 3.77327359E-3
07 31 2014 15 00 47 135 1.00000000E+2 0.00000000E+0 1.15000000E+3 5.17736500E+5 0.00000000E+0 3.13237309E+0 2.87122860E-2 2.70381570E+1 2.24586421E-3 3.62087786E+0 2.66306723E-3 2.74645314E+1 4.33529048E-3
07 31 2014 15 00 51 139 1.00000000E+2 0.00000000E+0 1.10000000E+3 5.17741000E+5 0.00000000E+0 3.12739611E+0 3.34154975E-2 1.89743996E+1 3.21332498E-3 2.85590291E+0 2.89596456E-3 2.40740180E+1 3.82204274E-3
07 31 2014 15 00 56 144 1.00000000E+2 0.00000000E+0 1.05000000E+3 5.17745500E+5 0.00000000E+0 3.13812494E+0 2.82378257E-2 1.21965945E+1 3.12766146E-3 2.13939548E+0 1.90871082E-3 2.00890958E+1 4.56522759E-3
07 31 2014 15 01 00 148 1.00000000E+2 0.00000000E+0 1.00000000E+3 5.17750000E+5 0.00000000E+0 3.11702490E+0 3.66487579E-2 7.09487200E+0 2.66360782E-3 1.55847073E+0 2.16118809E-3 1.61650240E+1 6.15522942E-3
07 31 2014 15 01 05 153 1.00000000E+2 0.00000000E+0 9.50000000E+2 5.17754500E+5 0.00000000E+0 3.12530994E+0 2.67682874E-2 3.49701643E+0 2.95411765E-3 1.07374787E+0 1.38258705E-3 1.26243472E+1 5.44778834E-3
07 31 2014 15 01 09 157 1.00000000E+2 0.00000000E+0 9.00000000E+2 5.17759100E+5 0.00000000E+0 3.12626362E+0 3.39330694E-2 1.12407207E+0 2.68305241E-3 6.78002834E-1 2.25670591E-3 9.64671969E+0 4.00699197E-3
07 31 2014 15 01 14 162 1.00000000E+2 0.00000000E+0 8.50000000E+2 5.17763600E+5 0.00000000E+0 3.14152241E+0 2.63089030E-2 -2.27791071E-1 3.24359854E-3 4.20993567E-1 2.62615970E-3 7.40056634E+0 2.57525613E-3
07 31 2014 15 01 18 167 1.00000000E+2 0.00000000E+0 8.00000000E+2 5.17768100E+5 0.00000000E+0 3.13729048E+0 2.13492267E-2 -9.83700156E-1 2.38453346E-3 2.67542899E-1 1.91018705E-3 5.84729761E+0 3.14004864E-3
07 31 2014 15 01 23 171 1.00000000E+2 0.00000000E+0 7.50000000E+2 5.17772600E+5 0.00000000E+0 3.13991308E+0 3.01217851E-2 -1.49914026E+0 2.13496938E-3 1.41787529E-1 1.88938263E-3 4.73647118E+0 3.38688676E-3
07 31 2014 15 01 28 176 1.00000000E+2 0.00000000E+0 7.00000000E+2 5.17777100E+5 0.00000000E+0 3.13036144E+0 3.12576024E-2 -1.80993229E+0 2.16782620E-3 3.34829092E-2 2.35132580E-3 3.86507809E+0 2.87749101E-3
07 31 2014 15 01 32 180 1.00000000E+2 0.00000000E+0 6.50000000E+2 5.17781700E+5 0.00000000E+0 3.13878059E+0 3.32056130E-2 -1.92015767E+0 2.46181197E-3 -4.18424606E-3 1.69291330E-3 3.30473185E+0 2.79755101E-3
07 31 2014 15 01 37 185 1.00000000E+2 0.00000000E+0 6.00000000E+2 5.17786200E+5 0.00000000E+0 3.14220786E+0 3.12467082E-2 -1.96717680E+0 1.69700610E-3 6.16163015E-3 2.20702245E-3 2.99866498E+0 2.75744770E-3
07 31 2014 15 01 41 189 1.00000000E+2 0.00000000E+0 5.50000000E+2 5.17790700E+5 0.00000000E+0 3.12852859E+0 2.55862596E-2 -2.07446218E+0 2.39772310E-3 -6.45518303E-3 1.76064578E-3 2.78580189E+0 2.83423228E-3
07 31 2014 15 01 46 194 1.00000000E+2 0.00000000E+0 5.00000000E+2 5.17795200E+5 0.00000000E+0 3.12751532E+0 3.33303335E-2 -2.20022202E+0 2.19797458E-3 -4.92453575E-2 2.18681892E-3 2.53493190E+0 3.09134088E-3
07 31 2014 15 01 50 198 1.00000000E+2 0.00000000E+0 4.50000000E+2 5.17799700E+5 0.00000000E+0 3.13335657E+0 2.47544597E-2 -2.19995379E+0 1.99343080E-3 -4.91857529E-2 2.52922495E-3 2.37194896E+0 3.05967726E-3
07 31 2014 15 01 55 203 1.00000000E+2 0.00000000E+0 4.00000000E+2 5.17804200E+5 0.00000000E+0 3.12465429E+0 3.14121508E-2 -2.17663050E+0 2.56956461E-3 -3.04341316E-2 2.70019740E-3 2.34238505E+0 3.66148644E-3
07 31 2014 15 01 59 207 1.00000000E+2 0.00000000E+0 3.50000000E+2 5.17808800E+5 0.00000000E+0 3.14277411E+0 3.82062861E-2 -2.27438807E+0 1.94903783E-3 -4.81486320E-2 2.24920312E-3 2.29633451E+0 2.61245336E-3
07 31 2014 15 02 04 212 1.00000000E+2 0.00000000E+0 3.00000000E+2 5.17813300E+5 0.00000000E+0 3.15004587E+0 2.83303790E-2 -2.37017870E+0 2.62958223E-3 -9.79900360E-2 1.91790708E-3 2.15933323E+0 3.03102181E-3
07 31 2014 15 02 08 216 1.00000000E+2 0.00000000E+0 2.50000000E+2 5.17817800E+5 0.00000000E+0 3.16095352E+0 2.14764864E-2 -2.34156847E+0 2.71026124E-3 -8.91208649E-2 1.78976988E-3 2.06648707E+0 3.02926312E-3
07 31 2014 15 02 13 221 1.00000000E+2 0.00000000E+0 2.00000000E+2 5.17822300E+5 0.00000000E+0 3.16870213E+0 2.65995492E-2 -2.28960514E+0 2.49828089E-3 -5.24938107E-2 2.62667230E-3 2.08813548E+0 2.62445032E-3
07 31 2014 15 02 17 225 1.00000000E+2 0.00000000E+0 1.50000000E+2 5.17826800E+5 0.00000000E+0 3.18504870E+0 2.76511380E-2 -2.33790278E+0 1.92145259E-3 -5.93215227E-2 1.85746028E-3 2.10797787E+0 2.41615792E-3
07 31 2014 15 02 22 230 1.00000000E+2 0.00000000E+0 1.00000000E+2 5.17831400E+5 0.00000000E+0 3.15719843E+0 2.84357854E-2 -2.41789222E+0 2.77229897E-3 -8.57770443E-2 1.88028553E-3 1.99044347E+0 3.34959794E-3
07 31 2014 15 02 26 234 1.00000000E+2 0.00000000E+0 5.00000000E+1 5.17835900E+5 0.00000000E+0 3.11560929E+0 1.97132845E-2 -2.36555189E+0 2.32980978E-3 -6.81728125E-2 2.18422086E-3 1.92841887E+0 3.22981652E-3
07 31 2014 15 02 31 239 1.00000000E+2 0.00000000E+0 0.00000000E+0 5.17840400E+5 0.00000000E+0 3.07804346E+0 2.99499644E-2 -2.31007934E+0 2.59573735E-3 -2.17080116E-2 2.53350925E-3 1.98037624E+0 3.57991586E-3
07 31 2014 15 02 37 245 0.00000000E+0 0.00000000E+0 0.00000000E+0 5.17846700E+5 0.00000000E+0 3.18759680E+0 2.57380355E-2 -2.22811103E+0 2.18304487E-3 4.61757183E-2 2.34887521E-3 1.92589164E+0 3.25538331E-3
07 31 2014 15 02 42 250 0.00000000E+0 0.00000000E+0 5.00000000E+1 5.17851200E+5 0.00000000E+0 3.17549706E+0 2.31756440E-2 -2.22297311E+0 2.05178364E-3 2.94566154E-2 1.88522146E-3 1.97364092E+0 3.06154063E-3
07 31 2014 15 02 46 254 0.00000000E+0 0.00000000E+0 1.00000000E+2 5.17855700E+5 0.00000000E+0 3.12048197E+0 4.05519594E-2 -2.22337246E+0 2.47500027E-3 2.80857086E-2 2.39745014E-3 2.01111436E+0 3.74054421E-3
07 31 2014 15 02 51 259 0.00000000E+0 0.00000000E+0 1.50000000E+2 5.17860200E+5 0.00000000E+0 3.10623646E+0 3.34661007E-2 -2.19655037E+0 3.01974851E-3 3.83615494E-2 2.10693423E-3 2.03937292E+0 2.78887525E-3
07 31 2014 15 02 55 263 0.00000000E+0 0.00000000E+0 2.00000000E+2 5.17864800E+5 0.00000000E+0 3.09902430E+0 3.29870254E-2 -2.17229724E+0 2.85539026E-3 4.38868999E-2 2.12343872E-3 2.06410289E+0 3.34535270E-3
07 31 2014 15 03 00 268 0.00000000E+0 0.00000000E+0 2.50000000E+2 5.17869300E+5 0.00000000E+0 3.13663483E+0 4.03751109E-2 -2.16090679E+0 2.61689436E-3 3.37302685E-2 1.74151031E-3 2.10001469E+0 3.44278236E-3
07 31 2014 15 03 04 272 0.00000000E+0 0.00000000E+0 3.00000000E+2 5.17873800E+5 0.00000000E+0 3.12767923E+0 2.62827648E-2 -2.12627649E+0 2.47235966E-3 4.13581729E-2 2.54727640E-3 2.12731212E+0 3.50327113E-3
07 31 2014 15 03 09 277 0.00000000E+0 0.00000000E+0 3.50000000E+2 5.17878300E+5 0.00000000E+0 3.14307213E+0 3.57050178E-2 -2.06812024E+0 2.44375983E-3 6.04689121E-2 1.97662594E-3 2.17670798E+0 3.43165755E-3
07 31 2014 15 03 13 281 0.00000000E+0 0.00000000E+0 4.00000000E+2 5.17882800E+5 0.00000000E+0 3.13058496E+0 2.72078501E-2 -2.00796127E+0 2.38498039E-3 7.44685531E-2 1.55412753E-3 2.24655122E+0 2.80314039E-3
07 31 2014 15 03 18 286 0.00000000E+0 0.00000000E+0 4.50000000E+2 5.17887400E+5 0.00000000E+0 3.15022469E+0 3.68310102E-2 -1.95088983E+0 1.95876078E-3 7.19487667E-2 2.78806387E-3 2.32165456E+0 4.86656695E-3
07 31 2014 15 03 22 290 0.00000000E+0 0.00000000E+0 5.00000000E+2 5.17891900E+5 0.00000000E+0 3.12507153E+0 2.58732680E-2 -1.85958296E+0 2.69272957E-3 9.05990601E-2 1.52910408E-3 2.40691751E+0 1.95722087E-3
07 31 2014 15 03 27 295 0.00000000E+0 0.00000000E+0 5.50000000E+2 5.17896400E+5 0.00000000E+0 3.13544273E+0 4.29686416E-2 -1.73118711E+0 2.87247002E-3 1.18780136E-1 1.98550766E-3 2.52851844E+0 2.82441819E-3
07 31 2014 15 03 31 299 0.00000000E+0 0.00000000E+0 6.00000000E+2 5.17900900E+5 0.00000000E+0 3.14062834E+0 3.48185548E-2 -1.54318213E+0 3.03291511E-3 1.33824348E-1 2.52360004E-3 2.70416737E+0 4.25769475E-3
07 31 2014 15 03 36 304 0.00000000E+0 0.00000000E+0 6.50000000E+2 5.17905400E+5 0.00000000E+0 3.15481424E+0 2.94818081E-2 -1.29628778E+0 2.29807854E-3 1.59996748E-1 2.45566720E-3 2.95743942E+0 3.06732511E-3
07 31 2014 15 03 40 308 0.00000000E+0 0.00000000E+0 7.00000000E+2 5.17909900E+5 0.00000000E+0 3.14062834E+0 2.82933940E-2 -9.30392742E-1 2.42989419E-3 2.13372707E-1 1.42731854E-3 3.29265594E+0 3.11955018E-3
07 31 2014 15 03 45 313 0.00000000E+0 0.00000000E+0 7.50000000E+2 5.17914500E+5 0.00000000E+0 3.13317776E+0 2.64986937E-2 -3.54671478E-1 2.55751490E-3 3.10999155E-1 2.29018879E-3 3.72204185E+0 2.79219209E-3
07 31 2014 15 03 49 317 0.00000000E+0 0.00000000E+0 8.00000000E+2 5.17919000E+5 0.00000000E+0 3.14807892E+0 3.20866637E-2 5.06722927E-1 2.42712234E-3 4.47881222E-1 2.71560970E-3 4.29613590E+0 3.65721977E-3
07 31 2014 15 03 54 322 0.00000000E+0 0.00000000E+0 8.50000000E+2 5.17923500E+5 0.00000000E+0 3.15874815E+0 2.80298196E-2 1.79790705E+0 2.40691349E-3 6.36279583E-1 2.23317322E-3 5.01314551E+0 2.71201134E-3
07 31 2014 15 03 58 326 0.00000000E+0 0.00000000E+0 9.00000000E+2 5.17928000E+5 0.00000000E+0 3.13490629E+0 2.88001120E-2 3.75615358E+0 2.83631628E-3 9.16785002E-1 2.15080677E-3 5.86836338E+0 3.79117502E-3
07 31 2014 15 04 03 331 0.00000000E+0 0.00000000E+0 9.50000000E+2 5.17932500E+5 0.00000000E+0 3.17327678E+0 3.48245376E-2 6.61213696E+0 3.50317817E-3 1.30539387E+0 2.67091555E-3 6.89256936E+0 4.17957782E-3
07 31 2014 15 04 07 335 0.00000000E+0 0.00000000E+0 1.00000000E+3 5.17937100E+5 0.00000000E+0 3.15880775E+0 2.58746170E-2 1.05515301E+1 3.19012213E-3 1.80398226E+0 2.24953563E-3 8.01963210E+0 6.11866696E-3
07 31 2014 15 04 12 340 0.00000000E+0 0.00000000E+0 1.05000000E+3 5.17941600E+5 0.00000000E+0 3.15681100E+0 3.56058146E-2 1.57203898E+1 3.00546731E-3 2.40511447E+0 1.89687353E-3 9.26379859E+0 5.22419212E-3
07 31 2014 15 04 16 344 0.00000000E+0 0.00000000E+0 1.10000000E+3 5.17946100E+5 0.00000000E+0 3.13401222E+0 2.24357624E-2 2.20793486E+1 2.61689436E-3 3.13561559E+0 2.57031402E-3 1.05715871E+1 3.48774168E-3
07 31 2014 15 04 21 349 0.00000000E+0 0.00000000E+0 1.15000000E+3 5.17950600E+5 0.00000000E+0 3.16047668E+0 3.42426643E-2 2.94690192E+1 2.48238554E-3 3.93066406E+0 2.89030939E-3 1.18886173E+1 3.87567233E-3
07 31 2014 15 04 26 354 0.00000000E+0 0.00000000E+0 1.20000000E+3 5.17955100E+5 0.00000000E+0 3.14587355E+0 2.64997522E-2 3.75439584E+1 2.71576807E-3 4.81626391E+0 2.46223728E-3 1.32702291E+1 4.99570472E-3
07 31 2014 15 04 30 358 0.00000000E+0 0.00000000E+0 1.25000000E+3 5.17959600E+5 0.00000000E+0 3.16017866E+0 2.19997285E-2 4.59460557E+1 3.30033465E-3 5.72586656E+0 2.58337545E-3 1.46663666E+1 4.89230717E-3
07 31 2014 15 04 36 364 -1.00000000E+2 0.00000000E+0 1.25000000E+3 5.17966000E+5 0.00000000E+0 3.15004587E+0 2.47544597E-2 4.70127344E+1 4.01462370E-3 5.91864586E+0 3.23073496E-3 -2.30908990E+0 6.43619485E-3
07 31 2014 15 04 41 369 -1.00000000E+2 0.00000000E+0 1.20000000E+3 5.17970500E+5 0.00000000E+0 3.15666199E+0 3.51531792E-2 3.80668700E+1 2.77838955E-3 4.96194363E+0 2.47397258E-3 -2.67232060E+0 3.12119808E-3
07 31 2014 15 04 45 373 -1.00000000E+2 0.00000000E+0 1.15000000E+3 5.17975000E+5 0.00000000E+0 3.15642357E+0 3.41398510E-2 2.98753440E+1 3.64124842E-3 3.90000343E+0 4.62462828E-3 -2.90668607E+0 4.99339855E-3
07 31 2014 15 04 50 378 -1.00000000E+2 0.00000000E+0 1.10000000E+3 5.17979500E+5 0.00000000E+0 3.15554440E+0 2.62674408E-2 2.19964385E+1 2.97752894E-3 3.02513689E+0 2.27175032E-3 -2.25988775E+0 3.74899317E-3
07 31 2014 15 04 54 382 -1.00000000E+2 0.00000000E+0 1.05000000E+3 5.17984000E+5 0.00000000E+0 3.15356255E+0 2.95221815E-2 1.53667569E+1 2.96604393E-3 2.25893855E+0 2.42069642E-3 -1.10561848E+0 9.22746207E-3
07 31 2014 15 04 59 387 -1.00000000E+2 0.00000000E+0 1.00000000E+3 5.17988500E+5 0.00000000E+0 3.15725803E+0 3.00602875E-2 1.02460608E+1 4.68867352E-3 1.62389129E+0 2.21195345E-3 6.55353069E-2 2.94569990E-3
07 31 2014 15 05 03 391 -1.00000000E+2 0.00000000E+0 9.50000000E+2 5.17993100E+5 0.00000000E+0 3.16178799E+0 4.03964088E-2 6.51077032E+0 2.49968759E-3 1.23404264E+0 2.67705226E-3 1.04299784E+0 3.85411890E-3
07 31 2014 15 05 08 396 -1.00000000E+2 0.00000000E+0 9.00000000E+2 5.17997600E+5 0.00000000E+0 3.15614045E+0 2.54671845E-2 3.71602178E+0 2.95148335E-3 9.00812447E-1 2.17905049E-3 1.84711814E+0 2.81310350E-3
07 31 2014 15 05 12 401 -1.00000000E+2 0.00000000E+0 8.50000000E+2 5.18002100E+5 0.00000000E+0 3.14563513E+0 3.14801752E-2 1.88122988E+0 2.33758380E-3 6.52635098E-1 2.28457282E-3 2.38386393E+0 2.89741696E-3
07 31 2014 15 05 17 405 -1.00000000E+2 0.00000000E+0 8.00000000E+2 5.18006600E+5 0.00000000E+0 3.15356255E+0 2.04854587E-2 7.62683153E-1 1.86101378E-3 5.20086288E-1 2.87864096E-3 2.47128606E+0 3.63298165E-3
07 31 2014 15 05 22 410 -1.00000000E+2 0.00000000E+0 7.50000000E+2 5.18011100E+5 0.00000000E+0 3.15117836E+0 4.18215504E-2 -9.36627388E-2 3.43440810E-3 4.13841009E-1 1.93556004E-3 2.42509246E+0 2.82054928E-3
07 31 2014 15 05 26 414 -1.00000000E+2 0.00000000E+0 7.00000000E+2 5.18015600E+5 0.00000000E+0 3.15600634E+0 1.82743357E-2 -7.55447149E-1 2.61067771E-3 2.81393528E-1 2.01582651E-3 2.46301293E+0 3.04757748E-3
07 31 2014 15 05 31 419 -1.00000000E+2 0.00000000E+0 6.50000000E+2 5.18020200E+5 0.00000000E+0 3.14396620E+0 3.14050068E-2 -1.11885667E+0 2.64822473E-3 1.80798769E-1 2.48383135E-3 2.45891809E+0 3.26580325E-3
07 31 2014 15 05 35 423 -1.00000000E+2 0.00000000E+0 6.00000000E+2 5.18024700E+5 0.00000000E+0 3.15141678E+0 3.40692339E-2 -1.35008693E+0 2.65809142E-3 2.19303370E-1 2.29605978E-3 2.28783488E+0 3.00954532E-3
07 31 2014 15 05 40 428 -1.00000000E+2 0.00000000E+0 5.50000000E+2 5.18029200E+5 0.00000000E+0 3.16813588E+0 2.85567837E-2 -1.66777521E+0 2.91245600E-3 2.10180879E-1 1.86763334E-3 2.20865011E+0 3.38940333E-3
07 31 2014 15 05 44 432 -1.00000000E+2 0.00000000E+0 5.00000000E+2 5.18033700E+5 0.00000000E+0 3.16518545E+0 3.02748488E-2 -1.89015269E+0 2.20146824E-3 1.90150738E-1 2.04763290E-3 2.23142505E+0 3.40825680E-3
07 31 2014 15 05 49 437 -1.00000000E+2 0.00000000E+0 4.50000000E+2 5.18038200E+5 0.00000000E+0 3.14988196E+0 2.37092413E-2 -1.98260695E+0 2.81182977E-3 1.84439123E-1 2.01093917E-3 2.28734314E+0 3.78774895E-3
07 31 2014 15 05 53 441 -1.00000000E+2 0.00000000E+0 4.00000000E+2 5.18042800E+5 0.00000000E+0 3.15237045E+0 2.98622432E-2 -1.93541050E+0 2.70304894E-3 2.08938122E-1 2.03928773E-3 2.12749243E+0 2.78393624E-3
07 31 2014 15 05 58 446 -1.00000000E+2 0.00000000E+0 3.50000000E+2 5.18047300E+5 0.00000000E+0 3.14198434E+0 2.91992807E-2 -2.03518569E+0 2.66555632E-3 2.00077891E-1 2.33312406E-3 2.00231373E+0 4.02752779E-3
07 31 2014 15 06 02 450 -1.00000000E+2 0.00000000E+0 3.00000000E+2 5.18051800E+5 0.00000000E+0 3.14342976E+0 2.71505880E-2 -2.19150186E+0 1.95891351E-3 1.64359808E-1 2.41221559E-3 2.01948881E+0 3.60939935E-3
07 31 2014 15 06 07 455 -1.00000000E+2 0.00000000E+0 2.50000000E+2 5.18056300E+5 0.00000000E+0 3.13758850E+0 2.78256572E-2 -2.27554440E+0 2.95674328E-3 1.12348795E-1 3.02704016E-3 2.11846232E+0 3.05287397E-3
07 31 2014 15 06 11 459 -1.00000000E+2 0.00000000E+0 2.00000000E+2 5.18060800E+5 0.00000000E+0 3.11797857E+0 3.21050150E-2 -2.19284892E+0 2.14279363E-3 1.20246410E-1 2.11419899E-3 2.03979611E+0 3.12670477E-3
07 31 2014 15 06 16 464 -1.00000000E+2 0.00000000E+0 1.50000000E+2 5.18065300E+5 0.00000000E+0 3.11982632E+0 3.10640768E-2 -2.19631195E+0 1.89199353E-3 1.54489279E-1 2.00017304E-3 1.96009278E+0 2.65279616E-3
07 31 2014 15 06 20 468 -1.00000000E+2 0.00000000E+0 1.00000000E+2 5.18069900E+5 0.00000000E+0 3.12864780E+0 3.46268995E-2 -2.27515697E+0 2.30909348E-3 1.20234489E-1 1.70852543E-3 2.02555060E+0 3.17771880E-3
07 31 2014 15 06 25 473 -1.00000000E+2 0.00000000E+0 5.00000000E+1 5.18074400E+5 0.00000000E+0 3.18127871E+0 2.10433232E-2 -2.23384500E+0 2.12308646E-3 1.15138292E-1 1.97261091E-3 2.05674171E+0 4.02415115E-3
07 31 2014 15 06 29 477 -1.00000000E+2 0.00000000E+0 0.00000000E+0 5.18078900E+5 0.00000000E+0 3.20985913E+0 2.17204211E-2 -2.13696808E+0 3.20618143E-3 1.42849982E-1 1.90522093E-3 1.88979506E+0 2.80230589E-3
07 31 2014 15 06 36 484 0.00000000E+0 0.00000000E+0 0.00000000E+0 5.18085200E+5 0.00000000E+0 3.20434570E+0 2.98039118E-2 -2.22568214E+0 2.70086441E-3 5.01424074E-2 1.94710534E-3 1.93151087E+0 3.72160093E-3
