#Field Shape
#<B> = (2.01498 -1.16133e-08 0.00145992)
#<B^2> = (5.19253 0.000480691 0.0485909)
#sigmaBx/Bx0 = 0.528117
#<dBx/dx>/Bx0 = -2.75493e-15
#8th order polynomial (121 terms) fit to Bx centered at <	0,	0,	0.75	>, rms residual = 0.045073
         2.721125484	 0 0 0
       -0.5186948097	 0 0 1
        -4.494217479	 0 0 2
        -19.12740888	 0 0 3
        -13.27482555	 0 0 4
         59.22948884	 0 0 5
         69.87631963	 0 0 6
        -52.77352873	 0 0 7
        -70.63052148	 0 0 8
         1.978280954	 0 2 0
         7.824240326	 0 2 1
        -22.88507128	 0 2 2
        -68.47483047	 0 2 3
         41.44901788	 0 2 4
         103.5629196	 0 2 5
        -10.00825202	 0 2 6
         4.327769133	 0 4 0
        -3.895555046	 0 4 1
        -50.47653611	 0 4 2
         6.363168619	 0 4 3
         94.73933023	 0 4 4
    -1.573189718e-09	 0 5 1
    -1.341807071e-10	 0 5 2
        -12.00394394	 0 6 0
         20.99073548	 0 6 1
         32.42375785	 0 6 2
     1.055503457e-07	 0 7 1
        -38.06030675	 0 8 0
      1.40495087e-06	 1 1 0
     9.517646302e-06	 1 1 1
    -6.067382981e-06	 1 1 2
    -7.779837317e-05	 1 1 3
    -3.636215254e-05	 1 1 4
     0.0001145899807	 1 1 5
     8.039301903e-05	 1 1 6
     4.791077035e-05	 1 3 0
    -1.163618461e-05	 1 3 1
    -0.0001133932894	 1 3 2
     1.419044571e-05	 1 3 3
     0.0001089458482	 1 3 4
     5.879695219e-10	 1 4 0
    -2.516979809e-09	 1 4 1
    -1.517472734e-10	 1 4 2
     3.478544557e-10	 1 4 3
     -0.005589394447	 1 5 0
    -0.0007629445172	 1 5 1
      0.003653619967	 1 5 2
    -2.388985575e-08	 1 6 0
     1.111639372e-07	 1 6 1
        0.1534288926	 1 7 0
         5.717756409	 2 0 0
         22.76780485	 2 0 1
        -67.49032533	 2 0 2
        -198.4402111	 2 0 3
         120.4301081	 2 0 4
         299.8276174	 2 0 5
        -25.77452083	 2 0 6
         6.555504164	 2 2 0
        -6.634393599	 2 2 1
         -234.042553	 2 2 2
         34.04525318	 2 2 3
         472.9779856	 2 2 4
    -1.820505375e-09	 2 3 0
     8.445619587e-09	 2 3 1
     2.053416674e-09	 2 3 2
    -1.281233807e-09	 2 3 3
         206.6757516	 2 4 0
         -187.397314	 2 4 1
        -237.1947917	 2 4 2
     8.763974851e-08	 2 5 0
    -4.130112741e-07	 2 5 1
        -2459.008361	 2 6 0
    -1.517980585e-05	 3 1 0
     4.879715927e-06	 3 1 1
    -0.0002477977963	 3 1 2
     2.059153286e-05	 3 1 3
      0.000452394965	 3 1 4
     -3.81985224e-09	 3 2 0
     1.265018235e-08	 3 2 1
     3.174943184e-09	 3 2 2
    -1.348430908e-09	 3 2 3
      0.003120625321	 3 3 0
      0.001689375516	 3 3 1
    -0.0004698978882	 3 3 2
     9.356468778e-08	 3 4 0
    -3.475030196e-07	 3 4 1
       0.01400461332	 3 5 0
         14.60300006	 4 0 0
        -13.21834661	 4 0 1
        -218.1204233	 4 0 2
         28.74032085	 4 0 3
         419.9375425	 4 0 4
    -6.650856604e-10	 4 1 0
     8.037680338e-10	 4 1 1
     1.117336941e-10	 4 1 2
    -7.331632358e-11	 4 1 3
         -208.103321	 4 2 0
         154.7028674	 4 2 1
         254.5651564	 4 2 2
     6.917091223e-08	 4 3 0
    -3.174616918e-07	 4 3 1
         5316.484812	 4 4 0
      4.78668713e-10	 5 0 0
    -1.917721888e-09	 5 0 1
    -2.199385927e-10	 5 0 2
      0.002833078081	 5 1 0
     -0.001981412807	 5 1 1
      0.001781681507	 5 1 2
     1.775076902e-07	 5 2 0
    -6.604031457e-07	 5 2 1
       -0.2032013414	 5 3 0
         8.809947948	 6 0 0
          2.76551143	 6 0 1
         20.71923253	 6 0 2
     5.044996481e-08	 6 1 0
    -8.932075062e-08	 6 1 1
        -1618.554852	 6 2 0
    -3.023734488e-08	 7 0 0
     1.346696344e-07	 7 0 1
      -0.08577464605	 7 1 0
        -11.32628053	 8 0 0
#8th order polynomial (99 terms) fit to By centered at <	0,	0,	0.75	>, rms residual = 0.01654066141
     5.495844375e-08	 0 0 0
     3.908648036e-07	 0 0 1
     5.009248009e-07	 0 0 2
    -5.037021989e-06	 0 0 3
    -1.107834855e-05	 0 0 4
     1.423742931e-05	 0 0 5
     3.515223066e-05	 0 0 6
    -1.214967049e-05	 0 0 7
    -3.168608335e-05	 0 0 8
     5.197807557e-07	 0 2 0
     1.021158572e-05	 0 2 1
     1.079309779e-06	 0 2 2
    -7.991644832e-05	 0 2 3
    -5.463265521e-05	 0 2 4
     0.0001153641165	 0 2 5
     9.700164505e-05	 0 2 6
      0.000103635318	 0 4 0
     -1.87745412e-05	 0 4 1
    -0.0003057708605	 0 4 2
     0.0001081518536	 0 4 3
     0.0003168877698	 0 4 4
     -0.006942790203	 0 6 0
     -0.000367311055	 0 6 1
      0.005277706912	 0 6 2
      5.48911506e-10	 0 7 0
     8.698795807e-09	 0 7 1
        0.1627854436	 0 8 0
         3.940450433	 1 1 0
         15.34615211	 1 1 1
         -45.5483704	 1 1 2
        -134.4180788	 1 1 3
         82.15115862	 1 1 4
          203.217046	 1 1 5
        -19.22351158	 1 1 6
         17.03581194	 1 3 0
        -15.22296146	 1 3 1
        -194.9696259	 1 3 2
          24.3169749	 1 3 3
         365.5883357	 1 3 4
        -86.59124293	 1 5 0
         99.46558896	 1 5 1
         147.0190759	 1 5 2
    -4.849352083e-11	 1 6 0
    -3.489510197e-10	 1 6 1
         619.6704571	 1 7 0
    -3.849371676e-07	 2 0 0
     5.840702744e-07	 2 0 1
      6.51717029e-06	 2 0 2
    -3.371442902e-06	 2 0 3
    -1.716684647e-05	 2 0 4
     4.693672259e-06	 2 0 5
     1.668609325e-05	 2 0 6
     3.050893901e-05	 2 2 0
     6.036693722e-06	 2 2 1
    -0.0003018088896	 2 2 2
     9.280777141e-05	 2 2 3
     0.0003745485297	 2 2 4
    -0.0009856102525	 2 4 0
      -0.00433138296	 2 4 1
      0.002803345016	 2 4 2
     1.989009257e-10	 2 5 0
     2.989165905e-09	 2 5 1
       0.04593322553	 2 6 0
         4.488809649	 3 1 0
        -4.514519468	 3 1 1
        -158.1832039	 3 1 2
         22.88155385	 3 1 3
         319.6229968	 3 1 4
         266.8727314	 3 3 0
        -209.4241583	 3 3 1
        -262.1110421	 3 3 2
     8.605536293e-10	 3 4 1
         -4585.39754	 3 5 0
    -5.119047411e-05	 4 0 0
     1.524579745e-05	 4 0 1
    -0.0001428514463	 4 0 2
      4.05048104e-05	 4 0 3
     6.414267036e-05	 4 0 4
     0.0009994376783	 4 2 0
      0.001123004166	 4 2 1
      0.006059924366	 4 2 2
    -1.433045904e-10	 4 3 0
    -7.237534682e-09	 4 3 1
        -0.138194349	 4 4 0
          -79.924598	 5 1 0
          47.9479534	 5 1 1
         82.66463793	 5 1 2
    -8.329947544e-11	 5 2 0
         3812.971265	 5 3 0
      0.006262738757	 6 0 0
     -0.001618755724	 6 0 1
       0.00400700205	 6 0 2
    -4.349468848e-10	 6 1 0
     5.807350627e-09	 6 1 1
      -0.03124828224	 6 2 0
     9.099868697e-11	 7 0 0
    -5.066171933e-11	 7 0 1
        -313.2733222	 7 1 0
       -0.2155810412	 8 0 0
#8th order polynomial (115 terms) fit to Bz centered at <	0,	0,	0.75	>, rms residual = 0.05330848011
     6.772500297e-08	 0 1 0
    -1.877780276e-06	 0 1 1
    -1.898908013e-05	 0 1 2
    -2.254421136e-05	 0 1 3
      8.39395052e-05	 0 1 4
     0.0001272210973	 0 1 5
    -9.155318344e-05	 0 1 6
    -0.0001472240012	 0 1 7
     -4.44488149e-07	 0 3 0
    -1.730823268e-05	 0 3 1
    -1.893999987e-05	 0 3 2
     7.485838678e-05	 0 3 3
      6.99325275e-05	 0 3 4
    -5.093193672e-05	 0 3 5
     -0.000171540679	 0 5 0
    -0.0002471727514	 0 5 1
    -0.0006923368213	 0 5 2
    -0.0005020504902	 0 5 3
     5.711126469e-08	 0 6 0
    -8.951142839e-10	 0 6 1
     1.600860272e-08	 0 6 2
       0.01924396431	 0 7 0
        0.0291658416	 0 7 1
    -4.275119346e-06	 0 8 0
       -0.7050557151	 1 0 0
        -12.09056765	 1 0 1
         -46.6374658	 1 0 2
         9.298311959	 1 0 3
         220.4797051	 1 0 4
         128.5059598	 1 0 5
        -248.0272975	 1 0 6
        -196.4488739	 1 0 7
         2.079639369	 1 2 0
        -69.65230434	 1 2 1
        -65.95657437	 1 2 2
         401.5568642	 1 2 3
         155.3173821	 1 2 4
        -493.8712943	 1 2 5
    -7.247224781e-11	 1 3 2
    -9.587237413e-12	 1 3 4
        -3.876936506	 1 4 0
        -28.94150382	 1 4 1
         19.14134698	 1 4 2
         90.31291535	 1 4 3
    -2.532066912e-09	 1 5 0
    -4.696610429e-10	 1 5 1
     4.699386916e-09	 1 5 2
         14.26084329	 1 6 0
         16.50483122	 1 6 1
     1.500815651e-07	 1 7 0
    -1.187050495e-05	 2 1 0
    -7.535733437e-05	 2 1 1
    -2.433981234e-05	 2 1 2
     0.0002297516749	 2 1 3
     8.129699634e-05	 2 1 4
    -0.0001738635276	 2 1 5
    -5.102094243e-11	 2 2 2
     0.0003570090463	 2 3 0
     0.0009869628373	 2 3 1
      8.28895048e-05	 2 3 2
     -0.001431565404	 2 3 3
    -1.833602057e-08	 2 4 0
    -1.413086287e-09	 2 4 1
     7.428533698e-09	 2 4 2
      -0.03336845969	 2 5 0
      -0.06643650101	 2 5 1
     1.027497381e-06	 2 6 0
         2.116534579	 3 0 0
         -68.4389829	 3 0 1
        -65.67213074	 3 0 2
         393.3434676	 3 0 3
         154.5534344	 3 0 4
        -481.9563715	 3 0 5
    -5.829060641e-11	 3 1 2
    -4.134427972e-11	 3 1 4
        -1.255211384	 3 2 0
        -26.73987335	 3 2 1
         26.99692588	 3 2 2
         111.4664082	 3 2 3
     1.107540226e-08	 3 3 0
     1.720468265e-09	 3 3 1
     6.706522877e-09	 3 3 2
        -54.71197673	 3 4 0
        -114.5683607	 3 4 1
    -4.725411266e-07	 3 5 0
      0.001600949689	 4 1 0
      0.004552829879	 4 1 1
    -0.0008426363451	 4 1 2
     -0.004585716853	 4 1 3
     1.349066065e-08	 4 2 0
    -8.468538626e-10	 4 2 1
     1.246096228e-09	 4 2 2
       0.02504315817	 4 3 0
       0.06309193141	 4 3 1
    -5.317815126e-07	 4 4 0
        -2.489497442	 5 0 0
        -21.29814195	 5 0 1
         16.33679971	 5 0 2
         72.45793865	 5 0 3
    -1.136352239e-09	 5 1 0
    -4.034174806e-10	 5 1 1
     5.089155549e-09	 5 1 2
         16.55734974	 5 2 0
         11.58283278	 5 2 1
    -4.620955624e-07	 5 3 0
     1.180497449e-08	 6 0 0
     4.055465817e-09	 6 0 1
     -1.64476794e-09	 6 0 2
      -0.07084669795	 6 1 0
       -0.1533156751	 6 1 1
    -4.751965781e-07	 6 2 0
          0.83839092	 7 0 0
         -9.01071335	 7 0 1
     4.087625026e-08	 7 1 0
    -7.415645354e-07	 8 0 0
