#Field Shape
#<B> = (2.8867 1.49854e-10 2.63444e-05)
#<B^2> = (8.36119 1.65981e-09 8.1267e-10)
#sigmaBx/Bx0 = 0.0581241
#<dBx/dx>/Bx0 = -0.000947263
#8th order polynomial (165 terms) fit to Bx centered at <	0.0315,	0,	0	>, rms residual = 1.64334e-06
         2.896512486	 0 0 0
     -0.008398008393	 0 0 1
      -0.01860585685	 0 0 2
       0.09351228209	 0 0 3
       -0.9990844818	 0 0 4
        -15.88385253	 0 0 5
          78.0103833	 0 0 6
         675.7636648	 0 0 7
        -267.5440718	 0 0 8
     2.397873548e-06	 0 1 0
    -4.408452878e-06	 0 1 1
      0.002699175094	 0 1 2
        0.1036633581	 0 1 3
        -1.117744026	 0 1 4
        -31.63266684	 0 1 5
         92.83426973	 0 1 6
         2320.810221	 0 1 7
       0.05744485436	 0 2 0
        0.1290494524	 0 2 1
        -2.941708285	 0 2 2
        -19.24030941	 0 2 3
         875.5530011	 0 2 4
         1377.061677	 0 2 5
        -51889.21708	 0 2 6
      -0.01562722256	 0 3 0
       -0.1304852121	 0 3 1
         3.819828952	 0 3 2
         59.12135631	 0 3 3
        -355.7649521	 0 3 4
        -4654.321219	 0 3 5
        0.6052336507	 0 4 0
        -59.16711329	 0 4 1
         1786.894353	 0 4 2
         341.5384917	 0 4 3
        -242887.5832	 0 4 4
         24.84330938	 0 5 0
        -140.0616502	 0 5 1
        -964.7338747	 0 5 2
        -36456.21319	 0 5 3
        -7913.887175	 0 6 0
         50680.83516	 0 6 1
        -131411.1039	 0 6 2
        -15628.29301	 0 7 0
         334790.0452	 0 7 1
         10129348.65	 0 8 0
     -0.002739081639	 1 0 0
       0.00238137098	 1 0 1
       0.08250511284	 1 0 2
        -0.637837007	 1 0 3
        -19.96444295	 1 0 4
          142.100185	 1 0 5
         1215.345411	 1 0 6
        -9074.049314	 1 0 7
    -9.227877705e-05	 1 1 0
     2.822219814e-05	 1 1 1
       -0.1017069597	 1 1 2
      -0.01030166193	 1 1 3
         17.70806578	 1 1 4
        -41.41555165	 1 1 5
        -494.4072006	 1 1 6
       -0.6847093103	 1 2 0
        -8.451822803	 1 2 1
         18.68972306	 1 2 2
         886.6123421	 1 2 3
         2078.705211	 1 2 4
        -62608.76922	 1 2 5
        0.6956288136	 1 3 0
        -7.084337924	 1 3 1
         46.58388231	 1 3 2
        -123.6858371	 1 3 3
        -14090.87744	 1 3 4
        -272.1998388	 1 4 0
         15941.44321	 1 4 1
         -32066.0528	 1 4 2
        -122179.3946	 1 4 3
        -867.8430124	 1 5 0
         13759.68655	 1 5 1
         77636.12982	 1 5 2
         285532.2117	 1 6 0
        -10281068.54	 1 6 1
        -364336.0334	 1 7 0
      -0.03517943608	 2 0 0
        -0.136099141	 2 0 1
       -0.8332894195	 2 0 2
         14.72068627	 2 0 3
          459.855076	 2 0 4
         312.3240578	 2 0 5
         -42231.2926	 2 0 6
      -0.01294416461	 2 1 0
       -0.8574538942	 2 1 1
         4.019058208	 2 1 2
         147.0708282	 2 1 3
        -158.4966169	 2 1 4
        -7839.206968	 2 1 5
        -1.143951053	 2 2 0
         140.6554601	 2 2 1
        -4499.883397	 2 2 2
        -14587.43001	 2 2 3
         318189.4004	 2 2 4
          26.4215407	 2 3 0
         416.0496744	 2 3 1
        -3606.409439	 2 3 2
         4126.170418	 2 3 3
        -10582.63546	 2 4 0
        -70230.65478	 2 4 1
         2904401.722	 2 4 2
        -16323.01353	 2 5 0
        -10831.64473	 2 5 1
        -10204472.11	 2 6 0
        0.4198138405	 3 0 0
        -5.405353787	 3 0 1
        -17.35802457	 3 0 2
         532.4870079	 3 0 3
        -463.4344166	 3 0 4
        -15371.19183	 3 0 5
        0.3664806565	 3 1 0
         14.17005468	 3 1 1
         97.29990385	 3 1 2
        -490.3001425	 3 1 3
        -36585.61446	 3 1 4
         161.2432312	 3 2 0
         5143.911431	 3 2 1
         5228.566614	 3 2 2
        -250229.7126	 3 2 3
        -516.7430481	 3 3 0
        -8308.310105	 3 3 1
         43313.14759	 3 3 2
         224341.9144	 3 4 0
        -11858116.72	 3 4 1
          2962969.83	 3 5 0
         4.083248225	 4 0 0
         255.9908663	 4 0 1
        -2323.520065	 4 0 2
        -25793.82897	 4 0 3
         323173.0551	 4 0 4
         7.713220811	 4 1 0
         1418.541114	 4 1 1
        -855.6885497	 4 1 2
        -72278.05645	 4 1 3
        -3504.210742	 4 2 0
         66417.85957	 4 2 1
        -2288461.281	 4 2 2
         3526.242271	 4 3 0
        -618457.8105	 4 3 1
          33608396.5	 4 4 0
        -945.4332547	 5 0 0
         17925.07337	 5 0 1
         42831.53227	 5 0 2
        -885231.5706	 5 0 3
         899.8731586	 5 1 0
        -15983.32672	 5 1 1
         365169.9203	 5 1 2
        -549729.1897	 5 2 0
         5971898.755	 5 2 1
          -4214110.2	 5 3 0
        -24956.09321	 6 0 0
        -143252.0253	 6 0 1
         988846.9919	 6 0 2
        -26041.48146	 6 1 0
        -1118842.314	 6 1 1
        -16087900.52	 6 2 0
         1267230.386	 7 0 0
        -19445011.04	 7 0 1
        -2238507.613	 7 1 0
         42238533.72	 8 0 0
#8th order polynomial (165 terms) fit to By centered at <	0.03150000097,	0,	0	>, rms residual = 8.676974105e-07
     1.028348614e-08	 0 0 0
     4.364284925e-06	 0 0 1
     5.317449707e-05	 0 0 2
     -0.002279431373	 0 0 3
      -0.04273445477	 0 0 4
        0.2933861863	 0 0 5
         7.032133097	 0 0 6
        -6.504847893	 0 0 7
        -298.9265576	 0 0 8
      0.002752153853	 0 1 0
     -0.002389997155	 0 1 1
      -0.05244006226	 0 1 2
         1.210972137	 0 1 3
         6.523607103	 0 1 4
        -144.6168582	 0 1 5
        -354.8977058	 0 1 6
         4658.876813	 0 1 7
    -0.0001801287111	 0 2 0
     -0.005073650424	 0 2 1
       0.05216059792	 0 2 2
         1.434733077	 0 2 3
         -7.89996021	 0 2 4
         -71.0368933	 0 2 5
         1176.991843	 0 2 6
        0.1895470508	 0 3 0
         2.675817177	 0 3 1
         80.51581519	 0 3 2
        -1515.015535	 0 3 3
        -4535.917243	 0 3 4
         79855.55354	 0 3 5
        0.1756928709	 0 4 0
           10.499423	 0 4 1
         31.17279415	 0 4 2
        -1666.283412	 0 4 3
        -30000.10494	 0 4 4
        -30.58355389	 0 5 0
        -1634.092959	 0 5 1
        -25357.51579	 0 5 2
         532686.2961	 0 5 3
         265.1497404	 0 6 0
        -4447.970332	 0 6 1
         166308.5766	 0 6 2
         22330.42088	 0 7 0
         575732.9288	 0 7 1
        -707224.8485	 0 8 0
      5.52818446e-07	 1 0 0
     5.488966676e-06	 1 0 1
     -0.002266584688	 1 0 2
       -0.0657222369	 1 0 3
       0.06149782644	 1 0 4
         9.133993401	 1 0 5
          25.3226682	 1 0 6
        -146.8107012	 1 0 7
       0.07327974639	 1 1 0
       0.02495574099	 1 1 1
         2.609075385	 1 1 2
        -6.669452258	 1 1 3
        -493.4630022	 1 1 4
        -647.9858778	 1 1 5
         22855.12805	 1 1 6
    -0.0005005975748	 1 2 0
        0.1127985141	 1 2 1
          5.56132997	 1 2 2
          115.445452	 1 2 3
        -985.5904828	 1 2 4
        -18946.87449	 1 2 5
         -1.18203565	 1 3 0
         92.76664065	 1 3 1
        -1912.422245	 1 3 2
         11942.20557	 1 3 3
         86045.34874	 1 3 4
        -17.61300974	 1 4 0
          -653.43375	 1 4 1
         2561.604397	 1 4 2
         76192.01032	 1 4 3
         14904.57083	 1 5 0
        -181476.3379	 1 5 1
          2097418.17	 1 5 2
          15499.0858	 1 6 0
         385026.4681	 1 6 1
        -10416342.27	 1 7 0
    -0.0005099213219	 2 0 0
     -0.006077572086	 2 0 1
        0.2057750006	 2 0 2
         3.909276238	 2 0 3
        0.4461259552	 2 0 4
        -360.5743886	 2 0 5
        -1939.805101	 2 0 6
       -0.5498289956	 2 1 0
         1.762832619	 2 1 1
        -9.079660855	 2 1 2
        -1331.621053	 2 1 3
         1919.812105	 2 1 4
         98180.71858	 2 1 5
         1.626846904	 2 2 0
        -15.04267581	 2 2 1
         -647.323328	 2 2 2
         1279.442913	 2 2 3
         51949.13235	 2 2 4
        -176.5624968	 2 3 0
         5453.894619	 2 3 1
        -17699.56977	 2 3 2
         356265.0732	 2 3 3
        -642.8257302	 2 4 0
          9896.65121	 2 4 1
         99069.25719	 2 4 2
         180643.9398	 2 5 0
        -6847759.155	 2 5 1
        -19324.89482	 2 6 0
       0.01387840725	 3 0 0
        0.5034096407	 3 0 1
         -3.79493653	 3 0 2
        -127.2479093	 3 0 3
         145.7448681	 3 0 4
          10103.3279	 3 0 5
        -4.017028079	 3 1 0
        -48.59991348	 3 1 1
        -1463.416274	 3 1 2
         3945.424782	 3 1 3
         196928.7219	 3 1 4
         23.87502471	 3 2 0
        -533.8566831	 3 2 1
         2101.735583	 3 2 2
         29075.49134	 3 2 3
         17321.87042	 3 3 0
        -31374.39864	 3 3 1
        -698830.8375	 3 3 2
         2331.047388	 3 4 0
         16898.22109	 3 4 1
        -19347188.89	 3 5 0
        0.7500993275	 4 0 0
        0.2024560616	 4 0 1
        -233.6158158	 4 0 2
        -468.5663731	 4 0 3
         7723.112631	 4 0 4
        -135.6493682	 4 1 0
        -18.58928721	 4 1 1
         9598.364246	 4 1 2
        -233567.9112	 4 1 3
        -3784.246721	 4 2 0
         6231.043693	 4 2 1
          369319.471	 4 2 2
         121869.5292	 4 3 0
        -1929535.128	 4 3 1
         682883.4877	 4 4 0
        -58.17836735	 5 0 0
        -663.9040521	 5 0 1
         3205.490431	 5 0 2
        -3580.124278	 5 0 3
        -30563.15426	 5 1 0
         64086.70577	 5 1 1
         592775.6467	 5 1 2
        -77039.89431	 5 2 0
         1033012.415	 5 2 1
         8392215.085	 5 3 0
         2490.803475	 6 0 0
         4210.859881	 6 0 1
         149395.9163	 6 0 2
        -16124.71362	 6 1 0
          4719435.09	 6 1 1
         3545474.251	 6 2 0
         103816.4705	 7 0 0
         447666.6533	 7 0 1
         33657368.35	 7 1 0
        -6733393.246	 8 0 0
#8th order polynomial (165 terms) fit to Bz centered at <	0.03150000097,	0,	0	>, rms residual = 6.013825387e-07
     2.478872756e-05	 0 0 0
    -8.324549237e-05	 0 0 1
    -0.0009514659634	 0 0 2
     0.0004958218266	 0 0 3
        0.7716475307	 0 0 4
       -0.4314481268	 0 0 5
        -116.0438158	 0 0 6
         13.62599731	 0 0 7
         5432.462901	 0 0 8
     1.628728421e-08	 0 1 0
    -3.693921953e-05	 0 1 1
     -0.001231320782	 0 1 2
       0.02492647489	 0 1 3
        0.3952656101	 0 1 4
         -4.38708258	 0 1 5
        -28.00078606	 0 1 6
         207.4949257	 0 1 7
      0.001762851417	 0 2 0
      -0.03609481146	 0 2 1
        0.6379348615	 0 2 2
         12.55516798	 0 2 3
        -291.5651233	 0 2 4
        -672.8974927	 0 2 5
         19536.38259	 0 2 6
    -0.0005638143066	 0 3 0
       0.06125433201	 0 3 1
        0.3156845397	 0 3 2
        -32.60169278	 0 3 3
         -70.7741591	 0 3 4
         3220.101592	 0 3 5
        -5.613279156	 0 4 0
         13.37089323	 0 4 1
        -350.6487547	 0 4 2
        -2840.047989	 0 4 3
         76046.01069	 0 4 4
         4.650056916	 0 5 0
         94.40265019	 0 5 1
         310.9662306	 0 5 2
        -6321.429782	 0 5 3
         9928.672421	 0 6 0
        -10073.27631	 0 6 1
         61146.56547	 0 6 2
        -4080.205307	 0 7 0
        -92009.21145	 0 7 1
        -6970065.296	 0 8 0
     0.0007952523224	 1 0 0
     -0.001760153389	 1 0 1
     -0.009930210005	 1 0 2
       -0.4014880208	 1 0 3
          7.06763454	 1 0 4
         32.51518515	 1 0 5
        -469.8326864	 1 0 6
         -672.030943	 1 0 7
     0.0001479520978	 1 1 0
     -0.000169308053	 1 1 1
      0.003280497663	 1 1 2
      0.001285374197	 1 1 3
        -10.63685897	 1 1 4
         8.057374858	 1 1 5
          842.243429	 1 1 6
       -0.1180526211	 1 2 0
         1.304785963	 1 2 1
        -11.24556423	 1 2 2
         623.1158813	 1 2 3
        -538.2587269	 1 2 4
        -32383.39882	 1 2 5
       -0.2931103316	 1 3 0
         3.109276857	 1 3 1
        -6.173970299	 1 3 2
        -483.8572137	 1 3 3
         7437.863514	 1 3 4
         448.2475954	 1 4 0
        -9294.712429	 1 4 1
         23549.04079	 1 4 2
         -234129.885	 1 4 3
         676.7324467	 1 5 0
        -1113.975937	 1 5 1
        -35157.46963	 1 5 2
        -364727.3618	 1 6 0
         7392528.228	 1 6 1
        -475920.0551	 1 7 0
    -0.0002781165965	 2 0 0
       0.07047141631	 2 0 1
        -1.632264648	 2 0 2
        -8.682880814	 2 0 3
         294.0124017	 2 0 4
         39.97153548	 2 0 5
        -10524.81336	 2 0 6
      0.003164635604	 2 1 0
        0.2102276323	 2 1 1
       -0.7787866117	 2 1 2
         -39.2270483	 2 1 3
         23.82761133	 2 1 4
         998.9454023	 2 1 5
        -4.717382398	 2 2 0
        -50.33836517	 2 2 1
         2398.882259	 2 2 2
         2480.677096	 2 2 3
        -170637.5897	 2 2 4
       -0.9722808994	 2 3 0
        -362.2368189	 2 3 1
         232.1358766	 2 3 2
         27263.64159	 2 3 3
         7179.453622	 2 4 0
         88135.12002	 2 4 1
         -2300673.01	 2 4 2
        -9426.603337	 2 5 0
          330213.666	 2 5 1
         4121821.466	 2 6 0
       -0.1780520389	 3 0 0
         2.285998866	 3 0 1
           15.067187	 3 0 2
         180.8986644	 3 0 3
        -362.9546605	 3 0 4
         -35060.7911	 3 0 5
        -1.015272403	 3 1 0
        -1.882336995	 3 1 1
         150.1937603	 3 1 2
        -18.29675855	 3 1 3
         450.2277669	 3 1 4
         101.3254733	 3 2 0
         325.9832603	 3 2 1
        -3726.651129	 3 2 2
        -236970.2271	 3 2 3
         129.9760351	 3 3 0
         2566.706015	 3 3 1
        -57819.37195	 3 3 2
        -348241.6745	 3 4 0
         6967122.662	 3 4 1
        -358777.0496	 3 5 0
         2.467932178	 4 0 0
        -148.1693018	 4 0 1
          1276.37239	 4 0 2
         18051.37807	 4 0 3
        -225621.6619	 4 0 4
         -1.55942216	 4 1 0
         130.8209865	 4 1 1
        -54.28410746	 4 1 2
         46651.48441	 4 1 3
        -6850.312713	 4 2 0
        -58409.03499	 4 2 1
         1796637.493	 4 2 2
         12701.61305	 4 3 0
        -146425.4539	 4 3 1
        -7194370.522	 4 4 0
          747.601973	 5 0 0
        -13633.80827	 5 0 1
        -18304.57085	 5 0 2
         723232.5432	 5 0 3
         2337.098981	 5 1 0
         2561.274324	 5 1 1
        -238200.4396	 5 1 2
         192112.9321	 5 2 0
        -6285659.225	 5 2 1
         855676.4806	 5 3 0
         3055.376972	 6 0 0
         67827.90615	 6 0 1
        -238446.9118	 6 0 2
         -3051.48766	 6 1 0
          -863778.34	 6 1 1
         8836016.057	 6 2 0
        -1025596.647	 7 0 0
         14890474.41	 7 0 1
        -1835994.509	 7 1 0
        -10588437.15	 8 0 0
