#Field Shape
#<B> = (2.02154 -1.22599e-08 -1.77809e-17)
#<B^2> = (5.14896 0.000293062 0.0426272)
#sigmaBx/Bx0 = 0.509863
#<dBx/dx>/Bx0 = 0
#8th order polynomial (125 terms) fit to Bx centered at <	0,	0,	0.75	>, rms residual = 0.0338746
         2.707594709	 0 0 0
       -0.9223900068	 0 0 1
        -5.980958823	 0 0 2
        -15.16147673	 0 0 3
         2.130255037	 0 0 4
         48.58230254	 0 0 5
         25.93960922	 0 0 6
        -43.94710009	 0 0 7
        -32.28349559	 0 0 8
         1.991397145	 0 2 0
         5.631469345	 0 2 1
        -26.85795459	 0 2 2
        -51.51840996	 0 2 3
         69.24999788	 0 2 4
         78.24340195	 0 2 5
         -49.6478238	 0 2 6
         3.968320225	 0 4 0
        -3.269720963	 0 4 1
        -43.20454696	 0 4 2
         4.253527902	 0 4 3
         79.54986976	 0 4 4
     1.517104451e-09	 0 5 0
    -6.144674169e-09	 0 5 1
     -1.95845645e-09	 0 5 2
     5.257286375e-09	 0 5 3
        -14.82410657	 0 6 0
         22.77070682	 0 6 1
          29.6488537	 0 6 2
    -7.623382796e-08	 0 7 0
     2.907091766e-07	 0 7 1
         57.42861478	 0 8 0
     2.264200117e-07	 1 1 0
    -1.796173011e-07	 1 1 1
     1.093791005e-06	 1 1 2
     2.406779018e-07	 1 1 3
    -6.867062319e-06	 1 1 4
       1.4337224e-06	 1 1 5
     5.743282262e-06	 1 1 6
    -1.789521245e-05	 1 3 0
     3.721805468e-05	 1 3 1
    -6.490968608e-05	 1 3 2
    -5.440745055e-05	 1 3 3
     5.222637913e-05	 1 3 4
      8.88806614e-10	 1 4 0
     -3.87009387e-09	 1 4 1
    -1.863016598e-09	 1 4 2
     5.689521353e-09	 1 4 3
      0.001119508542	 1 5 0
     -0.001421099864	 1 5 1
      0.005157247601	 1 5 2
    -1.372757422e-08	 1 6 0
     3.577081946e-08	 1 6 1
      -0.05115538445	 1 7 0
         5.761111053	 2 0 0
         16.39997937	 2 0 1
        -79.19177978	 2 0 2
        -149.3192925	 2 0 3
         202.1853661	 2 0 4
         226.5605298	 2 0 5
        -142.3184759	 2 0 6
          4.37888016	 2 2 0
        -2.236267006	 2 2 1
         -191.509657	 2 2 2
         20.39956797	 2 2 3
         382.4827917	 2 2 4
    -8.793695335e-09	 2 3 0
     3.572748379e-08	 2 3 1
      1.23493484e-08	 2 3 2
    -3.350816373e-08	 2 3 3
         204.4143958	 2 4 0
        -193.1950988	 2 4 1
        -243.9461723	 2 4 2
     3.311175172e-07	 2 5 0
    -1.245401086e-06	 2 5 1
        -2390.709155	 2 6 0
    -7.448796256e-05	 3 1 0
    -7.457530226e-06	 3 1 1
     0.0001063675069	 3 1 2
    -8.151851755e-05	 3 1 3
     0.0001916782084	 3 1 4
     -8.59849427e-09	 3 2 0
     3.555667316e-08	 3 2 1
     1.226753354e-08	 3 2 2
    -3.345436482e-08	 3 2 3
      0.003107017107	 3 3 0
     0.0005802416383	 3 3 1
     -0.004502681633	 3 3 2
      2.19487937e-07	 3 4 0
    -8.572923948e-07	 3 4 1
      -0.07818567635	 3 5 0
         12.70855494	 4 0 0
        -9.773230396	 4 0 1
         -182.445401	 4 0 2
         17.90367252	 4 0 3
         344.4009824	 4 0 4
      9.61371245e-10	 4 1 0
    -3.931055036e-09	 4 1 1
    -1.968180745e-09	 4 1 2
     5.231401377e-09	 4 1 3
        -206.7652752	 4 2 0
         152.2581538	 4 2 1
         241.4816567	 4 2 2
     2.241044496e-07	 4 3 0
    -8.463581889e-07	 4 3 1
         5375.469606	 4 4 0
     1.479901152e-09	 5 0 0
    -6.024985453e-09	 5 0 1
    -1.938232866e-09	 5 0 2
     5.230921784e-09	 5 0 3
      0.006390557841	 5 1 0
      0.001764245056	 5 1 1
     -0.008474808165	 5 1 2
     3.240146658e-07	 5 2 0
    -1.226818381e-06	 5 2 1
      -0.05579038558	 5 3 0
         9.563509392	 6 0 0
        0.7537974594	 6 0 1
         15.70795604	 6 0 2
    -1.452990193e-08	 6 1 0
     5.193587348e-08	 6 1 1
        -1622.927808	 6 2 0
      -7.4578079e-08	 7 0 0
     2.820970513e-07	 7 0 1
       -0.1698030825	 7 1 0
        -15.21908946	 8 0 0
#8th order polynomial (98 terms) fit to By centered at <	0,	0,	0.75	>, rms residual = 0.01092628429
    -1.437560726e-08	 0 0 0
    -5.503045567e-08	 0 0 1
    -6.283790105e-08	 0 0 2
     2.675191481e-07	 0 0 3
      6.42545256e-07	 0 0 4
    -5.483009362e-07	 0 0 5
    -1.595829928e-06	 0 0 6
     3.910938975e-07	 0 0 7
      1.25384348e-06	 0 0 8
    -2.619123428e-07	 0 2 0
    -1.811480871e-07	 0 2 1
     3.597128192e-07	 0 2 2
     1.603181752e-06	 0 2 3
     1.085839918e-06	 0 2 4
    -1.350383845e-06	 0 2 5
    -5.264922851e-07	 0 2 6
     8.758022345e-05	 0 4 0
    -4.319330625e-05	 0 4 1
    -6.375665359e-05	 0 4 2
    -3.872156938e-05	 0 4 3
    -5.791437496e-05	 0 4 4
     -0.009999931061	 0 6 0
      0.003263690425	 0 6 1
      0.003420708703	 0 6 2
    -7.101748019e-09	 0 7 1
        0.3624563649	 0 8 0
         3.974047326	 1 1 0
         11.04443989	 1 1 1
        -53.47093511	 1 1 2
        -101.2323061	 1 1 3
         137.2220336	 1 1 4
         153.6886704	 1 1 5
        -97.60913818	 1 1 6
         15.46929548	 1 3 0
        -12.55778748	 1 3 1
        -166.2253316	 1 3 2
         15.91436057	 1 3 3
         304.8823603	 1 3 4
        -84.71746247	 1 5 0
         99.41492668	 1 5 1
         144.0686959	 1 5 2
     2.636701143e-10	 1 6 0
          595.333304	 1 7 0
    -1.578083325e-07	 2 0 0
      -6.1907394e-07	 2 0 1
    -1.175446963e-06	 2 0 2
     1.276441613e-06	 2 0 3
     3.731119726e-06	 2 0 4
    -1.413272919e-06	 2 0 5
    -4.543483321e-06	 2 0 6
     1.069963981e-05	 2 2 0
     2.260749025e-05	 2 2 1
    -9.880279756e-06	 2 2 2
     2.398494157e-05	 2 2 3
     -2.70047481e-05	 2 2 4
    -0.0007763302033	 2 4 0
    -0.0003726178799	 2 4 1
      0.004677567847	 2 4 2
     3.291864519e-10	 2 5 0
     6.891304631e-10	 2 5 1
      -0.06307516763	 2 6 0
         3.032931263	 3 1 0
         -1.57245779	 3 1 1
        -129.9754826	 3 1 2
         13.80393853	 3 1 3
         259.6199199	 3 1 4
         267.7030313	 3 3 0
         -216.394589	 3 3 1
         -270.044601	 3 3 2
    -5.372266166e-10	 3 4 0
         -4659.75621	 3 5 0
     4.502724336e-05	 4 0 0
     5.475659896e-05	 4 0 1
     7.015872667e-05	 4 0 2
     9.103383812e-07	 4 0 3
     4.189726634e-05	 4 0 4
     9.026826745e-05	 4 2 0
      -0.00261103306	 4 2 1
     -0.004065905482	 4 2 2
     -1.54668494e-10	 4 3 0
       0.05360785081	 4 4 0
    -2.708231113e-11	 5 0 1
        -79.81765537	 5 1 0
          46.0919283	 5 1 1
         77.15932393	 5 1 2
     5.530268887e-10	 5 2 0
      2.27613137e-10	 5 2 1
         3866.279228	 5 3 0
     -0.004666518801	 6 0 0
     -0.001960783738	 6 0 1
     -0.003211336406	 6 0 2
    -3.700637836e-11	 6 1 0
    -1.078200198e-10	 6 1 1
     -0.003219200306	 6 2 0
     9.156790447e-11	 7 0 0
     1.766897751e-09	 7 0 1
        -310.4585376	 7 1 0
        0.1524003022	 8 0 0
#8th order polynomial (110 terms) fit to Bz centered at <	0,	0,	0.75	>, rms residual = 0.03876331016
     3.677002713e-08	 0 1 1
     2.282348351e-07	 0 1 2
     5.797248448e-07	 0 1 3
    -8.224342635e-07	 0 1 4
     -2.23832573e-06	 0 1 5
     7.890616077e-07	 0 1 6
     2.078576936e-06	 0 1 7
    -1.872963407e-06	 0 3 0
    -1.122378129e-05	 0 3 1
     -4.69463008e-07	 0 3 2
    -3.150318944e-06	 0 3 3
    -2.308013674e-06	 0 3 4
     6.892514359e-06	 0 3 5
      1.02209296e-10	 0 4 0
     0.0002544663324	 0 5 0
      0.001218985976	 0 5 1
     0.0002090953381	 0 5 2
       0.00018066418	 0 5 3
    -2.021237452e-08	 0 6 0
     1.848102747e-09	 0 6 1
     2.303810157e-08	 0 6 2
      -0.01146913171	 0 7 0
      -0.04288706623	 0 7 1
     7.406576496e-07	 0 8 0
         -1.11471886	 1 0 0
        -13.79280982	 1 0 1
        -35.00252113	 1 0 2
         44.71218768	 1 0 3
         170.6328613	 1 0 4
         -11.2054633	 1 0 5
        -193.1116911	 1 0 6
        -48.33957951	 1 0 7
          1.38680184	 1 2 0
        -63.16973989	 1 2 1
         -51.1610746	 1 2 2
         365.1062144	 1 2 3
         121.9080147	 1 2 4
        -453.3102706	 1 2 5
        -3.960373604	 1 4 0
        -31.35466604	 1 4 1
         19.63971071	 1 4 2
           96.993455	 1 4 3
    -4.270704901e-09	 1 5 0
    -8.642896594e-10	 1 5 1
    -1.418002914e-09	 1 5 2
         11.39110262	 1 6 0
         15.29427992	 1 6 1
     2.477490113e-07	 1 7 0
     4.048324003e-06	 2 1 0
      -4.3187099e-06	 2 1 1
     1.032364705e-06	 2 1 2
     1.939101235e-05	 2 1 3
    -7.583346293e-07	 2 1 4
     1.757765714e-06	 2 1 5
     -5.86577688e-05	 2 3 0
     0.0006999350248	 2 3 1
    -0.0001884132783	 2 3 2
     -0.001235789299	 2 3 3
    -4.002603578e-10	 2 4 0
       4.5710076e-10	 2 4 1
     1.534072729e-09	 2 4 2
      -0.00399171769	 2 5 0
      -0.02709603366	 2 5 1
     3.595945782e-08	 2 6 0
         1.418152306	 3 0 0
        -62.16204604	 3 0 1
        -50.79420668	 3 0 2
         358.4644804	 3 0 3
         120.9925656	 3 0 4
        -443.7660451	 3 0 5
        -1.620768627	 3 2 0
        -32.35870174	 3 2 1
         27.98411465	 3 2 2
         126.0740857	 3 2 3
     1.331313774e-08	 3 3 0
     2.703409742e-09	 3 3 1
     5.029518206e-09	 3 3 2
        -49.14658215	 3 4 0
        -97.49241089	 3 4 1
    -4.257035672e-07	 3 5 0
    -4.289087652e-11	 4 0 0
    -0.0006309642884	 4 1 0
    -0.0006319125418	 4 1 1
     5.821523782e-05	 4 1 2
    -0.0007800482233	 4 1 3
     5.271969655e-09	 4 2 0
     2.926832561e-10	 4 2 1
     5.060146545e-10	 4 2 2
       0.01551507838	 4 3 0
       0.02489097384	 4 3 1
    -2.712336677e-07	 4 4 0
        -2.484857392	 5 0 0
        -23.57387471	 5 0 1
          16.5631197	 5 0 2
         78.66590854	 5 0 3
    -5.788587249e-09	 5 1 0
    -8.843669771e-10	 5 1 1
    -1.626635717e-09	 5 1 2
         18.65147519	 5 2 0
         22.65833169	 5 2 1
    -5.641039538e-07	 5 3 0
     6.887069367e-09	 6 0 0
     -8.12364623e-11	 6 0 2
       0.02255934105	 6 1 0
        0.0421568726	 6 1 1
    -2.255028783e-07	 6 2 0
        -2.693972104	 7 0 0
        -8.605023482	 7 0 1
     3.828728738e-07	 7 1 0
     -2.78881206e-07	 8 0 0
