#Field Shape
#<B> = (2.55681 1.66214e-06 -1.08323e-05)
#<B^2> = (6.76608 2.77111e-05 0.00340439)
#sigmaBx/Bx0 = 0.187082
#<dBx/dx>/Bx0 = -7.06001e-10
#8th order polynomial (147 terms) fit to Bx centered at <	0,	0,	0	>, rms residual = 9.23799e-07
         2.723518222	 0 0 0
     7.195420312e-05	 0 0 1
        -5.891856012	 0 0 2
      0.002821442764	 0 0 3
        -39.60414462	 0 0 4
       0.05362953334	 0 0 5
         27.92988319	 0 0 6
       -0.0652689391	 0 0 7
         783.8345143	 0 0 8
     1.118603162e-09	 0 1 5
    -5.814184794e-10	 0 1 6
    -2.172380211e-08	 0 1 7
         1.524767383	 0 2 0
      0.007534989697	 0 2 1
         59.21909428	 0 2 2
       -0.6442022056	 0 2 3
        -108.4812868	 0 2 4
         5.717329701	 0 2 5
        -5272.196228	 0 2 6
     7.547586372e-10	 0 3 2
    -1.674779414e-08	 0 3 3
     9.290702114e-09	 0 3 4
     4.852888067e-08	 0 3 5
        -3.878048034	 0 4 0
        -1.796674851	 0 4 1
         72.80949194	 0 4 2
          53.6211408	 0 4 3
         5997.881831	 0 4 4
    -8.767735445e-09	 0 5 0
     1.227467345e-07	 0 5 1
    -2.299094939e-07	 0 5 2
     3.159930453e-06	 0 5 3
         154.5046443	 0 6 0
         78.98844614	 0 6 1
        -3166.275654	 0 6 2
     2.443096426e-06	 0 7 0
    -3.417609758e-05	 0 7 1
        -19000.88049	 0 8 0
     1.467307447e-09	 1 0 5
    -6.535967958e-10	 1 0 6
    -3.258376434e-08	 1 0 7
     1.836958233e-06	 1 1 0
    -1.765588223e-05	 1 1 1
     0.0002240445997	 1 1 2
     -0.000137565808	 1 1 3
     -0.001039723788	 1 1 4
      0.006848248833	 1 1 5
      -0.05231560679	 1 1 6
     4.008233371e-09	 1 2 2
    -3.607200571e-08	 1 2 3
     -4.77892971e-08	 1 2 4
     5.839644586e-07	 1 2 5
     0.0004443194735	 1 3 0
      0.006374673087	 1 3 1
      -0.02833709996	 1 3 2
      -0.01687556349	 1 3 3
        0.2154088183	 1 3 4
    -1.579550755e-08	 1 4 0
      2.15281805e-07	 1 4 1
    -4.616149614e-07	 1 4 2
     1.560757982e-06	 1 4 3
       -0.2271759867	 1 5 0
       -0.6283169099	 1 5 1
         3.502233864	 1 5 2
     2.550185928e-06	 1 6 0
    -3.749767352e-05	 1 6 1
         41.43625957	 1 7 0
         4.366562824	 2 0 0
     -0.009491256243	 2 0 1
          178.459741	 2 0 2
      -0.00562414349	 2 0 3
        -337.8259725	 2 0 4
        -10.09237058	 2 0 5
        -15421.36227	 2 0 6
     2.782392538e-09	 2 1 2
    -3.484666164e-08	 2 1 3
    -3.944307044e-08	 2 1 4
     5.230643996e-07	 2 1 5
        -39.33552517	 2 2 0
        0.2457198232	 2 2 1
         388.4548575	 2 2 2
         29.96206587	 2 2 3
         35140.62729	 2 2 4
     1.692487723e-08	 2 3 0
    -1.214232354e-07	 2 3 1
    -4.482042451e-07	 2 3 2
     4.975497072e-06	 2 3 3
         216.7373026	 2 4 0
        -15.80929072	 2 4 1
         -10489.2646	 2 4 2
     -3.00771697e-06	 2 5 0
     2.446737488e-05	 2 5 1
         4270.490096	 2 6 0
     1.978491815e-10	 3 0 2
    -1.725474081e-08	 3 0 3
     8.658203236e-09	 3 0 4
     1.711735643e-07	 3 0 5
    -0.0006499215852	 3 1 0
      0.006955663969	 3 1 1
      -0.08247332044	 3 1 2
      -0.01819612189	 3 1 3
        0.4804121741	 3 1 4
     1.482123236e-08	 3 2 0
    -2.085613243e-07	 3 2 1
    -5.946727065e-07	 3 2 2
     5.492481608e-06	 3 2 3
      -0.06908954085	 3 3 0
       -0.8906030025	 3 3 1
         1.633490765	 3 3 2
     1.736307033e-06	 3 4 0
     9.768553833e-06	 3 4 1
        -23.85033767	 3 5 0
         -22.5443616	 4 0 0
        0.3634107757	 4 0 1
         328.7294731	 4 0 2
         20.54249704	 4 0 3
         28712.91772	 4 0 4
    -1.140549228e-08	 4 1 0
     1.632432848e-07	 4 1 1
    -3.516414937e-07	 4 1 2
     2.181169172e-06	 4 1 3
        -291.0992109	 4 2 0
        -140.9921483	 4 2 1
        -13589.33151	 4 2 2
    -8.504591899e-07	 4 3 0
    -1.103048919e-05	 4 3 1
        -7254.610904	 4 4 0
    -4.456606277e-09	 5 0 0
     1.052049984e-07	 5 0 1
    -9.399889297e-08	 5 0 2
     1.474727499e-06	 5 0 3
        0.5692206646	 5 1 0
        -1.011651523	 5 1 1
         13.97676298	 5 1 2
    -4.134633124e-06	 5 2 0
      2.72003658e-05	 5 2 1
         46.19131747	 5 3 0
        -259.1024707	 6 0 0
        -77.88974077	 6 0 1
        -6488.531064	 6 0 2
     2.323038708e-06	 6 1 0
    -2.407825174e-05	 6 1 1
         5049.260956	 6 2 0
     1.485596307e-06	 7 0 0
    -2.171149267e-05	 7 0 1
        -120.5860889	 7 1 0
         27153.97618	 8 0 0
#8th order polynomial (118 terms) fit to By centered at <	0,	0,	0	>, rms residual = 6.757895418e-07
    -1.464563693e-06	 0 0 0
    -1.407734681e-06	 0 0 1
     4.100196682e-06	 0 0 2
    -2.789730868e-06	 0 0 3
     4.757424958e-05	 0 0 4
     2.089171093e-05	 0 0 5
     -0.000726568076	 0 0 6
     0.0001816691379	 0 0 7
      0.005128326214	 0 0 8
    -7.173538406e-07	 0 2 0
     3.744666296e-06	 0 2 1
    -1.370932173e-05	 0 2 2
     3.454315451e-05	 0 2 3
     -0.002145574357	 0 2 4
     0.0002833400183	 0 2 5
       0.01553077065	 0 2 6
    -0.0002760527037	 0 4 0
    -0.0004812754318	 0 4 1
      -0.01400816243	 0 4 2
      -0.04448445077	 0 4 3
        0.5887021821	 0 4 4
    -6.511932032e-10	 0 5 0
    -2.226761596e-10	 0 5 1
    -1.001403168e-08	 0 5 3
       0.04078926172	 0 6 0
        0.1251225753	 0 6 1
        0.6409753404	 0 6 2
     1.800641861e-07	 0 7 0
     7.165364343e-08	 0 7 1
         7.294541955	 0 8 0
          3.03915505	 1 1 0
     -0.004795040977	 1 1 1
         118.8669715	 1 1 2
      -0.09715922803	 1 1 3
        -220.2878977	 1 1 4
        -2.928917058	 1 1 5
        -10412.73212	 1 1 6
        -13.89561657	 1 3 0
        0.2151350943	 1 3 1
         287.5106331	 1 3 2
         5.289161463	 1 3 3
         22788.15325	 1 3 4
      5.80070893e-09	 1 4 1
     2.241889349e-09	 1 4 2
     1.029334382e-08	 1 4 3
        -56.22479353	 1 5 0
        -39.11596085	 1 5 1
         -7853.40863	 1 5 2
     1.733372097e-08	 1 6 0
    -2.065612074e-06	 1 6 1
        -2790.918414	 1 7 0
    -2.622311632e-06	 2 0 0
      4.04355549e-06	 2 0 1
    -0.0001697849373	 2 0 2
     0.0001273765885	 2 0 3
      0.003921381472	 2 0 4
      -0.01339404546	 2 0 5
       0.03727379229	 2 0 6
      5.41609833e-09	 2 1 5
      1.09750485e-05	 2 2 0
     -0.002513533773	 2 2 1
       0.02830761684	 2 2 2
     -0.009293743425	 2 2 3
         0.519412994	 2 2 4
    -3.111131444e-10	 2 3 1
    -7.668509396e-09	 2 3 2
    -1.554588631e-08	 2 3 3
        0.1170173436	 2 4 0
        0.5122978674	 2 4 1
        -7.706497709	 2 4 2
     3.736187745e-08	 2 5 0
     4.023249149e-07	 2 5 1
        -59.50112056	 2 6 0
     -5.25555279e-10	 3 0 5
        -26.20832096	 3 1 0
        0.7704373929	 3 1 1
         252.8803997	 3 1 2
        -6.111287928	 3 1 3
         23365.98757	 3 1 4
    -2.277784259e-09	 3 2 1
         251.2889484	 3 3 0
        -12.96907134	 3 3 1
        -11780.29237	 3 3 2
    -4.141884795e-08	 3 4 0
     1.766321089e-06	 3 4 1
        -6622.876806	 3 5 0
     -0.000518754796	 4 0 0
      0.001881801986	 4 0 1
      -0.02465983562	 4 0 2
        0.1192619733	 4 0 3
       -0.9684963893	 4 0 4
    -1.465432108e-12	 4 1 1
    -6.610337017e-08	 4 1 3
       -0.1235260994	 4 2 0
        0.3000040885	 4 2 1
        -4.781790285	 4 2 2
     2.662426901e-08	 4 3 0
     -1.66285159e-07	 4 3 1
         81.93801307	 4 4 0
    -3.349868208e-10	 5 0 1
    -8.942771789e-10	 5 0 2
     5.214370534e-09	 5 0 3
           -61.23555	 5 1 0
        -94.35804103	 5 1 1
        -4299.110143	 5 1 2
     9.651557606e-09	 5 2 0
    -1.014450342e-06	 5 2 1
         4851.920492	 5 3 0
        0.3012367615	 6 0 0
       -0.8577201852	 6 0 1
         9.508709171	 6 0 2
    -9.298203808e-09	 6 1 0
     6.813479013e-08	 6 1 1
        -21.18087388	 6 2 0
     3.113072179e-08	 7 0 0
      2.80828605e-07	 7 0 1
        -12932.01379	 7 1 0
        -49.53611816	 8 0 0
#8th order polynomial (128 terms) fit to Bz centered at <	0,	0,	0	>, rms residual = 1.038383596e-06
     6.715374303e-11	 0 0 8
     2.568868203e-08	 0 1 0
     2.280300282e-07	 0 1 1
    -2.165493161e-06	 0 1 2
    -1.854759568e-05	 0 1 3
      3.90439764e-05	 0 1 4
      0.001280618301	 0 1 5
     0.0006197547108	 0 1 6
      -0.02409466892	 0 1 7
    -1.506388132e-10	 0 2 6
    -1.384389996e-05	 0 3 0
    -9.798681477e-05	 0 3 1
       0.00114694877	 0 3 2
     -0.001392307517	 0 3 3
       -0.0163193884	 0 3 4
       0.01428053585	 0 3 5
    -1.848771958e-08	 0 4 3
    -9.803538393e-09	 0 4 4
       0.00629919544	 0 5 0
       0.07471207217	 0 5 1
       -0.1015827421	 0 5 2
        0.7959118183	 0 5 3
     2.099449525e-08	 0 6 0
    -4.207562047e-09	 0 6 1
      7.95239322e-08	 0 6 2
        -1.075355788	 0 7 0
         -18.5632725	 0 7 1
     -5.47258166e-06	 0 8 0
     -0.001153104468	 1 0 0
        -11.77336935	 1 0 1
      0.008902992551	 1 0 2
        -158.5753619	 1 0 3
        0.1157448507	 1 0 4
         173.4190802	 1 0 5
         2.124248269	 1 0 6
         6069.386258	 1 0 7
     1.953085783e-09	 1 1 6
     -0.001176869328	 1 2 0
         118.7048203	 1 2 1
       -0.4989064916	 1 2 2
        -470.7968943	 1 2 3
        -6.010071998	 1 2 4
        -29878.13553	 1 2 5
    -5.607663442e-10	 1 3 2
     1.472355777e-09	 1 3 3
    -2.005981879e-08	 1 3 4
          2.55900567	 1 4 0
         216.5478502	 1 4 1
         6.199077993	 1 4 2
         20073.02963	 1 4 3
    -2.966899465e-09	 1 5 0
     2.153573836e-09	 1 5 1
      2.51713836e-07	 1 5 2
        -259.0364508	 1 6 0
        -6615.777701	 1 6 1
     4.980629646e-07	 1 7 0
    -1.143668595e-09	 2 0 6
    -3.301862008e-05	 2 1 0
     0.0002831265086	 2 1 1
     0.0004331173894	 2 1 2
     -0.003503415079	 2 1 3
     -0.007558195765	 2 1 4
       0.09722543585	 2 1 5
     1.398874527e-09	 2 2 2
      2.48347729e-09	 2 2 3
     1.692157673e-08	 2 2 4
      0.003291708468	 2 3 0
      -0.07798466446	 2 3 1
      -0.02809923402	 2 3 2
        -1.424449813	 2 3 3
      -1.2718039e-08	 2 4 0
     1.378292187e-08	 2 4 1
    -4.318693319e-07	 2 4 2
        0.1410121654	 2 5 0
         17.89715491	 2 5 1
     4.826143744e-06	 2 6 0
     -0.003712761974	 3 0 0
         118.8757024	 3 0 1
      -0.01313563559	 3 0 2
        -476.1469134	 3 0 3
        -11.91643271	 3 0 4
        -29541.50314	 3 0 5
     9.604306529e-11	 3 1 2
     7.812966837e-10	 3 1 3
    -3.059719408e-08	 3 1 4
        -2.122944525	 3 2 0
          371.149525	 3 2 1
         57.93581826	 3 2 2
         41268.10107	 3 2 3
     6.594836629e-09	 3 3 0
    -2.203919995e-08	 3 3 1
    -1.980393741e-08	 3 3 2
        -408.5202977	 3 4 0
        -6805.160881	 3 4 1
    -1.634558571e-06	 3 5 0
     6.869586827e-10	 4 0 2
    -2.224918707e-09	 4 0 3
    -8.301511367e-09	 4 0 4
       0.01962829072	 4 1 0
       -0.1581856146	 4 1 1
      -0.03374461078	 4 1 2
        0.7984510469	 4 1 3
    -2.404007681e-08	 4 2 0
    -3.409063329e-08	 4 2 1
    -3.607175788e-08	 4 2 2
        -1.103051287	 4 3 0
         9.196081903	 4 3 1
    -7.719191289e-07	 4 4 0
         2.044747646	 5 0 0
         198.5913474	 5 0 1
        -25.45691562	 5 0 2
         19750.33125	 5 0 3
    -1.831779159e-09	 5 1 0
    -7.194201364e-09	 5 1 1
     2.534703291e-07	 5 1 2
         509.7328552	 5 2 0
        -8034.222428	 5 2 1
     9.908519413e-07	 5 3 0
     2.326514241e-08	 6 0 0
     4.148668781e-09	 6 0 1
    -1.501097239e-07	 6 0 2
        -3.068036718	 6 1 0
         23.67518903	 6 1 1
      6.31920634e-06	 6 2 0
        -393.3463721	 7 0 0
        -1916.757907	 7 0 1
    -3.880173456e-07	 7 1 0
     -5.78459792e-06	 8 0 0
