#Field Shape
#<B> = (2.14677 1.9095e-09 -1.69136e-17)
#<B^2> = (5.77003 0.00033427 0.0476941)
#sigmaBx/Bx0 = 0.502001
#<dBx/dx>/Bx0 = 0
#8th order polynomial (125 terms) fit to Bx centered at <	0,	0,	0.75	>, rms residual = 0.0362872
         2.868776984	 0 0 0
       -0.8430980904	 0 0 1
        -6.047239034	 0 0 2
        -16.60882605	 0 0 3
        0.1945055631	 0 0 4
           52.364211	 0 0 5
         32.33811777	 0 0 6
         -47.0797683	 0 0 7
        -38.01300092	 0 0 8
         2.065892339	 0 2 0
         6.390402838	 0 2 1
        -26.73951952	 0 2 2
        -56.92885189	 0 2 3
         65.28604619	 0 2 4
         85.77531296	 0 2 5
        -43.17121816	 0 2 6
         4.360578604	 0 4 0
        -3.487318322	 0 4 1
        -46.49100789	 0 4 2
         3.955596676	 0 4 3
         84.98327532	 0 4 4
     1.376337731e-09	 0 5 0
    -5.493055542e-09	 0 5 1
    -1.717833768e-09	 0 5 2
     4.498015039e-09	 0 5 3
        -13.84929049	 0 6 0
         27.36447746	 0 6 1
         36.35200692	 0 6 2
    -7.016710555e-08	 0 7 0
     2.642026147e-07	 0 7 1
        -45.16166401	 0 8 0
     8.760274017e-07	 1 1 0
     6.957150762e-07	 1 1 1
    -1.018948811e-05	 1 1 2
    -3.037181792e-06	 1 1 3
     3.388041968e-05	 1 1 4
     6.158264075e-07	 1 1 5
    -4.326639878e-05	 1 1 6
     0.0001823878671	 1 3 0
    -0.0001622697198	 1 3 1
     1.667446127e-05	 1 3 2
     0.0001938450336	 1 3 3
     0.0001232870547	 1 3 4
     7.939799556e-10	 1 4 0
    -3.450938187e-09	 1 4 1
    -1.660360749e-09	 1 4 2
      4.92603501e-09	 1 4 3
      -0.02366664104	 1 5 0
      0.006467197596	 1 5 1
      0.007129881691	 1 5 2
    -1.162645124e-08	 1 6 0
      3.16448119e-08	 1 6 1
        0.6127526818	 1 7 0
         5.955253729	 2 0 0
         18.64022429	 2 0 1
        -78.72790402	 2 0 2
        -165.1189865	 2 0 3
         190.0184066	 2 0 4
         248.4701675	 2 0 5
        -122.6805036	 2 0 6
         3.277059453	 2 2 0
       -0.2413290426	 2 2 1
        -197.4521166	 2 2 2
         17.77120234	 2 2 3
         395.7153733	 2 2 4
     -7.96385615e-09	 2 3 0
     3.191201303e-08	 2 3 1
     1.087592787e-08	 2 3 2
    -2.863512679e-08	 2 3 3
         251.8584078	 2 4 0
        -233.0951641	 2 4 1
        -295.3086193	 2 4 2
     3.031060675e-07	 2 5 0
    -1.133806892e-06	 2 5 1
        -2955.298128	 2 6 0
    -0.0002643520873	 3 1 0
     2.244731622e-05	 3 1 1
     0.0005057520553	 3 1 2
     0.0001761718214	 3 1 3
     0.0004364907457	 3 1 4
    -7.830077111e-09	 3 2 0
     3.169889538e-08	 3 2 1
     1.087002638e-08	 3 2 2
    -2.844395293e-08	 3 2 3
     -0.006619172892	 3 3 0
     -0.002439723876	 3 3 1
      -0.01577759836	 3 3 2
      2.01062592e-07	 3 4 0
    -7.772118207e-07	 3 4 1
        0.9051939557	 3 5 0
          13.6340543	 4 0 0
        -9.502108982	 4 0 1
        -191.7346192	 4 0 2
         15.90323361	 4 0 3
         360.5075718	 4 0 4
     8.406893661e-10	 4 1 0
    -3.552727052e-09	 4 1 1
    -1.688266298e-09	 4 1 2
     4.539632632e-09	 4 1 3
        -239.8797433	 4 2 0
         186.9015118	 4 2 1
         284.6798371	 4 2 2
     2.056429434e-07	 4 3 0
    -7.693449224e-07	 4 3 1
         6333.231169	 4 4 0
     1.365933383e-09	 5 0 0
    -5.392003738e-09	 5 0 1
    -1.711513694e-09	 5 0 2
     4.436565403e-09	 5 0 3
       0.01999134058	 5 1 0
     -0.003155499789	 5 1 1
      -0.03122274533	 5 1 2
     2.989135071e-07	 5 2 0
    -1.120779578e-06	 5 2 1
       -0.3003750566	 5 3 0
         5.417633069	 6 0 0
        -2.059875506	 6 0 1
         13.63100383	 6 0 2
    -1.243052866e-08	 6 1 0
     4.879832751e-08	 6 1 1
        -2230.686621	 6 2 0
    -6.992692859e-08	 7 0 0
     2.582370256e-07	 7 0 1
       -0.2396457043	 7 1 0
         230.5313771	 8 0 0
#8th order polynomial (97 terms) fit to By centered at <	0,	0,	0.75	>, rms residual = 0.01178588081
     3.313731696e-09	 0 0 1
    -1.941096225e-08	 0 0 2
    -2.072513231e-08	 0 0 3
     3.625749717e-07	 0 0 4
     -3.98383951e-09	 0 0 5
    -1.179838273e-06	 0 0 6
     7.192432414e-08	 0 0 7
     1.157355305e-06	 0 0 8
     5.776299126e-07	 0 2 0
    -2.600066193e-06	 0 2 1
    -1.043467361e-05	 0 2 2
     6.000206247e-06	 0 2 3
     1.952259308e-05	 0 2 4
    -7.925509486e-06	 0 2 5
    -2.148349658e-05	 0 2 6
    -4.254819827e-05	 0 4 0
     0.0002359412811	 0 4 1
     0.0008913644453	 0 4 2
    -9.576336899e-05	 0 4 3
    -1.978280216e-05	 0 4 4
     -0.001583985335	 0 6 0
     -0.008177634265	 0 6 1
      -0.04010913544	 0 6 2
      4.41714404e-09	 0 7 1
        0.2706539004	 0 8 0
          4.11853942	 1 1 0
         12.55959743	 1 1 1
        -53.10362715	 1 1 2
        -112.0303468	 1 1 3
         128.6916732	 1 1 4
         168.6903056	 1 1 5
        -83.97660258	 1 1 6
         17.16304765	 1 3 0
         -13.2642916	 1 3 1
        -177.3842495	 1 3 2
         14.60817116	 1 3 3
         323.0427182	 1 3 4
        -101.1151359	 1 5 0
          120.672059	 1 5 1
         171.4752058	 1 5 2
     3.624787861e-10	 1 6 0
         679.3762599	 1 7 0
     1.158208377e-06	 2 0 0
    -2.088234284e-07	 2 0 1
    -5.968975871e-06	 2 0 2
     3.628190403e-06	 2 0 3
     2.286169863e-05	 2 0 4
    -6.306249316e-06	 2 0 5
    -2.971060704e-05	 2 0 6
     2.235580829e-05	 2 2 0
      2.93776271e-05	 2 2 1
     0.0005119255663	 2 2 2
     0.0001796767656	 2 2 3
    -0.0001696984929	 2 2 4
      -0.01419895489	 2 4 0
     -0.004417335612	 2 4 1
       -0.0142570083	 2 4 2
    -1.242071899e-09	 2 5 0
     3.080452612e-11	 2 5 1
        0.3818637479	 2 6 0
         2.436294161	 3 1 0
       -0.1347032912	 3 1 1
        -134.2219876	 3 1 2
         12.03796154	 3 1 3
         269.1649581	 3 1 4
         323.0554311	 3 3 0
        -265.9209764	 3 3 1
        -333.6406562	 3 3 2
    -7.479088771e-10	 3 4 0
        -5630.713291	 3 5 0
     -0.000186941369	 4 0 0
    -7.583332568e-05	 4 0 1
    -6.231103883e-05	 4 0 2
     7.165464649e-06	 4 0 3
      0.000196073226	 4 0 4
     0.0004764367544	 4 2 0
     -0.001252802512	 4 2 1
     -0.009526513397	 4 2 2
     1.789352422e-09	 4 3 0
    -6.616114652e-11	 4 3 1
        0.6005611206	 4 4 0
    -1.408937649e-11	 5 0 1
        -101.3622483	 5 1 0
         53.98410204	 5 1 1
         88.01898173	 5 1 2
     3.662355812e-11	 5 2 0
     -3.27122166e-10	 5 2 1
         4748.007991	 5 3 0
       0.01474962127	 6 0 0
      0.003126236315	 6 0 1
      0.002158719291	 6 0 2
    -7.745316014e-10	 6 1 0
       -0.2191105528	 6 2 0
     1.396028626e-10	 7 0 0
     1.005833345e-09	 7 0 1
        -207.0079201	 7 1 0
       -0.4159132081	 8 0 0
#8th order polynomial (111 terms) fit to Bz centered at <	0,	0,	0.75	>, rms residual = 0.04161793093
    -4.441574046e-08	 0 1 0
      -4.4476476e-07	 0 1 1
    -3.821692132e-07	 0 1 2
     1.507233081e-06	 0 1 3
     1.789933716e-06	 0 1 4
    -8.171028735e-07	 0 1 5
    -1.405426693e-06	 0 1 6
    -3.949725872e-07	 0 1 7
     1.563941187e-05	 0 3 0
     3.833046321e-05	 0 3 1
    -4.338507522e-05	 0 3 2
    -0.0001187113816	 0 3 3
    -3.603481293e-06	 0 3 4
     4.911581299e-05	 0 3 5
    -1.751894541e-10	 0 4 0
     -0.001431964668	 0 5 0
     -0.001898120323	 0 5 1
       0.00263762928	 0 5 2
      0.003224680144	 0 5 3
     3.558726294e-08	 0 6 0
    -1.161943037e-09	 0 6 1
      9.84631833e-09	 0 6 2
       0.03467740793	 0 7 0
       0.04352996193	 0 7 1
    -1.922820545e-06	 0 8 0
        -1.045099942	 1 0 0
        -14.11109741	 1 0 1
        -38.82281318	 1 0 2
         40.82987629	 1 0 3
           185.76939	 1 0 4
         8.772673728	 1 0 5
        -208.8953496	 1 0 6
        -70.46952188	 1 0 7
         1.828206501	 1 2 0
        -65.02876779	 1 2 1
        -59.52839689	 1 2 2
         370.9130342	 1 2 3
         138.8484209	 1 2 4
        -455.6175967	 1 2 5
        -4.481285368	 1 4 0
        -35.36354653	 1 4 1
         21.71508711	 1 4 2
         108.0251222	 1 4 3
      5.47525101e-10	 1 5 0
     9.704984426e-11	 1 5 1
    -1.451317361e-09	 1 5 2
         15.96150921	 1 6 0
         25.03964026	 1 6 1
     1.561174162e-08	 1 7 0
    -1.316218493e-05	 2 1 0
     1.423059951e-05	 2 1 1
     1.987253618e-05	 2 1 2
    -0.0001093452439	 2 1 3
    -2.750599633e-05	 2 1 4
     0.0001142639918	 2 1 5
      0.001388035603	 2 3 0
    -0.0004092739129	 2 3 1
     -2.69459167e-05	 2 3 2
      0.004634800749	 2 3 3
    -8.274185604e-09	 2 4 0
     3.439247772e-10	 2 4 1
     3.272408853e-09	 2 4 2
      -0.01246173205	 2 5 0
      0.003417738148	 2 5 1
     3.692863539e-07	 2 6 0
         1.856672631	 3 0 0
        -63.95805761	 3 0 1
        -59.02609326	 3 0 2
         363.9575937	 3 0 3
         137.6643184	 3 0 4
        -445.6801047	 3 0 5
        -1.417685237	 3 2 0
         -34.3350544	 3 2 1
         29.85701882	 3 2 2
         135.2788325	 3 2 3
      -2.4453593e-09	 3 3 0
    -3.010888391e-10	 3 3 1
     5.723034735e-09	 3 3 2
        -65.84086858	 3 4 0
        -114.8343799	 3 4 1
    -9.356558949e-08	 3 5 0
     6.846396274e-13	 4 0 0
     0.0009870395667	 4 1 0
      0.001284572237	 4 1 1
    -0.0009491481698	 4 1 2
     -0.002443928704	 4 1 3
     1.043055156e-08	 4 2 0
    -3.990947145e-10	 4 2 1
     7.008481188e-10	 4 2 2
        -0.102728574	 4 3 0
       -0.1344164161	 4 3 1
    -1.255799797e-07	 4 4 0
        -2.640052712	 5 0 0
        -25.84508052	 5 0 1
         17.74027705	 5 0 2
         85.71613924	 5 0 3
     2.541188269e-09	 5 1 0
     1.321962236e-10	 5 1 1
     -1.14471674e-09	 5 1 2
         23.35640338	 5 2 0
         29.74109567	 5 2 1
     1.326982774e-07	 5 3 0
    -1.807020318e-09	 6 0 0
    -2.012019163e-10	 6 0 2
       0.01253091987	 6 1 0
       0.03846998688	 6 1 1
      -4.9063784e-07	 6 2 0
        -3.914230092	 7 0 0
        -7.641413136	 7 0 1
    -1.736667538e-07	 7 1 0
     1.174588996e-07	 8 0 0
